# intensity: 0.978459688813082
# background: 1.88661359010275e-08
#           Q (1/A)             dQ (1/A)                    R                   dR               theory              fresnel
  0.0105422083288431 9.26017716694294e-05    0.947038219250378  0.00874612473448181    0.978459707679218    0.978459707679218
  0.0109720593318343 9.56316662455453e-05    0.942354168621822  0.00870015096257847    0.978459707679218    0.978459707679218
  0.0114165619015694 9.87749341458298e-05    0.946147815501342  0.00872741042374874    0.978459707679218    0.978459707679218
  0.0118434829637408 0.000101802681825692     0.94113785878033  0.00869056615801293    0.978459707679218    0.978459707679218
  0.0122879669070244 0.000104963352583564    0.950002422670989  0.00876709131881987    0.976879024756463    0.938534851238662
  0.0127207692712545 0.000108048445380633    0.948261858536957  0.00873480166214589    0.961401787074886    0.580804531029728
  0.0131652429699898 0.000111223778253412    0.922049570416205  0.00854949561999018    0.938160685967249    0.314335207706892
  0.0136009994894266 0.000114343183406141    0.914354083329627  0.00849324673824857    0.916083810029316    0.205625188468425
   0.014045431278646 0.000117530648781522    0.903133516284981  0.00840696366798832    0.890879754892947    0.148965122109832
  0.0144841149449348 0.000120682327839588    0.874346399966104   0.0082245978922931    0.860842821563602     0.11406028250292
  0.0149285960942507 0.000123880747712862    0.838453592857205  0.00794407795677243    0.823112144327368    0.089982739657699
  0.0153584899380803 0.000126978714203936    0.812734662792899  0.00777372162116445    0.777554674630205   0.0732017398327789
  0.0158058758825064 0.000130207089030339     0.74130477484216  0.00722426888008932    0.718604244863805   0.0601512313575912
  0.0162357520312071 0.000133312999205581     0.67045621613384  0.00671327826880056    0.649304511648706   0.0505097799630701
  0.0166802443563938 0.000136528270739724    0.591525446996473  0.00612721112464954    0.564266408090577   0.0426746387158978
  0.0171130411326885 0.000139662318733363    0.475386311041537  0.00523255764363016    0.470441450914074    0.036572334434661
   0.017560450360179 0.000142905475587019    0.372946012202883  0.00443816910617917    0.367481498947779   0.0314557650488162
  0.0179932322353125 0.000146045583051335    0.267906748090492  0.00358082214890883    0.270620250148715   0.0273893602929635
  0.0184377077966929 0.000149209254178506    0.171668765252974  0.00270715959558421    0.183823259550736   0.0239193757023897
  0.0188646260648966 0.000151801556972429     0.11058454572889  0.00211337857362894    0.120230126232771   0.0211204821939061
  0.0193120259791613 0.000154533594037251   0.0720097300352674  0.00167285249287101   0.0777656334177705   0.0186387334384672
  0.0197477731853724 0.000157208795985361    0.061388383689342  0.00153405059584355   0.0585128039594184   0.0165804633686047
  0.0201951861381531  0.00015996959148726   0.0618670039554854  0.00153913410418245   0.0563500609311613    0.014769372365636
  0.0206309147179127 0.000162671192538097   0.0710467625468238  0.00164739127783172   0.0652825745978564   0.0132480742682754
  0.0210695490241051  0.00016540306052953   0.0881360856284563  0.00185667107189336   0.0799282801895931   0.0119184647152777
  0.0214994288980961 0.000168091752173905    0.105712900714044  0.00207021457418792   0.0958528164247511   0.0107805204535756
  0.0219438672065735 0.000191024916855853    0.114271598341552  0.00119455010819887     0.11091250266247  0.00976054412142896
   0.022826986387372 0.000198723759050931    0.133882521254535  0.00130159723754277    0.132407838166174  0.00807060514147091
  0.0236926041543484 0.000206280972437685    0.142154104482979  0.00134188022251288    0.139635850838501  0.00675832812680093
  0.0245756395161152 0.000213943333204586    0.135284269773611  0.00128523629718637    0.133560776302582  0.00569110374982114
  0.0254470705986023 0.000221703758271679    0.118046843737756  0.00116276930699132    0.117311862971568  0.00484187593379644
  0.0263243243098259 0.000229126501304735   0.0922130510145352 0.000983205476991476   0.0946280989469461  0.00414505359818321
  0.0272073857486248 0.000236824829377245    0.069141724126706 0.000817271621782076   0.0696554438612579  0.00356840144773743
  0.0280759036540985 0.000244636988825078   0.0446861819689107 0.000624230371706679   0.0468120105829521  0.00309797996464471
  0.0289560649544001 0.000251971954910976   0.0253876976220391 0.000451518179591262   0.0282334825585578  0.00269928670854686
  0.0298362318426371 0.000259631686068077   0.0136551252278589 0.000322009292374698   0.0156713542932736  0.00236382439685749
  0.0307105109095573 0.000267484313766815  0.00751250936378801 0.000234027142282274  0.00908702144845729  0.00208154979230566
  0.0315906777977943 0.000274945517941933  0.00719943567005599 0.000226433356378762  0.00719655038710719  0.00183936772804459
  0.0324679352343082 0.000282819204045126  0.00758370521811663 0.000205151662514663  0.00830375147531646  0.00163256491650252
  0.0333451293408871 0.000290530053358959   0.0107466877482524 0.000243584764137924   0.0106627315542461  0.00145445471288474
  0.0342194251716137 0.000297859367903768   0.0137013402991662 0.000273661219649434   0.0128916409103015  0.00130079293285629
  0.0350995548069477 0.000305680888721688   0.0158814080025576 0.000293586039348406   0.0141495350248752    0.001166324524035
  0.0359680019319057 0.000313131412610365   0.0157730181201977  0.00028905394112798   0.0140732274022424  0.00105046065742656
   0.036848146468401 0.000320898964609113   0.0146090652247543 0.000276269208454799   0.0127227260288295 0.000947523028244246
  0.0377136319875717 0.000328581073906534  0.00979029471755316 0.000201360302714875    0.010478583162385  0.00085844883313598
  0.0385996252298355 0.000336064958535839  0.00757553208024251 0.000174638043004409  0.00771988734487324 0.000777966020840803
  0.0394767932593822 0.000343721171088787  0.00540158150313791 0.000145457947915826  0.00501914585934871 0.000707442207236312
  0.0403481386601925 0.000351336175408717  0.00283433745361905  0.00010373226200909   0.0027587096828945 0.000645209321686044
  0.0412253364920616 0.000358902151028724  0.00128704629684119 6.93355014269003e-05  0.00115267325104268 0.000589388099499385
  0.0421054288744927 0.000366759464370773  0.00040544865594708 3.90646700294597e-05 0.000292137498436851 0.000539367778258866
  0.0429767481982708 0.000374265823618197 0.000256411905247594 3.12555708927451e-05 0.000109177389165952 0.000495014331843004
  0.0438642874360085 0.000381937821992783 0.000504528185814026 2.09669257414046e-05 0.000425222101422791 0.000454460658391686
  0.0447332412004471 0.000389656090610967  0.00103260361610264 3.42615759746028e-05 0.000999384333087381 0.000418729803308041
  0.0456104166805744 0.000396996319571379   0.0016307718067498 4.27651936811048e-05  0.00162344683379828 0.000386184795974109
  0.0464897826313972 0.000404775785562643  0.00223448935078351  4.9621352271978e-05   0.0021151204111334 0.000356692909941564
  0.0473691187798977 0.000412555145529936  0.00243660675347302 5.14398884092591e-05  0.00236317281879237 0.000329982907062187
  0.0482462495565414 0.000420030094266406  0.00237729900579418 5.04832849746871e-05  0.00233392173703756 0.000305800502664457
  0.0491189770400524 0.000427816833237014    0.001769724710851 4.08655526862124e-05  0.00206228693418112 0.000283914802087891
  0.0499983131885529 0.000435469701608782  0.00140454900114673 3.59829926883125e-05  0.00162387267096632  0.00026382075226811
  0.0508732311427593 0.000443001028970592 0.000986610567679581 2.97792191801564e-05  0.00112664502765313 0.000245570758781513
  0.0517459735274315 0.000450760671609349 0.000588773480997378 2.28880204347431e-05 0.000672040728958133 0.000228922476819749
  0.0526274517178535  0.00045807665981244 0.000288771996986586 1.60474842404083e-05 0.000337895899861404 0.000213523740257372
  0.0535089559853077 0.000465870805770564 0.000159870926504618 1.20131039092111e-05 0.000179079136271794  0.00019940340957653
  0.0543794669210911 0.000473601055160108  0.00020266867272996 1.32813695579776e-05 0.000205508292934496 0.000186593190957322
   0.055258747190237 0.000481131201869689 0.000424026959550512 1.77925853716899e-05 0.000392117036439197 0.000174687490778552
  0.0561380349099636 0.000488909562985035 0.000732091805536619 2.32874376214759e-05 0.000687417437670667 0.000163720297734673
  0.0570129118859768 0.000496422168328545   0.0010931797481838  2.8411553650038e-05  0.00102355720378611 0.000153653647976013
  0.0578943639993668 0.000503981286620987  0.00135869284659102 3.15531692966417e-05  0.00133786754680226 0.000144285873246702
  0.0587779954075813 0.000511929998997927  0.00166414252508605  3.4881433407966e-05  0.00157194352882164  0.00013560340050378
  0.0596550591289997  0.00051944423633691  0.00175379568565181  3.5659950691851e-05  0.00168753204022247 0.000127624051237586
  0.0605233274400234 0.000527018239980929  0.00183396767123933 3.63519019572081e-05  0.00167405516808142 0.000120297816605888
     0.0614003688097 0.000534780354995215  0.00154713803562099 3.14277082230204e-05  0.00154055558098786  0.00011342628161539
   0.062277402728796 0.000542091412725664  0.00125724967858225 2.80355469096779e-05  0.00131436042116266 0.000107040254931169
   0.063158817589283  0.00054999246479794 0.000997726401314707  2.4721306288123e-05  0.00103319732583151 0.000101070742707523
  0.0640402138233185  0.00055767688717241 0.000751487265896993 2.12510654869015e-05 0.000741762901626273 9.55131129723989e-05
  0.0649194270372391 0.000565138392464289 0.000456864705209044 1.63491518830624e-05 0.000480494009298527 9.03458658818453e-05
  0.0657898336648941 0.000573042700514805 0.000291007173557588 1.29833220915659e-05  0.00028021815219017 8.55715906132256e-05
  0.0666624680161476  0.00058055676323067 0.000144507733083991 8.66666510380245e-06 0.000153728181695265 8.10989198153424e-05
  0.0675394311547279 0.000588083312930543 0.000101833999430655 7.27416313944906e-06 0.000103491970371252  7.6895747180284e-05
  0.0684208050370217 0.000595875401853738 0.000109339770129026 7.48277474341955e-06 0.000119827929802229 7.29431412901479e-05
  0.0692999586462975 0.000603390235595893 0.000197505751566912 9.95677536607525e-06 0.000182789318262866 6.92509897431055e-05
  0.0701782405376434 0.000610970989148389 0.000293699709126666 1.08161559238738e-05 0.000267675321252446 6.57934974697107e-05
  0.0710429102182388 0.000618644928252258 0.000314817659725223  2.4668309078921e-05 0.000349026414384347 6.25987429408834e-05
  0.0719198510050774 0.000626170959677605 0.000445851817203578 2.92221192186519e-05 0.000409641264533244 5.95550709721645e-05
  0.0727967917919159 0.000633931375764587 0.000438033735692377 2.76863266144777e-05 0.000435567748873227 5.66947086812845e-05
  0.0736737176775932 0.000641457069474327  0.00047157808585938 2.85582267291665e-05 0.000422470527041984 5.40047346443407e-05
  0.0745681747794151 0.000649232766318501 0.000397474395668184 2.61559011223326e-05 0.000372878404716412 5.14237350087648e-05
  0.0754450783133507 0.000656992649376847 0.000305831181595133  2.2850965220598e-05 0.000299006744283846 4.90415838065734e-05
  0.0763219818472862 0.000664518016020624 0.000205801557645289 1.86916980607079e-05 0.000213943682937752 4.67961938413077e-05
  0.0771813243627548 0.000672153768129233 0.000154409644850908 1.61831923369152e-05 0.000133763551915744 4.47195289596519e-05
  0.0780582129955292 0.000679913318352049 9.04659065901447e-05 1.19018995649804e-05 6.75224711287737e-05 4.27184332347888e-05
  0.0789350792765617 0.000687221685847663 3.97715357237387e-05 8.17245397986894e-06 2.54224866488593e-05  4.0828312830082e-05
  0.0798207074403763 0.000695042709469325 1.74146402792219e-05 5.76325998534662e-06 1.08078501099925e-05 3.90245785704668e-05
  0.0806975588202477 0.000702567289054565 3.44626483228305e-05 7.57283374656378e-06 2.20475441894722e-05 3.73359346391233e-05
  0.0815744027495384 0.000710091707532509 6.14549502391355e-05 9.78768321740443e-06 5.26615492255287e-05 3.57380124285498e-05
  0.0824512392282486 0.000717958524291722 0.000117464292884958 1.32082639891367e-05 9.36149296242988e-05 3.42249079292654e-05
  0.0833280608057976 0.000725608756498315  0.00016395570232214 1.54443585583384e-05 0.000135071215915819 3.27912624005839e-05
  0.0842048674821853 0.000733132690026783 0.000180453557118768 1.55812237818113e-05 0.000168213815726883 3.14321002489143e-05
    0.08507289737463  0.00074082897842469 0.000185650721619041 1.56961887211175e-05 0.000186621356901935 3.01554440154078e-05
  0.0859496966004372 0.000748244351944654 0.000192869110843379 1.59773393423753e-05 0.000187811307529435 2.89312049520386e-05
  0.0868264585733414 0.000756002097739825 0.000191908054454346 1.58592796765601e-05  0.00017225500929634 2.77686821431322e-05
  0.0877032354474068 0.000763759744406773 0.000149062705197457 1.39929857239275e-05 0.000143877857369768 2.66640981528292e-05
  0.0885799899697304 0.000771174614259751 0.000119160176616683 1.24885544521643e-05 0.000108808048120222 2.56140564225558e-05
  0.0894567370414734 0.000779040073475705 9.09775615286178e-05 1.04647523223046e-05 7.40848958271832e-05 2.46153795339022e-05
  0.0903422459959984  0.00078653452335277 7.04351275968331e-05 9.23991341016138e-06  4.6076142195799e-05 2.36557301907807e-05
  0.0912189707159996 0.000794165225219649 3.82946927841156e-05 6.91568752076741e-06 3.03737674615896e-05 2.27513443565609e-05
  0.0920956805348396 0.000801921955857266 2.78505261134124e-05 5.93855248593272e-06 2.92427861597314e-05 2.18899121548133e-05
  0.0929723829030991 0.000809335964945284 5.21022136985373e-05 7.84844661828113e-06 4.25443930392186e-05 2.10689747672794e-05
  0.0938490852713585 0.000817092341801329 7.60938812604537e-05 9.35472443832366e-06 6.76333310625926e-05 2.02862755098562e-05
  0.0947257727384568 0.000824956755440019 7.87563110564165e-05 9.45780481611336e-06 9.99356750549839e-05 1.95396947903664e-05
  0.0956024304032326 0.000832370122225134 0.000132080257069999   1.171600593266e-05  0.00013386054905995 1.88272357062788e-05
  0.0964703261852264 0.000840064031323786 0.000156083551060735 1.26587991173331e-05 0.000163530089559614 1.81537041341715e-05
  0.0973469614982605 0.000847477074380011 0.000192056255180765 1.39778712258177e-05 0.000184877236121885 1.75037728441547e-05
  0.0982236117124558 0.000855124323642849 0.000198513154188767 1.41489329512934e-05 0.000194469064583049 1.68827347967747e-05
  0.0991002172231674 0.000862987699147389 0.000179966265750087 1.34128870487093e-05 0.000191201154980426 1.62891038810072e-05
  0.0999768376350403 0.000870400156478637  0.00016346071748318 1.27532466832207e-05 0.000176007029043274 1.57213901680679e-05
   0.100853428244591  0.00087815495752589  0.00015368719281497 1.19493380567617e-05 0.000151524752358551 1.51782902498855e-05
   0.101738780736923 0.000885863233723654 0.000131353433577323 1.10348722428501e-05 0.000121254612815406 1.46534174531484e-05
   0.102615356445312 0.000893275220422789 8.17252243948509e-05 8.70950368052169e-06 9.00912355855031e-05 1.41559531963745e-05
    0.10349190980196 0.000901029341146389 7.95417140126893e-05 8.56708399888852e-06 6.17523047437428e-05 1.36795052478154e-05
   0.104368470609188 0.000908765396030782 3.80010495833143e-05 5.97442753247328e-06 3.93617959809744e-05 1.32229812929625e-05
   0.105245001614094 0.000916302845745748 3.34080622262107e-05 5.60645377152658e-06 2.47660286172744e-05 1.27854079872175e-05
   0.106121525168419  0.00092405637597025 2.77124818368399e-05  5.1224138761382e-06 1.83825298229964e-05 1.23658444132065e-05
    0.10698926448822 0.000931297316063017 1.33739965544734e-05 3.55440003922034e-06 1.92420820138548e-05 1.19673368142508e-05
   0.107874527573586 0.000939094247716413 2.28008212755051e-05 4.49699571935825e-06 2.55045780579646e-05 1.15772587872726e-05
   0.108742244541645 0.000946785311014563 2.08609809428127e-05 4.31517736269315e-06 3.44002138540795e-05 1.12102700694012e-05
   0.109618715941906 0.000954195621819516  2.6071156980143e-05 4.76781272119242e-06 4.35214865576457e-05 1.08542461402972e-05
   0.110495172441006 0.000961948029016448 3.43214691508308e-05 5.40214617521587e-06 5.05092879561483e-05 1.05122999109885e-05
   0.111371606588364 0.000969700260590969 3.79650140371209e-05 5.66504401472248e-06 5.37929239416807e-05 1.01837643084967e-05
   0.112256810069084 0.000977171752561482 2.58000497470681e-05 4.74720521127102e-06 5.26745100668147e-05 9.86489711913397e-06
   0.113141991198063 0.000985093529094203 3.23477694659857e-05 5.25225740810336e-06 4.73533648324951e-05  9.5584588963501e-06
   0.114018388092518 0.000992628805360403 2.05137797660455e-05 4.12821785633081e-06 3.89756252575776e-05 9.26672457974224e-06
   0.114894777536392  0.00100014591858546 2.86433738757027e-05 4.75074785201616e-06 2.90202575784376e-05 8.98607487799925e-06
   0.115771144628525  0.00100789699219947 1.51329680179255e-05 3.60461942426952e-06 1.91688452888756e-05 8.71601468518893e-06
   0.116647519171238  0.00101541369914175 7.98850465172275e-06 2.81873537415311e-06 1.09417186841779e-05 8.45604901222562e-06
   0.117523863911629  0.00102305626770995 9.23432034293212e-06 2.96524560148011e-06 5.43821900770832e-06 8.20574374319782e-06
   0.118382669985294  0.00103068298194799 5.64181082697015e-06 2.51295218534107e-06 3.18579659911788e-06 7.96940399028646e-06
   0.119258977472782  0.00103819891712789 1.02703703725521e-05 3.08210516928832e-06 3.98287682784245e-06 7.73698594824778e-06
    0.12013528496027  0.00104594888367646 1.27652537336384e-05 3.34753194662427e-06 7.25211923821565e-06 7.51300987080593e-06
   0.121011562645435  0.00105346433856415 1.46099499888479e-05 3.53645805989152e-06 1.19531230408176e-05 7.29711102865105e-06
   0.121887840330601  0.00106110561179863 2.55395619199694e-05 4.44208821147479e-06 1.68914885099301e-05 7.08893994973628e-06
   0.122764103114605  0.00106885484523493 2.01072248285973e-05 4.03195498326807e-06 2.09501710643681e-05 6.88817213995999e-06
   0.123640343546867   0.0010761534389457  2.9906127845852e-05 4.46235459753822e-06 2.32969467933619e-05 6.69448692917668e-06
   0.124516569077969   0.0010840101714109 2.21695892734605e-05  3.8828736180684e-06 2.35148543708356e-05 6.50759530701565e-06
   0.125392779707909   0.0010916505851846 2.61679968313305e-05 4.14184396565624e-06  2.1661573254571e-05 6.32720605264934e-06
   0.126268982887268  0.00109905656516266 2.15493856124721e-05 3.78008244099132e-06  1.8221896742427e-05 6.15304766386848e-06
   0.127145171165466   0.0011069125630896 1.45802751789359e-05 3.17066201406761e-06 1.39937806982196e-05   5.984870419888e-06
   0.128021329641342  0.00111453413468838 8.89877707366889e-06   2.580895396889e-06 9.92352126022577e-06 5.82242644022401e-06
   0.128897488117218   0.0011219573782649 1.24276053926695e-05 2.93039538925548e-06 6.91788547671807e-06  5.6654775228386e-06
   0.129773616790771  0.00112981260211824 1.35845397919506e-05 3.02111942469229e-06 5.68046406429117e-06 5.51381048894568e-06
   0.130649745464325  0.00113732539427272 2.14097075743643e-05 3.65894558995767e-06 6.58205990941191e-06  5.3672048702325e-06
   0.131525844335556  0.00114496392936325 1.19872705511626e-05 2.84125616897436e-06 9.60956315734724e-06  5.2254663312001e-06
   0.132401943206787  0.00115269233027195 1.57086392555461e-05 3.16244582280388e-06 1.43730295031116e-05 5.08839742082988e-06
   0.133277997374535   0.0011601142303092 2.23035168900952e-05 3.68805291945022e-06 2.01838248958327e-05 4.95581691396469e-06
   0.134162828326225  0.00116779588434973 2.82642093331064e-05   3.944075672574e-06 2.62394987181654e-05 4.82628860209151e-06
    0.13503885269165  0.00117543342882649 3.61908087897952e-05 4.41490838670224e-06 3.15266890469335e-05 4.70220631382994e-06
   0.135914877057076  0.00118307063138039 3.39751142655316e-05 4.27265029429077e-06 3.53391504474774e-05 4.58211357144756e-06
   0.136790886521339  0.00119079769329416 3.88019431898143e-05 4.53930860248971e-06 3.71615653402143e-05 4.46584402508125e-06
   0.137675642967224  0.00119838810238381 4.49942477706998e-05  4.8554040919641e-06 3.67683811795877e-05 4.35214965044179e-06
   0.138542860746384  0.00120594483151482  3.4317057565356e-05  4.2610702207491e-06  3.4322282267208e-05 4.24421667157757e-06
   0.139418810606003  0.00121379709612724 3.20623470780154e-05 4.11408921324427e-06 3.01905353089231e-05 4.13859134309052e-06
   0.140294745564461  0.00122121689534303 2.40956413752926e-05 3.60431937217315e-06 2.50108137405383e-05 4.03624879645147e-06
   0.141170665621758  0.00122872643658211 2.05681349982049e-05 3.33313330468981e-06 1.95030337896487e-05 3.93706896204106e-06
   0.142046570777893  0.00123646980625395 2.43305668289314e-05 3.57774695819366e-06 1.43692040606568e-05 3.84093589479151e-06
   0.142922461032867  0.00124397878941547   1.466371381439e-05  2.8358460912274e-06 1.01842315413358e-05 3.74773543395263e-06
   0.143798321485519  0.00125172154158749 1.31908167948114e-05 2.69365998693478e-06 7.32046187321706e-06 3.65736498818412e-06
   0.144674181938171  0.00125946404891257 8.90407491265385e-06 2.14355620027897e-06 5.90609580755301e-06 3.56971754194651e-06
   0.145541250705719  0.00126680244004521 7.17810276266604e-06 1.95233746891043e-06 5.82525922665489e-06 3.48553460247406e-06
   0.146417081356049  0.00127454440541542  9.3453364395899e-06 2.17274361012481e-06 6.77334616660268e-06 3.40302246019319e-06
   0.147292882204056  0.00128205204747274 5.46833893453264e-06 1.74094618557192e-06 8.32291571968021e-06 3.32295422849656e-06
   0.148168653249741  0.00128979333054881 1.14290920613481e-05 2.35543460989227e-06 9.99759636096313e-06 3.24524488651715e-06
   0.149044424295425  0.00129753440829828 8.41308484396252e-06 2.06048536755495e-06 1.13613498830728e-05 3.16980849203635e-06
   0.149920165538788  0.00130482507259771 5.86690797340402e-06 1.76638744674924e-06 1.20883640549602e-05 3.09656621177866e-06
   0.150795891880989  0.00131256552394302 7.12821700756676e-06 1.89726029665041e-06 1.20041995332958e-05 3.02544420016688e-06
   0.151671603322029  0.00132007164039063 1.08530084614666e-05 2.26179490414899e-06 1.11032266328777e-05 2.95636637448141e-06
   0.152547284960747  0.00132770345439524  8.7591091246736e-06 2.04685915242501e-06 9.52914158465277e-06 2.88926500940506e-06
   0.153427362442017   0.0013355819701663 6.87048256466045e-06 1.31011554205939e-06 7.52587002321628e-06 2.82374826033512e-06
    0.15429861843586  0.00134294817369663 5.22614165053485e-06 1.16716091069219e-06 5.43408263795013e-06 2.76071868428363e-06
   0.155174240469933  0.00135063308329191  2.3751360539347e-06 8.78794819060013e-07 3.52544099138483e-06 2.69914929099217e-06
   0.156054243445396  0.00135845665828922  9.5782831329695e-07 6.92928331939428e-07 2.04920472280142e-06  2.6390051244932e-06
   0.156929820775986  0.00136574490313905 3.41918071339033e-06 9.93850443838104e-07 1.16758762247184e-06 2.58082730027411e-06
   0.157805413007736  0.00137348279870563 1.19602116476094e-06 7.37843695083743e-07  9.0593845319905e-07 2.52425696427327e-06
   0.158685341477394  0.00138117928248457 2.28786008325158e-06 8.73821268547318e-07 1.18956181288705e-06  2.4689712238663e-06
   0.159556493163109  0.00138855303680872 4.17078775503474e-06 1.07008357217172e-06 1.84852636592273e-06 2.41573111590901e-06
   0.160432040691376  0.00139646093895767 4.64009173656934e-06 1.11770573859727e-06 2.68008262922608e-06 2.36367397943405e-06
   0.161307498812676  0.00140401762602356 3.51406938375989e-06 1.01892279085377e-06 3.46571516966714e-06  2.3130272263211e-06
   0.162187367677689   0.0014114968881992 4.38658261615147e-06 9.99997102112075e-07 4.02754636203705e-06 2.26349748604913e-06
   0.163058429956436  0.00141931012732298 1.77540122651918e-06 7.63594703163838e-07 4.24488900794332e-06 2.21577788638281e-06
   0.163938283920288  0.00142675279665239 3.33508619874276e-06 9.31016710257274e-07 4.09404487211095e-06 2.16885322780873e-06
   0.164813697338104  0.00143453305898043 3.04310525613705e-06 9.18113874858701e-07 3.62708093449534e-06 2.12340360823942e-06
    0.16568911075592   0.0014422052372934 2.30154849512249e-06 8.70454434431395e-07 2.96606823632293e-06 2.07914913673096e-06
   0.166564494371414  0.00144959813289586  2.6730242399217e-06 9.22779678227337e-07 2.27344573804661e-06  2.0360533026261e-06
   0.167435452342033   0.0014571937350225  1.3880501880571e-06 7.82170018447704e-07 1.72179879586157e-06 1.99428896673208e-06
   0.168310806155205   0.0014647657244421 3.00914568779533e-06 9.20351239009418e-07 1.45027449098459e-06 1.95339782126152e-06
   0.169186145067215  0.00147231976621025 3.34561813431777e-06 9.38723078322183e-07 1.55573358376439e-06 1.91356065593805e-06
    0.17006142437458  0.00148016094485582 2.53631304866803e-06 8.56090320021489e-07 2.06368740068583e-06 1.87474301333146e-06
   0.170936703681946  0.00148755228625561 3.50931565651656e-06 9.37013070922691e-07 2.92646951894671e-06 1.83692254066733e-06
   0.171811953186989   0.0014952850314556  3.1770232605319e-06 9.03334425839827e-07  4.0347982710916e-06 1.80005530264505e-06
   0.172687202692032  0.00150301726189307  6.8103720510676e-06 1.17828456854893e-06 5.23357399145478e-06 1.76413197497393e-06
   0.173562407493591  0.00151029953435209 7.92033955063336e-06 1.25259949757435e-06 6.34996222840769e-06 1.72911195208903e-06
   0.174437582492828  0.00151803127177902 8.18691319232011e-06 1.26938205593383e-06 7.22323098491314e-06 1.69499523329977e-06
   0.175309836864471   0.0015258138455345 7.06554492352368e-06 7.47396800403329e-07  7.7350803319884e-06 1.66183751730821e-06
   0.177060857415199  0.00154097472555977 5.97858932517667e-06 8.09834517399342e-07 7.52418150510509e-06  1.5977133333214e-06
     0.1788110435009  0.00155598532062747 5.83292540131633e-06 7.89934255260939e-07 5.94389531436961e-06 1.53666596324448e-06
   0.180561169981957  0.00157110250959662 4.46037762699748e-06 7.18567402297469e-07 3.84765275400247e-06 1.47852477043283e-06
   0.182304620742798  0.00158662119982217 3.49839179616979e-06 6.75919470686904e-07 2.21051274637932e-06 1.42335894826865e-06
   0.184058904647827  0.00160176604507678 2.39180219585788e-06 6.40284395690991e-07  1.5493183646521e-06 1.37044772747381e-06
   0.185815304517746   0.0016167992013447 1.45267450803745e-06 4.97010461623938e-07 1.74883926743898e-06 1.31994560890253e-06
   0.187565088272095  0.00163203635830612 2.17717401299404e-06 5.29446930042745e-07 2.22465079062981e-06 1.27195852003169e-06
   0.189314737915993  0.00164749655908401 1.99182000352423e-06  5.1906473229464e-07 2.38913403961321e-06 1.22616848147207e-06
   0.191064298152924  0.00166257791524433 1.50151308197014e-06 5.04282856354325e-07 2.00963822823379e-06 1.18245385383098e-06
   0.192813754081726  0.00167768468063597 5.06944930732881e-07 4.71067164229899e-07 1.28221123017695e-06 1.14070329199817e-06
   0.194565325975418  0.00169293110587007 1.03126716010072e-06 4.70175004254782e-07 6.21664760491444e-07  1.1007622212735e-06
   0.196314617991447  0.00170814263647755 7.90075472300532e-07 4.30857367184664e-07  3.5120543480704e-07 1.06263202972311e-06
   0.198057264089584  0.00172319859219011 3.19995600277348e-07 3.88692706208351e-07 4.97459322719954e-07 1.02630316656217e-06
   0.199806332588196  0.00173843388047153 8.30139036072063e-07 4.37083229859794e-07 8.26621150782986e-07 9.91416979809729e-07
   0.201555341482162  0.00175361378894887 7.90143246875228e-07 4.59652281880274e-07 1.03995687847102e-06 9.58029333545622e-07
   0.203304201364517  0.00176894452290883 8.62439201946782e-07 4.26897144864692e-07 9.92515403457362e-07 9.26065512794718e-07
   0.205053016543388  0.00178393264872433  1.4814169636613e-06  4.4328258049487e-07 7.78614418369283e-07 8.95451211579929e-07
   0.206799522042274  0.00179903840652928 1.25650161309897e-06  4.1319519017767e-07  6.4238237249818e-07 8.66155904504383e-07
   0.208554700016975  0.00181447355482835 2.04833110400063e-06 4.23222071467799e-07 7.92168222453433e-07 8.37938527353449e-07
   0.210303172469139  0.00182979786804342 1.69197937452302e-06 4.09112427364541e-07 1.24750806281514e-06 8.10987147650814e-07
   0.212047219276428  0.00184451535961606 2.73891383012428e-06 4.64195424587172e-07 1.82166827645967e-06  7.8519933389087e-07
   0.213795483112335  0.00185971056523674 2.73950448453196e-06 4.66485377235115e-07 2.24244890808498e-06 7.60394740278295e-07
    0.21553710103035  0.00187509127864629 2.38919288289848e-06 4.58906917066638e-07 2.30796443012391e-06 7.36674522360051e-07
   0.217289566993713  0.00189042161081801 2.09434012826344e-06 4.64468956499725e-07  2.0001103989644e-06  7.1375867753596e-07
   0.219037532806396  0.00190539651232437 1.50072478407521e-06 4.63006567444754e-07 1.47929996385488e-06 6.91803820598788e-07
   0.220785424113274   0.0019204505156948 1.02461750345727e-06 4.01785928615545e-07 9.73331841553757e-07  6.7071039811255e-07
   0.222533166408539   0.0019358972796315 1.25712033319624e-06 3.91598394380572e-07 6.50557817909788e-07 6.50439183592071e-07
   0.224280849099159  0.00195097465946074 8.42987309555021e-07 3.49750225853629e-07 5.44012527066304e-07 6.30950615241129e-07
   0.226028352975845   0.0019660500647159 1.02979619178792e-06  3.6124317084268e-07 5.66707447495668e-07 6.12210130211622e-07
   0.227773606777191  0.00198121598596622 6.27539694307869e-07 3.44671175809942e-07 5.91371413240137e-07 5.94204515473378e-07
    0.22952963411808  0.00199645683116465 6.35695050102642e-07 3.26152474356687e-07  5.3568841506841e-07 5.76771978835155e-07
   0.231276884675026  0.00201165272231854  2.3458311736982e-07 2.61502883459159e-07 4.02394930576495e-07 5.60077085781937e-07
   0.233023971319199  0.00202672104192361 4.99032643355208e-07 2.85783384197587e-07 2.55424421927979e-07 5.44003650045644e-07
   0.234770938754082  0.00204189507081635 4.61776201815058e-07 2.97006501466561e-07 1.63233341413637e-07 5.28523808700116e-07
   0.236517816781998  0.00205728229355822 1.27720098380112e-07 2.96997336188326e-07 1.50705550241406e-07 5.13611191759663e-07
   0.238266751170158  0.00207225297805897 1.43071469337456e-07  2.7229004329706e-07  1.9022631577634e-07 4.99223400654519e-07
   0.240013375878334  0.00208731375694461 4.94904127620217e-07 2.83666946992409e-07 2.31039405613059e-07 4.85373004890839e-07
   0.241759896278381   0.0021024040277055 2.98926238902785e-07 2.64346516092129e-07 2.41298028484007e-07  4.7201915228508e-07
   0.243508443236351  0.00211786626801814 3.13272829817163e-07  2.7241821104567e-07 2.30836653636328e-07 4.59125296230419e-07
   0.245252579450607  0.00213282537663107 4.94104526118149e-07  3.0277852205061e-07 2.41037042998677e-07 4.46717557658481e-07
   0.246998742222786  0.00214785183336348 8.27976168460948e-07 3.05104595207663e-07 3.11167644283946e-07 4.34730332969497e-07
   0.248744785785675  0.00216292978541809  1.1124059233811e-06 3.12170104570562e-07 4.46337057961442e-07 4.23160883254147e-07
   0.250490695238113  0.00217842709363404 1.35923064540125e-06 3.25359536106131e-07  6.0853749031402e-07 4.11992026859374e-07
   0.252229958772659  0.00219342842609347 1.59961146312347e-06 3.45082265612305e-07 7.35768157834184e-07 4.01246541276405e-07
   0.253975629806519  0.00220836630164204 1.19908846613612e-06 3.11334035670767e-07 7.77938320723306e-07 3.90828216248994e-07
   0.255721181631088  0.00222362464696004 1.19559950130953e-06 2.93868564489794e-07 7.20725959761579e-07 3.80763131390463e-07
   0.257466614246368  0.00223877327092034 1.18362528913613e-06 2.79570810756926e-07 5.92615395047153e-07 3.71036869442497e-07
   0.259211927652359  0.00225390690918548 7.52301759771115e-07 2.43896301282823e-07 4.45709714213813e-07 3.61635866873496e-07
   0.260946214199066  0.00226887189206264 7.10043422089744e-07 2.42686416208663e-07 3.27854576008634e-07 3.52602967860567e-07
   0.262693405151367  0.00228405655821673 1.09462170171806e-06 2.76537043685191e-07 2.58631633814299e-07 3.43801942799805e-07
   0.264438331127167  0.00229919720163188 6.60485262097093e-07  2.4044334945602e-07 2.30764914796074e-07 3.35299979827807e-07
   0.266183137893677  0.00231422826223159  5.8249435622936e-07 2.36176744299343e-07 2.19169852917291e-07 3.27074876441399e-07
   0.267927765846252  0.00232925721554001 8.49991815301153e-08 2.07614418662141e-07 2.00991649114389e-07 3.19116146376358e-07
   0.269672304391861  0.00234462400341084 3.56214960317056e-07 2.47336973622528e-07 1.68125867657991e-07 3.11413209346764e-07
    0.27141672372818  0.00235975624513175 2.41017103533335e-07  2.6386099607848e-07 1.27801498249538e-07 3.03956889716429e-07
    0.27316752076149  0.00237471751125241 2.95603158114936e-07 2.53916598058754e-07 9.34336589428939e-08 2.96710030253297e-07
   0.274911671876907  0.00238973794397427  2.1358968637515e-07 2.45924653855776e-07 7.44565194720808e-08 2.89718255188498e-07
   0.276655673980713  0.00240509597543311 -1.26060103286514e-07 2.08441121789559e-07 7.04417577326961e-08 2.82945706892424e-07
   0.278406083583832  0.00242026547956208 -2.27642634682295e-07 2.20596844863272e-07 7.44878288883578e-08 2.76359800054312e-07
   0.280149817466736  0.00243525297883659 -3.61086244444344e-07 2.41283701106567e-07 8.01073135569802e-08 2.70001896218582e-07
   0.281895577907562  0.00245019910082103 3.16803374801318e-08 2.61117067044109e-07 8.68800758538781e-08 2.63831995841416e-07
   0.283641219139099  0.00246563951718363 -1.20033625775631e-07 2.48402149110443e-07 1.00348971354417e-07 2.57850920693982e-07
   0.285382360219955  0.00247900181963081 -1.89158575662778e-07 2.21825607154127e-07 1.26728009783003e-07 2.52065754134264e-07
   0.287125527858734  0.00249124398464532  6.9070938329713e-10 2.27084571462381e-07 1.66914506753215e-07 2.46448038023811e-07
   0.288868576288223  0.00250349064892193 2.54113015306581e-07 2.35211663562029e-07  2.1337095080615e-07  2.4099886723036e-07
     0.2906114757061  0.00251574164240866 2.59967754986474e-07 2.32411169253234e-07 2.52755718728995e-07 2.35712294775083e-07
   0.292354226112366  0.00252799661724662 2.19104711550512e-08 2.18613305208999e-07 2.72321612534561e-07 2.30582515280489e-07
   0.294096827507019  0.00254025592690792 2.93118212892242e-07 2.28028277496944e-07 2.66213820606978e-07 2.25603986733639e-07
   0.295833081007004  0.00255247533808181 7.38888303304465e-08 2.15012309982002e-07 2.38128613025048e-07 2.20788305968247e-07
   0.297575384378433  0.00256474258698441 2.03976398724564e-07 2.18323167637488e-07 1.98427714873405e-07 2.16096016719223e-07
   0.299316346645355  0.00257700490361768 -9.56851958076796e-08 2.00911168480928e-07 1.59302937670326e-07 2.11542715883791e-07
   0.301058381795883  0.00258927980015098 9.42319817586325e-08 2.07612869012423e-07  1.2896507461229e-07 2.07117389832605e-07
   0.302800238132477  0.00260155817195043 -6.13429437682056e-08  1.9712045550682e-07 1.09457392719765e-07 2.02818842502298e-07
   0.304533302783966   0.0026137788887939 2.72969519871295e-08 1.99056774776596e-07  9.7767007886505e-08  1.9866306929237e-07
   0.306274920701981  0.00262606439390846 -6.74638309015287e-08 1.91617287446856e-07 8.90228728926463e-08 1.94604406264583e-07
   0.308016330003738  0.00263835331840239 -2.2480136932586e-07 1.80380778300495e-07 7.99987163928701e-08  1.9066009089269e-07
   0.309757649898529  0.00265064586791309 -2.19078083702553e-07 1.78147925274199e-07 7.01974331236166e-08 1.86826039094295e-07
   0.311499983072281  0.00266294989869852 -4.82452598361193e-08 1.85450537970699e-07 6.11572328184836e-08 1.83096244294795e-07
    0.31324103474617  0.00267524873926222 -6.20775475039585e-08 1.82462878165079e-07 5.47016785451407e-08 1.79472042608981e-07
   0.314988046884537  0.00268759460140635 -2.39126948921779e-07 1.70062872876145e-07 5.15562080297158e-08 1.75935387043214e-07
    0.31672877073288  0.00269989962788194 -1.46814519877706e-07 3.68761988739734e-07 5.12951657187758e-08 1.72507772676751e-07
   0.318477988243103  0.00271226911393039 -3.93375762591315e-07 2.83225897409919e-07 5.31737648517681e-08 1.69157111399576e-07
     0.3202183842659  0.00272457988046414 -2.57151168249776e-07 3.11134796420217e-07 5.70965953908105e-08 1.65913525341434e-07
   0.321949869394302  0.00273683190328997 -2.50496444764231e-07 3.10967277823951e-07 6.37979641350571e-08 1.62772893311954e-07
    0.32368990778923  0.00274914819185337 1.53057391506357e-07 3.85945689317749e-07 7.41980164527617e-08 1.59700814094332e-07
   0.325447261333466  0.00276159040934529 -3.71437896057117e-07 2.79756299607159e-07 8.82267339704494e-08 1.56680965557272e-07
   0.327178299427032  0.00277385074959592 -6.2833048666183e-07 2.08170109206932e-07 1.03587615859921e-07 1.53784989555448e-07
   0.328926563262939  0.00278623642862527 -3.58165353798228e-07 2.79498670240267e-07 1.17328455315759e-07 1.50937050889457e-07
   0.330657333135605  0.00279850156087293 4.37540064371834e-07 4.26339002868934e-07 1.25769539334921e-07 1.48191229313298e-07
   0.332396566867828  0.00281083067486063 -3.43981423803643e-07 2.79780722483444e-07  1.2695830995842e-07  1.4550375945874e-07
   0.334135681390762  0.00282316208620862 -7.62611805187307e-08 3.35425385807438e-07  1.2093087271129e-07 1.42885712298645e-07
   0.335883289575577  0.00283555761627162 -2.02014561492343e-07 3.08444099576049e-07 1.09704860870268e-07  1.4032268263336e-07
   0.337622106075287  0.00284789354126825 4.61950366730232e-07 4.26333620240619e-07 9.65079081211743e-08 1.37837919774061e-07
   0.339360684156418    0.002860231671723 7.34755331832405e-08  3.6009391752963e-07 8.41219938156213e-08 1.35416713576624e-07
   0.341090440750122  0.00287251033060724 3.47188061148615e-07 4.06742105091821e-07 7.42299800766359e-08 1.33068618103611e-07
   0.342828720808029  0.00288485259427338  8.4640732539434e-08 3.59814212351535e-07 6.70017374715871e-08 1.30768241363486e-07
   0.344566851854324  0.00289719697880785 6.14792779167259e-07 4.45409144146833e-07 6.18324911158727e-08 1.28525690395795e-07
    0.34630474448204  0.00290954306909302 -3.47200007761849e-08 3.35555915325111e-07  5.7815626411093e-08 1.26339337805934e-07
   0.348042547702789   0.0029218912575689  4.9843137398331e-07 4.26939201275246e-07 5.43289225154735e-08 1.24207311725501e-07
   0.349771499633789  0.00293417946045534 -2.25571475060791e-08  3.3611855793904e-07 5.12177984649853e-08 1.22138362639395e-07
   0.351517587900162   0.0029465927269742 -5.43012277963473e-07 2.09589993617711e-07 4.85843484097367e-08 1.20100218853382e-07
    0.35324615240097  0.00295888444678261 3.85582188085737e-07 4.07335442864929e-07 4.67075896214739e-08 1.18131815063314e-07
   0.354983270168304  0.00297123949451529  7.9201493427448e-07 4.68837871363589e-07 4.57253961761067e-08 1.16201644013451e-07
   0.356720209121704  0.00298359601827773 3.18596150216232e-09 3.38745779103818e-07 4.57688417363931e-08 1.14318354173039e-07
   0.358456909656525  0.00299595423299374 1.37058295874322e-07 3.62814559655707e-07 4.69669468077037e-08 1.12480649519249e-07
   0.360202193260193  0.00300837584609837 -2.53700022441443e-07 2.82280405849057e-07 4.94726048172345e-08 1.10678208588014e-07
   0.361929923295975  0.00302067542099441 5.40072927350929e-07 4.28841692665409e-07 5.32658509826378e-08 1.08936420285589e-07
   0.363666146993637  0.00303303779137106 8.06112397678454e-07 4.67009910808513e-07 5.81385200757414e-08 1.07230103966459e-07
   0.365402162075043   0.0030454017431705 4.16001563065028e-07 4.08300432272297e-07 6.34443713638161e-08 1.05577258971011e-07
   0.367138028144836  0.00305776687737812 1.52942210961835e-08 3.12509710625988e-07 6.82900742283077e-08 1.04011623097778e-07
   0.368882387876511  0.00307019505465897 2.63623020931779e-07 3.57054719447008e-07 7.19013471213371e-08 1.02596010333754e-07
   0.370617866516113  0.00308256259702767 7.54510150355238e-07 4.32703550861751e-07 7.39697257054745e-08  1.0142328643736e-07
   0.372361898422241  0.00309499343294659 1.41111747308437e-07 3.33596849128671e-07 7.48038490973541e-08 1.00517478159985e-07
   0.374096989631653  0.00310736337509369 8.79128998762168e-07  4.4877758812086e-07 7.48934390864874e-08  9.9863395141763e-08
