# intensity: 1.03718499816189
# background: 0
#           Q (1/A)             dQ (1/A)                    R                   dR               theory              fresnel
     0.0483642315116 0.000750702739851845       0.951434579138     0.00501003519873    0.937642019738568   0.0190690257496711
     0.0497866914682 0.000750709007438337        0.94044560157     0.00496697431537    0.933947144750734   0.0174189009936712
     0.0512091499082 0.000750715456630211        0.92483593417     0.00490572657895    0.927603572634576   0.0151503968487517
     0.0526316067882    0.000750722087422        0.91507948482      0.0048673956524    0.920039772337953   0.0131849505251379
      0.054054062065 0.000750728899808085       0.891642996968     0.00477516962074     0.91111033499183   0.0115415319144762
     0.0554765156953 0.000750735893782693       0.876236096925     0.00471441470647    0.900307308659754   0.0101564389648664
     0.0568989676356 0.000750743069339895       0.854327123245     0.00462784251127    0.886897245823357  0.00898069561572678
     0.0583214178427 0.000750750426473612       0.832076973197     0.00453970038522    0.869828976851138  0.00797617143060269
     0.0597438662732 0.000750757965177608       0.797485049287     0.00440218205643     0.84763700555646  0.00711284407058032
     0.0611663128838 0.000750765685445495       0.755120376229     0.00423288370811    0.818409962360783  0.00636683430687013
     0.0625887576312 0.000750773587270732       0.713350487453     0.00406490300013    0.780007938571375  0.00571897358295159
      0.064011200472 0.000750781670646622       0.660982624188     0.00385260415179    0.730867629864999  0.00515374516842228
     0.0654336413629 0.000750789935566318       0.611077559878     0.00364824562759    0.671674518652665  0.00465849155152848
     0.0668560802606 0.000750798382022817        0.56406531003     0.00345358980774    0.607313504116805  0.00422281428876881
     0.0682785171218 0.000750807010008963       0.524906916272     0.00328959354811    0.546897164517839  0.00383811479212587
      0.069700951903 0.000750815819517446       0.497644208161     0.00317426832942    0.499906751308904  0.00349723955715258
     0.0711233845611 0.000750824810540804        0.47861385523      0.0030931423649    0.470767968008076  0.00319420363338205
     0.0725458150526  0.00075083398307142       0.474897210464      0.0030772339742    0.457136987758386  0.00292397330252422
     0.0739682433342 0.000750843337101525       0.465759918032     0.00303803317951    0.452923792726754  0.00268229397789106
     0.0753906693627 0.000750852872623196       0.468748114267     0.00305086561273    0.452140224412892  0.00246555294267806
     0.0768130930946 0.000750862589628355       0.459408054463     0.00301070035281    0.450705999764829  0.00227066914451466
     0.0782355144866 0.000750872488108774       0.451730687084     0.00297757578127    0.446442971308674  0.00209500416042933
     0.0796579334955  0.00075088256805607        0.44262088991     0.00293813751632    0.438449149659341  0.00193628984392594
     0.0810803500778 0.000750892829461706       0.427630839031     0.00287291585697    0.426533028813831  0.00179256920417109
     0.0825027641903 0.000750903272316994       0.407801406942     0.00278596845389    0.410864158225949  0.00166214784601487
     0.0839251757896 0.000750913896613089        0.38491694649     0.00268458712938    0.391795328330126  0.00154355388858382
     0.0853475848324 0.000750924702340998        0.36495233615     0.00259513435406    0.369785471804677  0.00143550472809009
     0.0867699912754  0.00075093568949157       0.339069270754     0.00247758842129    0.345372290210141  0.00133687935474438
     0.0881923950752 0.000750946858055505       0.315984395044     0.00237105595035    0.319164045165598  0.00124669519909793
     0.0896147961885 0.000750958208023346        0.29176402206     0.00225731092922    0.291833001879368  0.00116408868960395
      0.091037194572 0.000750969739385486       0.260541415925     0.00210718175422    0.264100717751953  0.00108829886466861
     0.0924595901823 0.000750981452132163       0.233198425444     0.00197181075627    0.236710600276296   0.0010186535093474
     0.0938819829761 0.000750993346253465       0.203718442648     0.00182081600318    0.210387650036702 0.000954557387242134
     0.0953043729102 0.000751005421739325       0.179902428357     0.00169407309675    0.185789521020432 0.000895482217987623
     0.0967267599411 0.000751017678579521       0.159465870211      0.0015810856865    0.163456454722678 0.000840958114433136
     0.0981491440255 0.000751030116763682       0.139745756765     0.00146746640219    0.143769297132392 0.000790566244727104
     0.0995715251202 0.000751042736281284       0.126108664385     0.00138566532441     0.12692393377092 0.000743932525875704
      0.100993903182 0.000751055537121649       0.112524602447     0.00130099949817    0.112927142999339 0.000700722188647491
      0.102416278167 0.000751068519273941       0.102319996657     0.00123490813755    0.101614116968589 0.000660635080896583
      0.103838650032 0.000751081682727178      0.0923451938816     0.00116785769893   0.0926833415751812 0.000623401598448152
      0.105261018734 0.000751095027470228       0.086452774134     0.00112693280748   0.0857415885152606 0.000588779151050097
       0.10668338423 0.000751108553491803      0.0807360861031      0.0010861680282   0.0803510916449353 0.000556549085635598
      0.108105746476 0.000751122260780457      0.0782499283608     0.00106807991715   0.0760722755201512 0.000526514001569163
      0.109528105429 0.000751136149324599       0.074804005069     0.00104262552508   0.0724978052351368 0.000498495402648574
      0.110950461045 0.000751150219112476      0.0717636165127     0.00101976905544   0.0692762735243619 0.000472331639348816
      0.112372813282 0.000751164470132202      0.0692369052886     0.00100047071944   0.0661258573092424 0.000447876101521101
      0.113795162096  0.00075117890237172      0.0658044998135    0.000973787182507   0.0628394906080716  0.00042499562808225
      0.115217507443  0.00075119351581882      0.0610469014476    0.000935831757317   0.0592835680568937 0.000403569104712028
      0.116639849281 0.000751208310461158      0.0568029804151    0.000900911670889   0.0553921351050579 0.000383486225106548
      0.118062187565  0.00075122328628621       0.051153205622    0.000852651373305   0.0511581877125891 0.000364646394809001
      0.119484522253 0.000751238443281329      0.0459089655654    0.000805749994439    0.046623296029273 0.000346957759259242
      0.120906853302 0.000751253781433706      0.0424490783547    0.000773512018533   0.0418664073375317 0.000330336340774556
      0.122329180667  0.00075126930073036      0.0366782244134    0.000717022413013   0.0369924281925635 0.000314705270819747
      0.123751504306 0.000751285001158187       0.032705241141    0.000675774607553   0.0321210399149085 0.000299994105919548
      0.125173824175 0.000751300882703912      0.0279482240383    0.000623256835424   0.0273761409580614 0.000286138217309123
      0.126596140232 0.000751316945354128      0.0231236178092    0.000565581758074   0.0228762959139808 0.000273078245357719
      0.128018452432 0.000751333189095245      0.0191641523513    0.000513885901012   0.0187265648553212 0.000260759611336873
      0.129440760732 0.000751349613913542         0.0141359001    0.000440271397973   0.0150120555297961  0.00024913207971176
      0.130863065089 0.000751366219795145      0.0120352606732    5.97466838036e-05   0.0117934660773054 0.000238149365320179
       0.13228536546 0.000751383006726032     0.00934358447845    4.93090836114e-05  0.00910476409666925 0.000227768780281898
      0.133707661802 0.000751399974692025       0.007159964344    4.06431350028e-05  0.00695299178784179 0.000217950916214611
       0.13512995407 0.000751417123678775      0.0055887953509    3.42157019178e-05  0.00532001969825456  0.00020865935786927
      0.136552242222 0.000751434453671812     0.00434438216249    2.89307750414e-05  0.00416592071319328 0.000199860424696457
      0.137974526215 0.000751451964656508     0.00361685846449    2.57148597532e-05   0.0034335254433437 0.000191522937431576
      0.139396806004 0.000751469656618054      0.0032326339746    2.39622827213e-05  0.00305366490618192  0.00018361800695068
      0.140819081547 0.000751487529541531     0.00306589923611    2.31866348511e-05  0.00295060972356724 0.000176118843035948
      0.142241352801 0.000751505583411852     0.00318062969614    2.37193714533e-05  0.00304726914043162 0.000169000581054185
      0.143663619722 0.000751523818213769     0.00337496823168    2.47063536734e-05  0.00326980280849814 0.000162240124628023
      0.145085882266 0.000751542233931882      0.0036949756928    2.61589950027e-05  0.00355140537905883 0.000155816002685192
      0.146508140391 0.000751560830550665     0.00397145575941    2.73928607322e-05  0.00383513167402543 0.000149708239434411
      0.147930394053 0.000751579608054414     0.00421400608699    2.84612866375e-05  0.00407572595381904 0.000143898236004909
      0.149352643209  0.00075159856642729     0.00432489280365    2.89462301701e-05  0.00424049528292329 0.000138368662540784
      0.150774887815 0.000751617705653286     0.00441551630015    2.93399338413e-05  0.00430932188094203   0.0001331033597768
      0.152197127829 0.000751637025716273     0.00440570235966    2.92971621979e-05  0.00427394407334253 0.000128087249137991
      0.153619363206 0.000751656526599929     0.00423975754483    2.85742069983e-05  0.00413665356486561 0.000123306250592491
      0.155041593904 0.000751676208287825     0.00402447267002    2.76282468751e-05  0.00390856250892313 0.000118747207455562
      0.156463819879  0.00075169607076335     0.00376295683488    2.64655617869e-05  0.00360759112535699 0.000114397817565112
      0.157886041087 0.000751716114009744     0.00337408957571    2.47042895404e-05  0.00325631837749489 0.000110246570176558
      0.159308257487 0.000751736338010139     0.00308011744466    2.33425864036e-05  0.00287982631926511 0.000106282688070504
      0.160730469033 0.000751756742747443     0.00261365787108    2.11158744366e-05  0.00250365408510788 0.000102496074429139
      0.162152675683 0.000751777328204473      0.0022931908026    1.95260552448e-05  0.00215196041054489 9.88772639738235e-05
      0.163574877394  0.00075179809436388     0.00195542091802     1.7781265055e-05  0.00184597416618788 9.54173780651986e-05
      0.164997074122 0.000751819041208152     0.00171939970045    1.65088742694e-05  0.00160279080265802 9.21080833633514e-05
      0.166419265824 0.000751840168719637     0.00153650353356    1.54844721767e-05  0.00143454941674654   8.894155374397e-05
      0.167841452457 0.000751861476880536     0.00142038542022    1.48131868323e-05  0.00134800127816261 8.59104351979617e-05
      0.169263633977 0.000751882965672885     0.00142606290655    1.48464289689e-05  0.00134445739932023 8.30078134494871e-05
       0.17068581034 0.000751904635078568      0.0014925706036    1.52325652606e-05  0.00142008156402412 8.02271840559048e-05
      0.172107981505 0.000751926485079365     0.00161643442974    1.59373580224e-05  0.00156647756854844 7.75624247796844e-05
      0.173530147426 0.000751948515656829     0.00180153400168    1.69585580227e-05  0.00177150640407966 7.50077700649181e-05
      0.174952308062 0.000751970726792442     0.00205381716225    1.82992953111e-05  0.00202026141348679 7.25577873898978e-05
      0.176374463368  0.00075199311846747      0.0023343525766    1.97344470814e-05  0.00229612721152089 7.02073554068943e-05
      0.177796613302 0.000752015690663082     0.00260542551408    2.10763821058e-05  0.00258185100592956 6.79516436618536e-05
      0.179218757819 0.000752038443360243     0.00289958689434    2.24920938466e-05  0.00286056205114302 6.57860938140365e-05
      0.180640896878 0.000752061376539838     0.00321740446812    2.39825517742e-05  0.00311668525168755 6.37064021933905e-05
      0.182063030433 0.000752084490182517     0.00343099961467    2.49651513109e-05  0.00333670717569824 6.17085036325061e-05
      0.183485158443 0.000752107784268866     0.00358430526397    2.56621682408e-05  0.00350976583532146  5.9788556421317e-05
      0.184907280863 0.000752131258779252      0.0037512639166      2.641398538e-05  0.00362804851011041 5.79429283496319e-05
      0.186329397651 0.000752154913693944     0.00387658766861    2.69733282329e-05   0.0036869939282008 5.61681837050295e-05
      0.187751508763 0.000752178748993029     0.00385267463694    2.68668280435e-05  0.00368530571990266 5.44610711890058e-05
      0.189173614156  0.00075220276465646     0.00376766103801    2.64872359174e-05  0.00362479296426084 5.28185126554677e-05
      0.190595713786 0.000752226960664025     0.00367332014005    2.60639193999e-05  0.00351006071696703 5.12375926248832e-05
       0.19201780761 0.000752251336995379     0.00348570625226    2.52151940827e-05   0.0033480786469562 4.97155485049712e-05
      0.193439895585 0.000752275893630027     0.00333914599882    2.45448440255e-05  0.00314765937541904 4.82497614728298e-05
      0.194861977668 0.000752300630547327     0.00308701153477    2.33760521939e-05  0.00291887989497998 4.68377479647943e-05
      0.196284053814 0.000752325547726453     0.00285420755945    2.22766508554e-05  0.00267247964683506 4.54771517322063e-05
      0.197706123982 0.000752350645146498     0.00256368247262    2.08728404235e-05  0.00241926754846245 4.41657364121716e-05
      0.199128188127 0.000752375922786338     0.00231195354194    1.96222677466e-05  0.00216956761975085 4.29013785963884e-05
      0.200550246206 0.000752401380624735     0.00203928550175    1.82246477035e-05  0.00193272897367379 4.16820613363173e-05
      0.201972298176 0.000752427018640302      0.0018164982344    1.70414620999e-05  0.00171672103950616 4.05058680733988e-05
      0.203394343994 0.000752452836811504     0.00159668488852    1.58290040676e-05  0.00152782918328797 3.93709769550695e-05
      0.204816383616 0.000752478835116639     0.00142823927619    1.48627561179e-05  0.00137045970026163 3.82756555119078e-05
      0.206238416999 0.000752505013533874     0.00128250360926     1.3995115781e-05   0.0012470568043182 3.72182556675108e-05
      0.207660444099  0.00075253137204121      0.0011998195825    1.34864695972e-05  0.00115812809311758 3.61972090632837e-05
      0.209082464874 0.000752557910616538      0.0011205150117    1.29866515456e-05  0.00110236936749651 3.52110226697255e-05
       0.21050447928 0.000752584629237562     0.00109082085699    1.27957157118e-05  0.00107687494524367  3.4258274673055e-05
      0.211926487274 0.000752611527881857     0.00108626985584    1.27656916617e-05  0.00107741596615062 3.33376106087052e-05
      0.213348488811 0.000752638606526812     0.00109142915849     6.3819630991e-06   0.0010987667975754 3.24477397337538e-05
       0.21477048385 0.000752665865149744     0.00112026718402    6.87719049242e-06  0.00113505856822338 3.15874316126626e-05
      0.216192472347 0.000752693303727766     0.00116189757771    7.05034664085e-06  0.00118013904600611 3.07555129156338e-05
      0.217614454258 0.000752720922237841     0.00121623472667     7.2749655485e-06  0.00122791941027112 2.99508644014696e-05
       0.21903642954 0.000752748720656806     0.00125786512065    7.44612931396e-06  0.00127269076028938 2.91724180801564e-05
       0.22045839815 0.000752776698961349     0.00129284474508     7.5893713891e-06  0.00130939622243877 2.84191545432276e-05
      0.221880360044  0.00075280485712799     0.00133221135443    7.74968165455e-06   0.0013338480211277 2.76901004498414e-05
      0.223302315179 0.000752833195133124      0.0013433797814    7.79494488572e-06  0.00134288261881155 2.69843261570562e-05
      0.224724263513 0.000752861712953016     0.00132416013838    7.71661449338e-06  0.00133445078426802 2.63009434876373e-05
         0.226146205 0.000752890410563704      0.0013026424649     7.6287601863e-06  0.00130764302260354 2.56391036278861e-05
      0.227568139599 0.000752919287941181     0.00128050297122    7.53817077327e-06  0.00126265403598575 2.49979951384532e-05
      0.228990067266 0.000752948345061231     0.00119781443798    7.19851343166e-06  0.00120069266195573 2.43768420853314e-05
      0.230411987957 0.000752977581899491       0.001134456394    6.93603181628e-06  0.00112384596913423  2.3774902270721e-05
       0.23183390163 0.000753006998431492     0.00106001373391    6.62480067862e-06   0.0010349078272372 2.31914655631215e-05
      0.233255808241 0.000753036594632577     0.00094615309734    6.14183828876e-06    0.000937183284747 2.26258523224153e-05
      0.234677707746 0.000753066370477943    0.000848486814714    5.71950179159e-06 0.000834280482768016 2.20774119092171e-05
      0.236099600102  0.00075309632594266    0.000743412765034     5.2542046191e-06  0.00072990163585029 2.15455212762743e-05
      0.237521485267 0.000753126461001672     0.00063814946533    4.77397584665e-06 0.000627643862603195 2.10295836368832e-05
      0.238943363196 0.000753156775629716    0.000536995583825    4.29479165684e-06 0.000530819418424666 2.05290272066875e-05
      0.240365233847 0.000753187269801442     0.00045000838202    3.86380973128e-06 0.000442303252145008 2.00433040095432e-05
      0.241787097175 0.000753217943491293    0.000363751142256    3.41238843721e-06 0.000364413882771565 1.95718887513364e-05
      0.243208953139 0.000753248796673652    0.000298697963644    3.04975269737e-06  0.00029883147350378 1.91142777492149e-05
      0.244630801693 0.000753279829322644    0.000242972083755    2.71741058142e-06 0.000246554797689029 1.86699879225321e-05
      0.246052642796  0.00075331104141236    0.000198736354524    2.43356797683e-06  0.00020789664964574  1.8238555830705e-05
      0.247474476404 0.000753342432916679    0.000174182577659    2.26554737987e-06 0.000182515277110347 1.78195367668307e-05
      0.248896302473 0.000753374003809332    0.000159767168989    2.16240641046e-06 0.000169477685357224  1.7412503894917e-05
      0.250318120961 0.000753405754063953    0.000153719294349    2.11814303233e-06 0.000167349275488404 1.70170474319529e-05
      0.251739931823 0.000753437683653959    0.000153051513857    2.11314362341e-06  0.00017430327811669 1.66327738738249e-05
      0.253161735017 0.000753469792552689     0.00017290379107    2.25593599085e-06  0.00018824286090959 1.62593052576656e-05
      0.254583530499 0.000753502080733295    0.000195486668809    2.41079482605e-06  0.00020692862597703 1.58962784645208e-05
      0.256005318226 0.000753534548168803    0.000217420690923    2.55480813452e-06  0.00022810444875293 1.55433445550355e-05
      0.257427098154 0.000753567194832071    0.000239514222915    2.69494330267e-06 0.000249615200871112 1.52001681396895e-05
      0.258848870241 0.000753600020695859    0.000256498017476     2.7995896412e-06 0.000269510786479268 1.48664267791798e-05
      0.260270634443 0.000753633025732736    0.000275266165154    2.91238863737e-06 0.000286132033150556 1.45418104161573e-05
      0.261692390717 0.000753666209915148    0.000288951611052    2.99306016794e-06 0.000298175239743285 1.42260208333155e-05
      0.263114139019 0.000753699573215374    0.000300311991392    3.05910247919e-06 0.000304733515529899 1.39187711391583e-05
      0.264535879306  0.00075373311560557     0.00029936304069    3.05328890917e-06 0.000305314375257221 1.36197852779393e-05
      0.265957611535 0.000753766837057748    0.000293953207578    3.02171931466e-06 0.000299834315413652 1.33287975639914e-05
      0.267379335663 0.000753800737543776    0.000283379565175    2.95978246281e-06 0.000288592230943668 1.30455522382723e-05
      0.268801051645  0.00075383481703533    0.000266019974526    2.85657438288e-06 0.000272224491880374 1.27698030465459e-05
       0.27022275944 0.000753869075504036    0.000248254848844    2.74849659603e-06  0.00025164525122424 1.25013128361326e-05
      0.271644459003  0.00075390351292128    0.000224947415631    2.60290380177e-06 0.000227976077101221 1.22398531744387e-05
      0.273066150291 0.000753938129258353     0.00020209958847    2.45471087239e-06 0.000202469282255916 1.19852039828426e-05
      0.274487833261 0.000753972924486401    0.000178008121461    2.29141621608e-06 0.000176429366057619 1.17371531892476e-05
       0.27590950787 0.000754007898576427    0.000143670143419    2.04279722855e-06 0.000151136799045703 1.14954963964711e-05
      0.277331174074 0.000754043051499263    0.000127283836467    1.91574856879e-06 0.000127777991834276  1.1260036566189e-05
       0.27875283183 0.000754078383225625    0.000108161521685    1.75856981799e-06 0.000107384729402731 1.10305837169804e-05
      0.280174481095 0.000754113893726083    8.81740661775e-05    1.58097097434e-06 9.07856570861709e-05 1.08069546367414e-05
      0.281596121825  0.00075414958297104    7.62973054806e-05    1.46706998255e-06 7.85716182211206e-05 1.05889726082233e-05
      0.283017753977  0.00075418545093078    6.67456106645e-05     1.3696414155e-06 7.10758114476679e-05  1.0376467146593e-05
      0.284439377508 0.000754221497575444    6.38987569008e-05    1.33949814994e-06  6.8368903540418e-05 1.01692737493251e-05
      0.285860992375 0.000754257722875028      6.494233316e-05    1.35041260282e-06 7.02684443916916e-05 9.96723365719349e-06
      0.287282598533 0.000754294126799337    6.87165098896e-05    1.38989424516e-06 7.63612235966946e-05 9.77019362624355e-06
      0.288704195941 0.000754330709318132    8.12232012133e-05    1.51480237203e-06 8.60366150827204e-05  9.5780057088231e-06
      0.290125784554  0.00075436747040093     9.3648785489e-05    1.63073136377e-06 9.85285015650031e-05 9.39052704622689e-06
       0.29154736433 0.000754404410017183    0.000107047653035    1.74849730023e-06 0.000112963070230295 9.20761966847496e-06
      0.292968935224  0.00075444152813612     0.00012256341174    1.87777693509e-06 0.000128409630234227 9.02915030458403e-06
      0.294390497194  0.00075447882472691    0.000138079170631    2.00034514564e-06 0.000143931619667008 8.85499019959588e-06
      0.295812050196 0.000754516299758522    0.000155433353857    2.13087534622e-06 0.000158635132062991 8.68501494093166e-06
      0.297233594188 0.000754553953199839    0.000165460876335    2.20373760946e-06 0.000171712583873785 8.51910429115986e-06
      0.298655129125 0.000754591785019521      0.0001738932957    2.26370736647e-06 0.000182479539372354 8.35714202902148e-06
      0.300076654965 0.000754629795186164    0.000180411590758    2.30904939904e-06 0.000190403182485575 8.19901579599998e-06
      0.301498171663 0.000754667983668145    0.000187686883978    2.35891836857e-06 0.000195121445201365  8.0446169507862e-06
      0.302919679178 0.000754706350433803    0.000191366435835    2.38384582136e-06 0.000196452341351989 7.89384042849123e-06
      0.304341177465  0.00075474489545123    0.000186583829473    2.35135572333e-06 0.000194393582797513 7.74658460741167e-06
      0.305762666482 0.000754783618688456    0.000183396326396    2.32951604924e-06 0.000189113047586088 7.60275117981375e-06
      0.307184146184 0.000754822520113288    0.000174704365355    2.26914446822e-06 0.000180931103210225 7.46224502946205e-06
      0.308605616529 0.000754861599693474    0.000158712778939    2.15500343615e-06 0.000170296145082858 7.32497411304463e-06
      0.310027077473 0.000754900857396565    0.000150858922844    2.09720964845e-06 0.000157754977593981 7.19084934759153e-06
      0.311448528973 0.000754940293189998    0.000137354615976    1.99500095403e-06 0.000143919834245053 7.05978450176538e-06
      0.312869970987 0.000754979907041098    0.000124039558562    1.89009388801e-06 0.000129433902234661 6.93169609190644e-06
      0.314291403469 0.000755019698916936    0.000106128440779    1.74155770274e-06  0.00011493718734274 6.80650328276297e-06
      0.315712826378 0.000755059668784583    9.86801193309e-05    1.67677492977e-06 0.000101034433979869 6.68412779102775e-06
      0.317134239669 0.000755099816610855     7.9741647061e-05    1.50147501967e-06 8.82666149724073e-05 6.56449379435017e-06
        0.3185556433 0.000755140142362515    7.17526128118e-05    1.42219155011e-06 7.70872386088715e-05 6.44752784264412e-06
      0.319977037227 0.000755180646006125    6.45476124818e-05    1.34726278867e-06 6.78444062252955e-05 6.33315877396475e-06
      0.321398421408 0.000755221327508166    5.70398124351e-05    1.26512954057e-06 6.07692084218904e-05 6.22131763300654e-06
      0.322819795797 0.000755262186834865    5.26681478269e-05    1.21517049355e-06 5.59706929536981e-05  6.1119375936361e-06
      0.324241160354 0.000755303223952477    4.79179842606e-05    1.15867322932e-06 5.34372897543321e-05 6.00495388325703e-06
      0.325662515033 0.000755344438826949    4.93589844943e-05    1.17649940376e-06 5.30442569490242e-05 5.90030371182649e-06
      0.327083859792   0.0007553858314242    5.10703413521e-05    1.19729782668e-06 5.45664300086837e-05 5.79792620201242e-06
      0.328505194587 0.000755427401709951    5.67153852124e-05    1.26232773408e-06 5.76953277016029e-05 5.69776232326007e-06
      0.329926519376 0.000755469149649845     5.9035044068e-05    1.28799423635e-06  6.2059501010288e-05 5.59975482770121e-06
      0.331347834114 0.000755511075209293     6.4409731131e-05    1.34622797148e-06 6.72469102911344e-05 5.50384818917436e-06
      0.332769138759 0.000755553178353658    6.92977763547e-05     1.3973002964e-06 7.28280828206679e-05 5.40998854384757e-06
      0.334190433268 0.000755595459048134    7.65379229051e-05    1.47023951145e-06 7.83788349982083e-05  5.3181236337946e-06
      0.335611717596 0.000755637917257713    8.02228820092e-05    1.50622275565e-06 8.35014357014465e-05  5.2282027525189e-06
      0.337032991701 0.000755680552947341    8.98286482313e-05    1.59692132194e-06 8.78432310061714e-05 5.14017669218027e-06
      0.338454255539 0.000755723366081763    8.81335130263e-05    1.58111398413e-06 9.11119353473694e-05 5.05399769344737e-06
      0.339875509068 0.000755766356625645    9.03315112482e-05    1.60134984805e-06 9.30870086299511e-05  4.9696193966882e-06
      0.341296752243 0.000755809524543426    8.92311602079e-05    1.59109255935e-06 9.36267697401683e-05 4.88699679553513e-06
      0.342717985022 0.000755852869799495    8.83146517396e-05    1.58255719943e-06 9.26711321700934e-05 4.80608619154307e-06
      0.344139207361 0.000755896392358042    8.72088937071e-05    1.57221459285e-06 9.02400746131984e-05 4.72684515117389e-06
      0.345560419217 0.000755940092183149    8.42917471577e-05    1.54470666296e-06 8.64281677624927e-05 4.64923246392197e-06
      0.346981620546 0.000755983969238729    7.66433619771e-05    1.47057461086e-06 8.13956586384485e-05 4.57320810226633e-06
      0.348402811306  0.00075602802348862    7.01304740431e-05    1.40480501657e-06  7.5356758294963e-05 4.49873318282895e-06
      0.349823991453 0.000756072254896457    6.15439520178e-05    1.31331047928e-06 6.85658825916421e-05 4.42576992932638e-06
      0.351245160944 0.000756116663425771    5.93378431242e-05    1.28857300951e-06 6.13026558171644e-05  4.3542816365078e-06
      0.352666319735 0.000756161249039923    5.10216774284e-05     1.1925666955e-06 5.38565030930145e-05  4.2842326356624e-06
      0.354087467783 0.000756206011702166    4.56253617653e-05    1.12625809817e-06 4.65128997842981e-05 4.21558019585103e-06
      0.355508605045 0.000756250951375619    3.63710588783e-05    3.42187539157e-07 3.96134855911037e-05 4.14844533293859e-06
      0.358350847038 0.000756341361607899    2.58532902786e-05    2.96020126601e-07 2.77539245544208e-05 4.01800557039909e-06
      0.361193045367 0.000756432479438858     1.8074232879e-05    2.44188105224e-07 1.95124988546625e-05 3.89253185251362e-06
      0.364035199685 0.000756524304568397    1.54740042181e-05    2.25000193295e-07 1.54422941270857e-05 3.77192348358164e-06
      0.366877309647 0.000756616836694292    1.55533087239e-05     2.2557510284e-07 1.52416338988028e-05   3.655955623633e-06
      0.369719374906  0.00075671007551207    1.86936494461e-05    2.48513715669e-07 1.79440529983618e-05 3.54441547158457e-06
      0.372561395116 0.000756804020715113    2.23963317644e-05    2.73759034849e-07 2.21818971249051e-05 3.43710153347752e-06
      0.375403369931 0.000756898671994623    2.62702398802e-05    2.98555228573e-07 2.64972672361798e-05 3.33382294056458e-06
      0.378245299003 0.000756994029039567    2.98107083418e-05     3.2009421522e-07 2.96346340857039e-05 3.23439881338126e-06
      0.381087181988 0.000757090091536874    3.02811286573e-05    3.22894737888e-07 3.07603686649518e-05 3.13865766807579e-06
      0.383929018538  0.00075718685917118    2.85496455627e-05    3.12550830302e-07 2.95747625430119e-05 3.04643686262626e-06
      0.386770808308 0.000757284331625062    2.48340465848e-05    2.89461797896e-07 2.63068490264015e-05 2.95758207905752e-06
      0.389612550951 0.000757382508578872    2.00370214344e-05    2.57705158869e-07 2.16061962429406e-05 2.87194683991152e-06
      0.392454246121 0.000757481389710848    1.47353306264e-05     2.1894775463e-07 1.63643073066899e-05 2.78939205587186e-06
      0.395295893471 0.000757580974697049    1.05511131117e-05     1.8407527221e-07 1.15083557963557e-05 2.70978560270493e-06
      0.398137492656 0.000757681263211459    7.37322233097e-06    1.53340257257e-07 7.81067286342704e-06 2.63300192513855e-06
      0.400979043329 0.000757782254925858    5.56453728457e-06      1.333358335e-07 5.74957764727818e-06 2.55892166610972e-06
      0.403820545144 0.000757883949509927    5.38399916947e-06    1.31241102565e-07 5.44324594959482e-06 2.48743131921989e-06
      0.406661997754 0.000757986346631184    6.42306928692e-06    1.43270020171e-07 6.66169888150169e-06 2.41842290310129e-06
      0.409503400814 0.000758089445955095    8.59463276767e-06     1.6584756811e-07 8.90618753672854e-06 2.35179365592393e-06
      0.412344753977 0.000758193247144936    1.09163943576e-05    1.87369441351e-07   1.153324146295e-05 2.28744574894788e-06
      0.415186056898 0.000758297749861942    1.32711995005e-05    2.07216789474e-07 1.38943661104909e-05 2.22528601747177e-06
      0.418027309229 0.000758402953765126    1.37905844101e-05    2.11368888581e-07 1.54624214725223e-05 2.16522570838088e-06
      0.420868510625 0.000758508858511508    1.46253851788e-05    2.17928950742e-07 1.59213964574207e-05 2.10718024274475e-06
      0.423709660739 0.000758615463755933     1.3823027141e-05    2.11570431947e-07 1.52058963896259e-05 2.05106899292072e-06
      0.426550759225 0.000758722769151189    1.16358430226e-05    1.93460438276e-07 1.34878959044073e-05 1.99681507281157e-06
      0.429391805738 0.000758830774348009    9.53727589649e-06    1.74690595337e-07 1.11188208024471e-05 1.94434514062845e-06
      0.432232799931 0.000758939478994966    7.54384738404e-06    1.55122138949e-07 8.54285047051833e-06  1.8935892133351e-06
      0.435073741457 0.000759048882738548    5.85682287368e-06    1.36689721569e-07 6.20124768439925e-06 1.84448049186539e-06
      0.437914629971 0.000759158985223246    4.26892905464e-06    1.17009979717e-07 4.44718359436688e-06 1.79695519651712e-06
      0.440755465126 0.000759269786091401    3.37194624833e-06    1.04397220737e-07 3.48644974399131e-06 1.75095241195812e-06
      0.443596246576 0.000759381284983325    3.35902895131e-06    1.04352610186e-07 3.35282134831102e-06 1.70641394102106e-06
      0.446436973976 0.000759493481537307     4.0430307431e-06    1.14208266352e-07 3.91921060121907e-06 1.66328416689045e-06
      0.449277646979 0.000759606375389501    4.96734954904e-06    1.26348211143e-07  4.9387081161554e-06 1.62150992315002e-06
      0.452118265238 0.000759719966174008    6.12597744792e-06    1.40176563555e-07 6.10445636189542e-06 1.58104037107629e-06
      0.454958828409    0.000759834253523    7.16144307884e-06    1.51583538068e-07 7.11482859924968e-06 1.54182688379455e-06
      0.457799336144 0.000759949237066446    7.40614585273e-06    1.53745276386e-07 7.73079260057692e-06 1.50382293701715e-06
      0.460639788097 0.000760064916432359    7.72294354605e-06     1.5670322612e-07 7.82866936463392e-06 1.46695638757827e-06
      0.462059993048 0.000760123016931973    7.33004039126e-06    7.63907377837e-08 7.67330769988872e-06 1.44893728694684e-06
      0.463480183923 0.000760181291246758    6.95362897559e-06    1.48638568126e-07 7.37159976577405e-06 1.43121061883062e-06
       0.46490036068 0.000760239739329693    6.56572744873e-06    7.24209400268e-08 6.94488759459566e-06  1.4137901539709e-06
      0.467740671666 0.000760357156611068    5.50875376289e-06    6.67289432253e-08 5.83391660660252e-06 1.37970833380855e-06
      0.470580925659 0.000760475268396975    4.36940416324e-06    5.93689957689e-08  4.5454872519261e-06 1.34662295605935e-06
      0.473421122313  0.00076059407430632    3.33963138881e-06    5.11571159108e-08 3.27999125768944e-06 1.31452447480462e-06
      0.476261261282 0.000760713573955994     2.3003958019e-06    4.19480321241e-08 2.22469009828338e-06 1.28337775119151e-06
       0.47910134222 0.000760833766960888    1.76975367815e-06    3.70106095646e-08 1.50881524353899e-06 1.25314909816988e-06
      0.481941364781  0.00076095465293389    1.52433761324e-06    3.45107113026e-08 1.18527282159074e-06 1.22380621231006e-06
      0.484781328619 0.000761076231485893    1.52156645944e-06      3.445308231e-08 1.22894226752301e-06 1.19531810920414e-06
      0.487621233388 0.000761198502225802    1.90608093976e-06    3.82457919777e-08 1.55009562196589e-06 1.16765506224183e-06
      0.490461078742 0.000761321464760537    2.28924359661e-06    4.17309444681e-08  2.0187155437416e-06 1.14078854456665e-06
      0.493300864334 0.000761445118694994    2.72343607683e-06    4.54472834575e-08   2.493851823695e-06  1.1146911740383e-06
       0.49614058982 0.000761569463632227    3.00690483561e-06    4.77504383517e-08 2.85182412029359e-06 1.08933666097561e-06
      0.498980254852 0.000761694499173145    3.08152322729e-06    4.83505581676e-08 3.00797532771365e-06 1.06469975866592e-06
      0.501819859085 0.000761820224916826    2.98243759597e-06    4.75792013657e-08 2.92849925962986e-06 1.04075621626316e-06
      0.504659402172 0.000761946640460301    2.63732758015e-06    4.47817352257e-08  2.6311572384869e-06 1.01748273416714e-06
      0.507498883769 0.000762073745398781    2.33256822742e-06    4.21767103569e-08 2.17596788598524e-06 9.94856921560195e-07
      0.510338303528 0.000762201539325351    1.87370567274e-06    3.79812074135e-08  1.6487677409237e-06 9.72857256157669e-07
      0.513177661104 0.000762330021831287    1.31075586714e-06    3.22145204263e-08 1.14159744574523e-06  9.5146304584774e-07
      0.516016956151 0.000762459192505884    9.47193972946e-07    2.79442425816e-08 7.34047703550799e-07   9.306543923102e-07
      0.518856188322  0.00076258905093646    6.66090807339e-07    2.41802844092e-08 4.79061950603544e-07 9.10412156389587e-07
      0.521695357273 0.000762719596708542    5.63896016818e-07    2.26877693349e-08 3.95450560641933e-07 8.90717925130708e-07
      0.524534462657   0.0007628508294056    6.00934837874e-07     2.3263142586e-08 4.67829854806166e-07 8.71553980487406e-07
      0.527373504128 0.000762982748609235    7.75855488145e-07    2.57580899971e-08 6.53188244367725e-07 8.52903269469857e-07
       0.53021248134 0.000763115353899136    9.69025219988e-07    2.82740297598e-08 8.92089673351696e-07 8.34749375763332e-07
      0.533051393947 0.000763248644853088    1.18449938088e-06    3.08570097322e-08 1.12184639191799e-06 8.17076492695248e-07
      0.535890241603 0.000763382621046977    1.33779156815e-06    3.25538565485e-08 1.28890371883155e-06 7.99869397486899e-07
      0.538729023963 0.000763517282054844    1.40592143244e-06    3.32730164271e-08 1.35813177671268e-06 7.83113426717334e-07
       0.54156774068 0.000763652627448744    1.38821308235e-06     3.3063913126e-08 1.31756676015552e-06 7.66794452964359e-07
      0.544406391409 0.000763788656798946    1.26303799839e-06    3.16685900395e-08 1.17817352210964e-06  7.5089890247784e-07
      0.547244975804 0.000763925369673796    1.09730941219e-06    2.97383137427e-08 9.69258022975326e-07 7.35413572909949e-07
      0.550083493519 0.000764062765639766    8.36550742436e-07    2.64141261474e-08 7.30771403422991e-07 7.20325856329989e-07
      0.552921944207 0.000764200844261414    6.00799965202e-07    2.30261109996e-08 5.04481473278379e-07 7.05623556538862e-07
      0.555760327524 0.000764339605101584    4.48859617087e-07    2.05374605356e-08 3.25710845806875e-07 6.91294911746322e-07
      0.558598643123 0.000764479047721119    3.04353988652e-07    1.78633869156e-08 2.17219840222485e-07 6.77328577000454e-07
      0.561436890658 0.000764619171679061    2.90295283361e-07    1.74916661834e-08 1.86168031591158e-07 6.63713607363913e-07
      0.564275069784 0.000764759976532658    2.99532410247e-07    1.74217544334e-08 2.24403010519284e-07 6.50439441601943e-07
      0.567113180155 0.000764901461837272    3.73655166183e-07    1.86391324795e-08 3.11478496778666e-07 6.37487931294607e-07
      0.568532209449 0.000764972459519247    3.96748152114e-07    1.14101884116e-08 3.64932361232266e-07 6.31129356621928e-07
      0.569951221425 0.000765043627146432    5.03831732746e-07     2.1038754479e-08 4.21033404885814e-07 6.24857678995531e-07
      0.571370216039 0.000765114964662695    5.16515898049e-07    1.31120056416e-08 4.74692214532231e-07 6.18671186442441e-07
      0.574208153009 0.000765258149137558    6.14204770335e-07     1.4563618031e-08 5.64648679234108e-07 6.06519699662921e-07
      0.577046020013 0.000765402012492811    6.34616924913e-07    1.47336263594e-08 6.15854980161801e-07 5.94658010218276e-07
      0.579883816706 0.000765546554275664    6.82289846236e-07     1.4562334057e-08 6.18076944337933e-07 5.83085250865202e-07
      0.582721542742 0.000765691774031474    6.48404986816e-07    1.38057232833e-08 5.71880948737338e-07  5.7179301269387e-07
      0.585559197776 0.000765837671303845    5.65675829655e-07    1.30794393363e-08 4.87171934054387e-07 5.60773170328186e-07
       0.58839678146 0.000765984245634433    4.82270816387e-07    1.23113911415e-08 3.80271086900456e-07 5.50017871780655e-07
       0.59123429345 0.000766131496563311    3.16857702486e-07    1.06295949372e-08 2.70092825618729e-07 5.39519527959439e-07
        0.5940717334 0.000766279423628667    2.25116768137e-07    9.59792243767e-09 1.74252056785769e-07 5.29270802675982e-07
      0.596909100964 0.000766428026366908    1.37431216802e-07    8.50934390677e-09 1.05853536658648e-07 5.19264603047908e-07
      0.599746395797 0.000766577304312726    1.08841053916e-07     8.1016028522e-09 7.15006949016083e-08 5.09494070313534e-07
      0.602583617553 0.000766727256998991    9.94011245606e-08    7.95275685542e-09 7.07677551875331e-08  4.9995257104605e-07
      0.605420765885 0.000766877883956763    1.29388165557e-07     8.3581730099e-09 9.70716006266334e-08 4.90633688728349e-07
      0.608257840449 0.000767029184715505    1.81454301914e-07    9.03174443773e-09 1.39619122952008e-07 4.81531215669904e-07
      0.611094840898 0.000767181158802772     2.2563502234e-07    9.56732890322e-09 1.85936540464514e-07 4.72639145291532e-07
      0.613931766887 0.000767333805744485     2.7619170307e-07    1.01567882288e-08 2.24431548893345e-07 4.63951664695397e-07
      0.616768618071 0.000767487125064829     3.2472070179e-07    1.06949231838e-08 2.46495033969294e-07  4.5546314756405e-07
      0.619605394103  0.00076764111628615    3.32921515422e-07     1.0779393238e-08 2.47793113642795e-07 4.47168147351266e-07
      0.622442094638 0.000767795778929176    3.05975976689e-07     1.0477847526e-08 2.28594884016199e-07 4.39061390732994e-07
      0.625278719331  0.00076795111251292     2.6348493123e-07    9.98892229128e-09 1.93183362279556e-07 4.31137771343651e-07
      0.628115267835 0.000768107116554571    2.12184839377e-07    9.35748801507e-09 1.48567141467334e-07 4.23392343765513e-07
      0.630951739805 0.000768263790569721    1.46240411396e-07    8.48870381965e-09 1.02819246686091e-07 4.15820317744318e-07
      0.633788134896 0.000768421134072263    8.48018986907e-08    7.59584624225e-09 6.34036756519696e-08 4.08417052653699e-07
      0.636624452761 0.000768579146574283    5.89602977322e-08    7.17618953155e-09 3.58111597967619e-08 4.01178052181194e-07
      0.639460693056 0.000768737827586346    3.35692644325e-08    6.73935878029e-09 2.27296040959485e-08   3.940989592075e-07
      0.642296855434 0.000768897176617167     3.7827402912e-08    6.79982031176e-09 2.38464174388927e-08 3.87175550916862e-07
      0.645132939551 0.000769057193173952    5.65045424898e-08    7.09397773598e-09 3.62478064845047e-08 3.80403734070359e-07
       0.64796894506 0.000769217876762069    9.47825158776e-08    7.67346474632e-09 5.52698554433989e-08 3.73779540494798e-07
      0.650804871616 0.000769379226885334    1.24949782586e-07    8.10084604169e-09 7.55864685086298e-08 3.67299122721329e-07
      0.653640718873 0.000769541243045847    1.40923321492e-07    8.31477265187e-09 9.22987146569753e-08 3.60958749812973e-07
      0.656476486486 0.000769703924744114    1.57369918732e-07    8.56957825678e-09 1.01817045655011e-07 3.54754803342589e-07
       0.65931217411 0.000769867271478994    1.41599078489e-07     8.3876430497e-09 1.02391611163443e-07 3.48683773532996e-07
      0.662147781398 0.000770031282747591    1.31010115692e-07    8.27410636894e-09 9.42299918563544e-08 3.42742255547301e-07
      0.664983308006  0.00077019595804555    1.01045649167e-07    7.88353408834e-09 7.92276396569917e-08 3.36926945907054e-07
      0.667818753587 0.000770361296866712    7.78401400091e-08    7.57636172933e-09 6.04074643734894e-08 3.31234639069402e-07
      0.670654117797 0.000770527298703471    3.96073343379e-08    6.93479221894e-09  4.1209427862652e-08 3.25662224109844e-07
      0.673489400289 0.000770693963046431    3.31413625877e-08    6.78192533992e-09 2.47833005375388e-08 3.20206681554529e-07
      0.676324600719 0.000770861289384764    1.58610770313e-08    6.43878243691e-09 1.34192880511348e-08 3.14865080308739e-07
      0.679159718741 0.000771029277205917    7.14202603738e-09    6.23383074878e-09 8.20916834271694e-09  3.0963457472051e-07
      0.681994754009 0.000771197925995745    1.98261427518e-08    6.41050236452e-09 8.97570496034666e-09 3.04512401742082e-07
      0.684829706179 0.000771367235238627    2.45799124026e-08    6.49313406525e-09 1.44524269890193e-08 2.99495878196039e-07
      0.687664574903 0.000771537204417121     6.1100569208e-08    7.10094890499e-09 2.26501399014381e-08 2.94582398157182e-07
      0.690499359838 0.000771707833012503    5.23365129261e-08    6.95901610065e-09 3.13183394066208e-08 2.89769430405163e-07
      0.693334060638 0.000771879120504299    7.03828081068e-08    7.24679300897e-09 3.84023750998125e-08 2.85054515999256e-07
      0.696168676957  0.00077205106637047    8.07690020056e-08    7.40740160891e-09 4.24096971668274e-08 2.80435265923818e-07
       0.69900320845 0.000772223670087474    6.23622621058e-08    7.10715033104e-09  4.2626091846218e-08 2.75909358822406e-07
      0.701837654772 0.000772396931130218     7.5046503223e-08    7.29503985223e-09 3.91584144247948e-08 2.71474538817613e-07
      0.704672015577    0.000772570848972    4.74025519724e-08    6.83875907816e-09 3.28162037129714e-08 2.67128613409777e-07
       0.70750629052 0.000772745423084639     3.4853489164e-08    6.61456216788e-09 2.48738182224294e-08 2.62869451446534e-07
      0.710340479255 0.000772920652938355    2.36561930562e-08     6.4067178214e-09 1.67725655596851e-08  2.5869498117109e-07
      0.713174581437 0.000773096538001904    1.59510441295e-08    6.26458385891e-09 9.82665430454621e-09 2.54603188334379e-07
      0.716008596721 0.000773273077742517    7.34470136918e-09    6.10265407977e-09 4.98845527075057e-09 2.50592114379277e-07
      0.718842524762 0.000773450271625913    1.38332572009e-08    6.21652528766e-09 2.71062680972644e-09 2.46659854686699e-07
      0.721676365214 0.000773628119116234    1.04087360859e-08    6.14911688651e-09  2.9197094426526e-09 2.42804556885606e-07
      0.724510117732 0.000773806619676184    2.00514398285e-08    6.31879816504e-09 5.09281285539427e-09 2.39024419218361e-07
      0.727343781971  0.00077398577276697    3.40423331138e-08    6.58678171138e-09 8.41039564638427e-09 2.35317688967001e-07
      0.730177357584 0.000774165577848181    2.93335965146e-08    6.52819546093e-09  1.1946906074974e-08 2.31682660936024e-07
      0.733010844228 0.000774346034378173    2.68778582712e-08    6.50838982013e-09 1.48584636350665e-08 2.28117675977308e-07
      0.735844241557 0.000774527141813637    3.38846249472e-08    6.65137834673e-09 1.65322664259248e-08 2.24621119582979e-07
      0.738677549226 0.000774708899609854     3.8638448658e-08    6.75383228908e-09 1.66739780081238e-08 2.21191420512482e-07
      0.741510766889 0.000774891307220575    1.46217716244e-08    6.34284934836e-09 1.53240367393249e-08 2.17827049474669e-07
      0.744343894201 0.000775074364098156    1.20083211903e-08    6.29981501334e-09 1.28084588852766e-08 2.14526517849784e-07
      0.747176930817   0.0007752580696935    4.21304231919e-09    6.16241747062e-09  9.6414907768866e-09 2.11288376459005e-07
      0.750009876391 0.000775442423455999    4.07786840075e-09    6.16365236494e-09 6.40450409625129e-09 2.08111214375084e-07
       0.75284273058   0.0007756274248338   -1.31798789884e-08    5.84382689389e-09 3.62705933433946e-09 2.04993657768577e-07
      0.755675493036  0.00077581307327329    7.36729085941e-09    6.19520173827e-09 1.69246795892965e-09 2.01934368805029e-07
      0.758508163416 0.000775999368219756    8.78773418006e-10    6.04328574549e-09 7.82777861751432e-10 1.98932044560539e-07
      0.761340741374 0.000776186309116865    9.23832976026e-10     6.0112841458e-09 8.68769857256897e-10 1.95985415992516e-07
      0.764173226565 0.000776373895406938    1.96685115342e-08    6.32207991586e-09 1.74130294760627e-09 1.93093246932107e-07
      0.767005618644 0.000776562126530887    1.20533936047e-08    6.15266762486e-09  3.0729356104097e-09 1.90254333115201e-07
      0.769837917265 0.000776751001928153    1.68965318033e-09    5.99148147016e-09 4.49436459376838e-09 1.87467501245616e-07
      0.772670122084 0.000776940521036917    2.24169466542e-08     6.3995654489e-09  5.6693231731329e-09 1.84731608085166e-07
      0.775502232756 0.000777130683293904    1.85868962124e-08     6.3616119465e-09 6.35390658810926e-09 1.82045539579274e-07
      0.778334248935 0.000777321488134389    6.19559444003e-09    6.16892037166e-09 6.43099958819133e-09  1.7940821000864e-07
      0.781166170276 0.000777512934992337    5.51977837979e-09    6.18750484984e-09 5.91637636404751e-09 1.76818561166274e-07
      0.783997996435 0.000777705023300411   -4.48332639252e-09    5.96685163076e-09 4.93885536823575e-09 1.74275561563623e-07
      0.786829727065 0.000777897752489707    -3.2216198924e-09    5.95484804215e-09 3.70170945055779e-09 1.71778562539404e-07
      0.789661361823 0.000778091121990235    9.07960065057e-09    6.14867829379e-09 2.69657199081572e-09 1.69858453415031e-07
