#     thickness (A)        interface (A)       rho (1e-6/A^2)      irho (1e-6/A^2)      rhoM (1e-6/A^2)      theta (degrees)
                   0     28.1235655096336                2.071                    0                    0                    0
1.62971117189614e-05     2.85339720595631     2.07100000007426                    0                    0                    0
    25.9754877438719      4.6220642640465     3.00061725490749                    0                    0                    0
    102.239320851918     15.9765826898999     9.43785313823383                    0     1.93975347644653                  270
    60.1376062374509     5.96888536154696     6.15086194390719                    0                    0                    0
    16.9970303852414     9.61530744423768     2.49999997035069                    0                    0                    0
    301.304467762872     5.99013327764219     4.49491406002976                    0                    0                    0
                   0                    0                    0                    0                    0                    0
                   0                    0                    0                    0                    0                    0
