# intensity: 1.02055459252144
# background: 0
#           Q (1/A)             dQ (1/A)                    R                   dR               theory              fresnel
     0.0483642315116 0.000750702739851845       0.951434579138     0.00501003519873    0.919320197266207   0.0166297104802652
     0.0497866914682 0.000750709007438337        0.94044560157     0.00496697431537    0.915661073713655    0.015211323711054
     0.0512091499082 0.000750715456630211        0.92483593417     0.00490572657895    0.909414066620069   0.0132568587163126
     0.0526316067882    0.000750722087422        0.91507948482      0.0048673956524    0.902029818181649   0.0115582965333364
      0.054054062065 0.000750728899808085       0.891642996968     0.00477516962074     0.89340171673219   0.0101340331288595
     0.0554765156953 0.000750735893782693       0.876236096925     0.00471441470647    0.883081534645454  0.00893067576165485
     0.0568989676356 0.000750743069339895       0.854327123245     0.00462784251127    0.870422415810494  0.00790696245442583
     0.0583214178427 0.000750750426473612       0.832076973197     0.00453970038522    0.854493260503613  0.00703062290459653
     0.0597438662732 0.000750757965177608       0.797485049287     0.00440218205643    0.833979697757617  0.00627614689492316
     0.0611663128838 0.000750765685445495       0.755120376229     0.00423288370811    0.807120242388669  0.00562317162148212
     0.0625887576312 0.000750773587270732       0.713350487453     0.00406490300013    0.771822606247454  0.00505529902740912
      0.064011200472 0.000750781670646622       0.660982624188     0.00385260415179    0.726266755681505   0.0045592169008078
     0.0654336413629 0.000750789935566318       0.611077559878     0.00364824562759    0.670361056093499    0.004124037801969
     0.0668560802606 0.000750798382022817        0.56406531003     0.00345358980774    0.607816318367435  0.00374079633842702
     0.0682785171218 0.000750807010008963       0.524906916272     0.00328959354811    0.546973868830743  0.00340206298761783
      0.069700951903 0.000750815819517446       0.497644208161     0.00317426832942    0.497833419762148  0.00310164468388177
     0.0711233845611 0.000750824810540804        0.47861385523      0.0030931423649    0.466318194875847  0.00283435067781889
     0.0725458150526  0.00075083398307142       0.474897210464      0.0030772339742    0.451257752615807  0.00259580797801604
     0.0739682433342 0.000750843337101525       0.465759918032     0.00303803317951    0.446753559417821   0.0023823147954067
     0.0753906693627 0.000750852872623196       0.468748114267     0.00305086561273    0.446415054186866  0.00219072335984242
     0.0768130930946 0.000750862589628355       0.459408054463     0.00301070035281    0.445719891491937  0.00201834561546052
     0.0782355144866 0.000750872488108774       0.451730687084     0.00297757578127    0.442226100792535   0.0018628768671077
     0.0796579334955  0.00075088256805607        0.44262088991     0.00293813751632    0.434927517340418  0.00172233360820179
     0.0810803500778 0.000750892829461706       0.427630839031     0.00287291585697     0.42361633510884  0.00159500262389814
     0.0825027641903 0.000750903272316994       0.407801406942     0.00278596845389    0.408481381368455  0.00147939911321205
     0.0839251757896 0.000750913896613089        0.38491694649     0.00268458712938    0.389903184796505  0.00137423206678666
     0.0853475848324 0.000750924702340998        0.36495233615     0.00259513435406    0.368365001917047  0.00127837551297358
     0.0867699912754  0.00075093568949157       0.339069270754     0.00247758842129    0.344420776847884  0.00119084453466883
     0.0881923950752 0.000750946858055505       0.315984395044     0.00237105595035    0.318685355771644  0.00111077518333644
     0.0896147961885 0.000750958208023346        0.29176402206     0.00225731092922    0.291827862225851  0.00103740759129963
      0.091037194572 0.000750969739385486       0.260541415925     0.00210718175422    0.264558069585485 0.000970071720281016
     0.0924595901823 0.000750981452132163       0.233198425444     0.00197181075627    0.237601235400953 0.000908175291969791
     0.0938819829761 0.000750993346253465       0.203718442648     0.00182081600318    0.211661256107075 0.000851193531859383
     0.0953043729102 0.000751005421739325       0.179902428357     0.00169407309675    0.187375864248965 0.000798660425687646
     0.0967267599411 0.000751017678579521       0.159465870211      0.0015810856865    0.165270640835446 0.000750161242246956
     0.0981491440255 0.000751030116763682       0.139745756765     0.00146746640219    0.145720099989755 0.000705326120064016
     0.0995715251202 0.000751042736281284       0.126108664385     0.00138566532441    0.128923406000908 0.000663824550906427
      0.100993903182 0.000751055537121649       0.112524602447     0.00130099949817    0.114899439333535 0.000625360621657676
      0.102416278167 0.000751068519273941       0.102319996657     0.00123490813755    0.103501785195815 0.000589668899486633
      0.103838650032 0.000751081682727178      0.0923451938816     0.00116785769893   0.0944501260096367 0.000556510864234628
      0.105261018734 0.000751095027470228       0.086452774134     0.00112693280748   0.0873717305459152 0.000525671807774075
       0.10668338423 0.000751108553491803      0.0807360861031      0.0010861680282     0.08184587830851 0.000496958132808577
      0.108105746476 0.000751122260780457      0.0782499283608     0.00106807991715   0.0774449902274124  0.00047019499432498
      0.109528105429 0.000751136149324599       0.074804005069     0.00104262552508   0.0737682602286056 0.000445224235641032
      0.110950461045 0.000751150219112476      0.0717636165127     0.00101976905544   0.0704658628256557 0.000421902578543244
      0.112372813282 0.000751164470132202      0.0692369052886     0.00100047071944   0.0672537139162105 0.000400100032832143
      0.113795162096  0.00075117890237172      0.0658044998135    0.000973787182507   0.0639199872923517 0.000379698496087029
      0.115217507443  0.00075119351581882      0.0610469014476    0.000935831757317   0.0603251363658222 0.000360590518344122
      0.116639849281 0.000751208310461158      0.0568029804151    0.000900911670889   0.0563972101043714 0.000342678210328019
      0.118062187565  0.00075122328628621       0.051153205622    0.000852651373305   0.0521240032918149 0.000325872276897065
      0.119484522253 0.000751238443281329      0.0459089655654    0.000805749994439   0.0475432325028447 0.000310091159637155
      0.120906853302 0.000751253781433706      0.0424490783547    0.000773512018533   0.0427316065950703 0.000295260275225653
      0.122329180667  0.00075126930073036      0.0366782244134    0.000717022413013   0.0377934259949048 0.000281311337612439
      0.123751504306 0.000751285001158187       0.032705241141    0.000675774607553   0.0328492116504704 0.000268181753809194
      0.125173824175 0.000751300882703912      0.0279482240383    0.000623256835424   0.0280248125053509 0.000255814084603564
      0.126596140232 0.000751316945354128      0.0231236178092    0.000565581758074   0.0234414328394002  0.00024415556232835
      0.128018452432 0.000751333189095245      0.0191641523513    0.000513885901012   0.0192070175257912   0.0002331576591664
      0.129440760732 0.000751349613913542         0.0141359001    0.000440271397973   0.0154093991539978  0.00022277569999656
      0.130863065089 0.000751366219795145      0.0120352606732    5.97466838036e-05    0.012111525894405 0.000212968514830147
       0.13228536546 0.000751383006726032     0.00934358447845    4.93090836114e-05  0.00934894972520334 0.000203698126302124
      0.133707661802 0.000751399974692025       0.007159964344    4.06431350028e-05  0.00712957629678325 0.000194929468325775
       0.13512995407 0.000751417123678775      0.0055887953509    3.42157019178e-05    0.005435487479693 0.000186630132490041
      0.136552242222 0.000751434453671812     0.00434438216249    2.89307750414e-05  0.00422647748522732 0.000178770139127449
      0.137974526215 0.000751451964656508     0.00361685846449    2.57148597532e-05  0.00344482110769037 0.000171321730488877
      0.139396806004 0.000751469656618054      0.0032326339746    2.39622827213e-05  0.00302073464197263 0.000164259183602541
      0.140819081547 0.000751487529541531     0.00306589923611    2.31866348511e-05  0.00287799917382273 0.000157558640735879
      0.142241352801 0.000751505583411852     0.00318062969614    2.37193714533e-05  0.00293928200241201 0.000151197955700632
      0.143663619722 0.000751523818213769     0.00337496823168    2.47063536734e-05  0.00313079642170726  0.00014515655430624
      0.145085882266 0.000751542233931882      0.0036949756928    2.61589950027e-05  0.00338606162541602 0.000139415307536953
      0.146508140391 0.000751560830550665     0.00397145575941    2.73928607322e-05  0.00364864383366119 0.000133956416171367
      0.147930394053 0.000751579608054414     0.00421400608699    2.84612866375e-05  0.00387386295214854 0.000128763305729449
      0.149352643209  0.00075159856642729     0.00432489280365    2.89462301701e-05  0.00402952862093495 0.000123820530678691
      0.150774887815 0.000751617705653286     0.00441551630015    2.93399338413e-05  0.00409582358011139  0.00011911368703983
      0.152197127829 0.000751637025716273     0.00440570235966    2.92971621979e-05  0.00406448323889249 0.000114629332545311
      0.153619363206 0.000751656526599929     0.00423975754483    2.85742069983e-05    0.003937432776477 0.000110354913669713
      0.155041593904 0.000751676208287825     0.00402447267002    2.76282468751e-05  0.00372504226701547 0.000106278698822179
      0.156463819879  0.00075169607076335     0.00376295683488    2.64655617869e-05  0.00344415092797092  0.00010238971718876
      0.157886041087 0.000751716114009744     0.00337408957571    2.47042895404e-05  0.00311599726927738 9.86777026470829e-05
      0.159308257487 0.000751736338010139     0.00308011744466    2.33425864036e-05  0.00276417506901378 9.51330423052205e-05
      0.160730469033 0.000751756742747443     0.00261365787108    2.11158744366e-05  0.00241271704917015 9.17467292718997e-05
      0.162152675683 0.000751777328204473      0.0022931908026    1.95260552448e-05  0.00208438943333372  8.8510319207952e-05
      0.163574877394  0.00075179809436388     0.00195542091802     1.7781265055e-05  0.00179926146162287 8.54158903952252e-05
      0.164997074122 0.000751819041208152     0.00171939970045    1.65088742694e-05  0.00157359446441527 8.24560069659407e-05
      0.166419265824 0.000751840168719637     0.00153650353356    1.54844721767e-05  0.00141907552591874 7.96236850231628e-05
      0.167841452457 0.000751861476880536     0.00142038542022    1.48131868323e-05  0.00134240152933102 7.69123614109352e-05
      0.169263633977 0.000751882965672885     0.00142606290655    1.48464289689e-05  0.00134520114518174 7.43158648990518e-05
       0.17068581034 0.000751904635078568      0.0014925706036    1.52325652606e-05  0.00142426592062235 7.18283895727446e-05
      0.172107981505 0.000751926485079365     0.00161643442974    1.59373580224e-05  0.00157204786751561 6.94444702410979e-05
      0.173530147426 0.000751948515656829     0.00180153400168    1.69585580227e-05  0.00177737052125117 6.71589597159346e-05
      0.174952308062 0.000751970726792442     0.00205381716225    1.82992953111e-05  0.00202629381094277 6.49670077579973e-05
      0.176374463368  0.00075199311846747      0.0023343525766    1.97344470814e-05  0.00230307037088141 6.28640416120832e-05
      0.177796613302 0.000752015690663082     0.00260542551408    2.10763821058e-05  0.00259113198366409 6.08457479467217e-05
      0.179218757819 0.000752038443360243     0.00289958689434    2.24920938466e-05  0.00287404919198154 5.89080561277447e-05
      0.180640896878 0.000752061376539838     0.00321740446812    2.39825517742e-05  0.00313641413211618 5.70471226814556e-05
      0.182063030433 0.000752084490182517     0.00343099961467    2.49651513109e-05  0.00336460553354147 5.52593168916282e-05
      0.183485158443 0.000752107784268866     0.00358430526397    2.56621682408e-05  0.00354740487250324 5.35412073951318e-05
      0.184907280863 0.000752131258779252      0.0037512639166      2.641398538e-05  0.00367644311593309 5.18895497455452e-05
      0.186329397651 0.000752154913693944     0.00387658766861    2.69733282329e-05  0.00374646781485068 5.03012748267497e-05
      0.187751508763 0.000752178748993029     0.00385267463694    2.68668280435e-05  0.00375543000822983 4.87734780837752e-05
      0.189173614156  0.00075220276465646     0.00376766103801    2.64872359174e-05  0.00370439919951815 4.73034094855085e-05
      0.190595713786 0.000752226960664025     0.00367332014005    2.60639193999e-05  0.00359732233035273 4.58884641778749e-05
       0.19201780761 0.000752251336995379     0.00348570625226    2.52151940827e-05  0.00344064907282358 4.45261737659812e-05
      0.193439895585 0.000752275893630027     0.00333914599882    2.45448440255e-05  0.00324285078731509 4.32141981851758e-05
      0.194861977668 0.000752300630547327     0.00308701153477    2.33760521939e-05  0.00301386406737114  4.1950318113254e-05
      0.196284053814 0.000752325547726453     0.00285420755945    2.22766508554e-05  0.00276449184501458 4.07324278866279e-05
      0.197706123982 0.000752350645146498     0.00256368247262    2.08728404235e-05  0.00250579549933266 3.95585288751218e-05
      0.199128188127 0.000752375922786338     0.00231195354194    1.96222677466e-05  0.00224851028276831 3.84267233004714e-05
      0.200550246206 0.000752401380624735     0.00203928550175    1.82246477035e-05  0.00200251366126135 3.73352084434531e-05
      0.201972298176 0.000752427018640302      0.0018164982344    1.70414620999e-05  0.00177637199682132 3.62822712297213e-05
      0.203394343994 0.000752452836811504     0.00159668488852    1.58290040676e-05  0.00157698555607244 3.52662831593724e-05
      0.204816383616 0.000752478835116639     0.00142823927619    1.48627561179e-05  0.00140934543070403    3.42856955583e-05
      0.206238416999 0.000752505013533874     0.00128250360926     1.3995115781e-05  0.00127640898341451 3.33390351260543e-05
      0.207660444099  0.00075253137204121      0.0011998195825    1.34864695972e-05  0.00117909333939532 3.24248997643643e-05
      0.209082464874 0.000752557910616538      0.0011205150117    1.29866515456e-05  0.00111637969015054 3.15419546610057e-05
       0.21050447928 0.000752584629237562     0.00109082085699    1.27957157118e-05   0.0010855152118444 3.06889286191148e-05
      0.211926487274 0.000752611527881857     0.00108626985584    1.27656916617e-05  0.00108229458806566 2.98646106065555e-05
      0.213348488811 0.000752638606526812     0.00109142915849     6.3819630991e-06  0.00110139974029965 2.90678465183225e-05
       0.21477048385 0.000752665865149744     0.00112026718402    6.87719049242e-06  0.00113677454160146 2.82975361291007e-05
      0.216192472347 0.000752693303727766     0.00116189757771    7.05034664085e-06  0.00118201103040091 2.75526302354465e-05
      0.217614454258 0.000752720922237841     0.00121623472667     7.2749655485e-06  0.00123072483675535  2.6832127962466e-05
       0.21903642954 0.000752748720656806     0.00125786512065    7.44612931396e-06  0.00127689996838279  2.6135074230782e-05
       0.22045839815 0.000752776698961349     0.00129284474508     7.5893713891e-06  0.00131518649815475 2.54605573731414e-05
      0.221880360044  0.00075280485712799     0.00133221135443    7.74968165455e-06  0.00134113873348717 2.48077068899044e-05
      0.223302315179 0.000752833195133124      0.0013433797814    7.79494488572e-06   0.0013513858125142 2.41756913331574e-05
      0.224724263513 0.000752861712953016     0.00132416013838    7.71661449338e-06  0.00134373106648766 2.35637163135133e-05
         0.226146205 0.000752890410563704      0.0013026424649     7.6287601863e-06  0.00131718065807471 2.29710226229151e-05
      0.227568139599 0.000752919287941181     0.00128050297122    7.53817077327e-06  0.00127190574466548 2.23968844582198e-05
      0.228990067266 0.000752948345061231     0.00119781443798    7.19851343166e-06   0.0012091455746159 2.18406077520376e-05
      0.230411987957 0.000752977581899491       0.001134456394    6.93603181628e-06  0.00113106140056825 2.13015285926678e-05
       0.23183390163 0.000753006998431492     0.00106001373391    6.62480067862e-06  0.00104055283622742 2.07790117325845e-05
      0.233255808241 0.000753036594632577     0.00094615309734    6.14183828876e-06 0.000941049278106121 2.02724491817006e-05
      0.234677707746 0.000753066370477943    0.000848486814714    5.71950179159e-06 0.000836289281641956 1.97812588758264e-05
      0.236099600102  0.00075309632594266    0.000743412765034     5.2542046191e-06  0.00073010037645765 1.93048834183626e-05
      0.237521485267 0.000753126461001672     0.00063814946533    4.77397584665e-06 0.000626190800182905 1.88427888907358e-05
      0.238943363196 0.000753156775629716    0.000536995583825    4.29479165684e-06 0.000527963121143528 1.83944637283413e-05
      0.240365233847 0.000753187269801442     0.00045000838202    3.86380973128e-06 0.000438357816852445 1.79594176536645e-05
      0.241787097175 0.000753217943491293    0.000363751142256    3.41238843721e-06 0.000359732705507224 1.75371806700764e-05
      0.243208953139 0.000753248796673652    0.000298697963644    3.04975269737e-06 0.000293781810466818 1.71273021050907e-05
      0.244630801693 0.000753279829322644    0.000242972083755    2.71741058142e-06 0.000241494913986742 1.67293497087321e-05
      0.246052642796  0.00075331104141236    0.000198736354524    2.43356797683e-06 0.000203156834735004  1.6342908793773e-05
      0.247474476404 0.000753342432916679    0.000174182577659    2.26554737987e-06 0.000178383466844985 1.59675814257754e-05
      0.248896302473 0.000753374003809332    0.000159767168989    2.16240641046e-06 0.000166189923060588 1.56029856520694e-05
      0.250318120961 0.000753405754063953    0.000153719294349    2.11814303233e-06 0.000165084809487063 1.52487547707725e-05
      0.251739931823 0.000753437683653959    0.000153051513857    2.11314362341e-06 0.000173183758138121 1.49045366389714e-05
      0.253161735017 0.000753469792552689     0.00017290379107    2.25593599085e-06 0.000188334873967523 1.45699930134322e-05
      0.254583530499 0.000753502080733295    0.000195486668809    2.41079482605e-06 0.000208248703745644 1.42447989273287e-05
      0.256005318226 0.000753534548168803    0.000217420690923    2.55480813452e-06 0.000230625671775965 1.39286420964544e-05
      0.257427098154 0.000753567194832071    0.000239514222915    2.69494330267e-06 0.000253274600741354 1.36212223562999e-05
      0.258848870241 0.000753600020695859    0.000256498017476     2.7995896412e-06 0.000274216881094905 1.33222511260565e-05
      0.260270634443 0.000753633025732736    0.000275266165154    2.91238863737e-06 0.000291771996486204 1.30314509006284e-05
      0.261692390717 0.000753666209915148    0.000288951611052    2.99306016794e-06  0.00030462138201022 1.27485547661863e-05
      0.263114139019 0.000753699573215374    0.000300311991392    3.05910247919e-06 0.000311848911617952 1.24733059404472e-05
      0.264535879306  0.00075373311560557     0.00029936304069    3.05328890917e-06 0.000312957613836757 1.22054573345505e-05
      0.265957611535 0.000753766837057748    0.000293953207578    3.02171931466e-06 0.000307863438884224 1.19447711367243e-05
      0.267379335663 0.000753800737543776    0.000283379565175    2.95978246281e-06 0.000296867994400869 1.16910184158002e-05
      0.268801051645  0.00075383481703533    0.000266019974526    2.85657438288e-06  0.00028061308951919  1.1443978744064e-05
       0.27022275944 0.000753869075504036    0.000248254848844    2.74849659603e-06 0.000260020647311471 1.12034398366915e-05
      0.271644459003  0.00075390351292128    0.000224947415631    2.60290380177e-06 0.000236222044724252 1.09691972106535e-05
      0.273066150291 0.000753938129258353     0.00020209958847    2.45471087239e-06 0.000210481206614313 1.07410538573373e-05
      0.274487833261 0.000753972924486401    0.000178008121461    2.29141621608e-06 0.000184115820056862 1.05188199318528e-05
       0.27590950787 0.000754007898576427    0.000143670143419    2.04279722855e-06 0.000158420856029358 1.03023124564908e-05
      0.277331174074 0.000754043051499263    0.000127283836467    1.91574856879e-06 0.000134598209945113 1.00913550380835e-05
       0.27875283183 0.000754078383225625    0.000108161521685    1.75856981799e-06 0.000113695728164676 9.88577759796546e-06
      0.280174481095 0.000754113893726083    8.81740661775e-05    1.58097097434e-06   9.655821048438e-05  9.6854161147776e-06
      0.281596121825  0.00075414958297104    7.62973054806e-05    1.46706998255e-06 8.37922084292814e-05  9.4901123790036e-06
      0.283017753977  0.00075418545093078    6.67456106645e-05     1.3696414155e-06 7.57456199706385e-05  9.2997137582507e-06
      0.284439377508 0.000754221497575444    6.38987569008e-05    1.33949814994e-06 7.25022570749826e-05 9.11407297355366e-06
      0.285860992375 0.000754257722875028      6.494233316e-05    1.35041260282e-06  7.3890775655956e-05 8.93304788559975e-06
      0.287282598533 0.000754294126799337    6.87165098896e-05    1.38989424516e-06 7.95066473184463e-05 8.75650129077147e-06
      0.288704195941 0.000754330709318132    8.12232012133e-05    1.51480237203e-06  8.8745251538088e-05 8.58430072528364e-06
      0.290125784554  0.00075436747040093     9.3648785489e-05    1.63073136377e-06 0.000100843701000672 8.41631827970827e-06
       0.29154736433 0.000754404410017183    0.000107047653035    1.74849730023e-06 0.000114928699106008 8.25243041987179e-06
      0.292968935224  0.00075444152813612     0.00012256341174    1.87777693509e-06 0.000130067574052994 8.09251781713721e-06
      0.294390497194  0.00075447882472691    0.000138079170631    2.00034514564e-06  0.00014531963820683 7.93646518472366e-06
      0.295812050196 0.000754516299758522    0.000155433353857    2.13087534622e-06 0.000159785173387541 7.78416112236877e-06
      0.297233594188 0.000754553953199839    0.000165460876335    2.20373760946e-06 0.000172649626730476 7.63549796672119e-06
      0.298655129125 0.000754591785019521      0.0001738932957    2.26370736647e-06 0.000183220993169504 7.49037164911963e-06
      0.300076654965 0.000754629795186164    0.000180411590758    2.30904939904e-06 0.000190958833708248 7.34868155832701e-06
      0.301498171663 0.000754667983668145    0.000187686883978    2.35891836857e-06 0.000195493902343481 7.21033041032688e-06
      0.302919679178 0.000754706350433803    0.000191366435835    2.38384582136e-06 0.000196637900049784 7.07522412236213e-06
      0.304341177465  0.00075474489545123    0.000186583829473    2.35135572333e-06 0.000194383410902327 6.94327169373117e-06
      0.305762666482 0.000754783618688456    0.000183396326396    2.32951604924e-06  0.00018889457751773 6.81438509017498e-06
      0.307184146184 0.000754822520113288    0.000174704365355    2.26914446822e-06 0.000180489516287168  6.6884791342985e-06
      0.308605616529 0.000754861599693474    0.000158712778939    2.15500343615e-06   0.0001696158389449  6.5654713994725e-06
      0.310027077473 0.000754900857396565    0.000150858922844    2.09720964845e-06 0.000156820921944885 6.44528210909995e-06
      0.311448528973 0.000754940293189998    0.000137354615976    1.99500095403e-06 0.000142718740027575 6.32783403934372e-06
      0.312869970987 0.000754979907041098    0.000124039558562    1.89009388801e-06 0.000127955152810267 6.21305242610442e-06
      0.314291403469 0.000755019698916936    0.000106128440779    1.74155770274e-06 0.000113173504987746 6.10086487619268e-06
      0.315712826378 0.000755059668784583    9.86801193309e-05    1.67677492977e-06 9.89822788592562e-05 5.99120128100768e-06
      0.317134239669 0.000755099816610855     7.9741647061e-05    1.50147501967e-06  8.5926334857553e-05 5.88399373511598e-06
        0.3185556433 0.000755140142362515    7.17526128118e-05    1.42219155011e-06 7.44630044991645e-05 5.77917645688163e-06
      0.319977037227 0.000755180646006125    6.45476124818e-05    1.34726278867e-06 6.49439808034138e-05  5.6766857131853e-06
      0.321398421408 0.000755221327508166    5.70398124351e-05    1.26512954057e-06 5.76036004910937e-05 5.57645974648642e-06
      0.322819795797 0.000755262186834865    5.26681478269e-05    1.21517049355e-06 5.25537517972842e-05 5.47843870549484e-06
      0.324241160354 0.000755303223952477    4.79179842606e-05    1.15867322932e-06 4.97852892619007e-05 5.38256457748119e-06
      0.325662515033 0.000755344438826949    4.93589844943e-05    1.17649940376e-06 4.91755113017697e-05 5.28878112475004e-06
      0.327083859792   0.0007553858314242    5.10703413521e-05    1.19729782668e-06  5.0500971829325e-05 5.19703382213148e-06
      0.328505194587 0.000755427401709951    5.67153852124e-05    1.26232773408e-06 5.34546671471923e-05 5.10726979797084e-06
      0.329926519376 0.000755469149649845     5.9035044068e-05    1.28799423635e-06 5.76664715533905e-05 5.01943777676667e-06
      0.331347834114 0.000755511075209293     6.4409731131e-05    1.34622797148e-06 6.27255950643808e-05  4.9334880245924e-06
      0.332769138759 0.000755553178353658    6.92977763547e-05     1.3973002964e-06 6.82038053351016e-05 4.84937229595083e-06
      0.334190433268 0.000755595459048134    7.65379229051e-05    1.47023951145e-06 7.36781904996853e-05 4.76704378327187e-06
      0.335611717596 0.000755637917257713    8.02228820092e-05    1.50622275565e-06 7.87523348136035e-05 4.68645706815365e-06
      0.337032991701 0.000755680552947341    8.98286482313e-05    1.59692132194e-06  8.3074925764588e-05 4.60756807412413e-06
      0.338454255539 0.000755723366081763    8.81335130263e-05    1.58111398413e-06 8.63549991281816e-05 4.53033402175489e-06
      0.339875509068 0.000755766356625645    9.03315112482e-05    1.60134984805e-06 8.83732454647733e-05 4.45471338497137e-06
      0.341296752243 0.000755809524543426    8.92311602079e-05    1.59109255935e-06 8.89890345690749e-05 4.38066584948747e-06
      0.342717985022 0.000755852869799495    8.83146517396e-05    1.58255719943e-06  8.8143051083349e-05 4.30815227221794e-06
      0.344139207361 0.000755896392358042    8.72088937071e-05    1.57221459285e-06 8.58556623880643e-05 4.23713464277359e-06
      0.345560419217 0.000755940092183149    8.42917471577e-05    1.54470666296e-06  8.2221348341186e-05 4.16757604597545e-06
      0.346981620546 0.000755983969238729    7.66433619771e-05    1.47057461086e-06 7.73997019937409e-05 4.09944062600551e-06
      0.348402811306  0.00075602802348862    7.01304740431e-05    1.40480501657e-06  7.1603653866326e-05  4.0326935516358e-06
      0.349823991453 0.000756072254896457    6.15439520178e-05    1.31331047928e-06 6.50856747334475e-05  3.9673009830623e-06
      0.351245160944 0.000756116663425771    5.93378431242e-05    1.28857300951e-06 5.81227702117344e-05  3.9032300396216e-06
      0.352666319735 0.000756161249039923    5.10216774284e-05     1.1925666955e-06 5.10010946985772e-05 3.84044876891245e-06
      0.354087467783 0.000756206011702166    4.56253617653e-05    1.12625809817e-06 4.40023377928241e-05 3.77891888748182e-06
      0.355508605045 0.000756250951375619    3.63710588783e-05    3.42187539157e-07 3.74640949253223e-05 3.71874884893137e-06
      0.358350847038 0.000756341361607899    2.58532902786e-05    2.96020126601e-07 2.63535482815268e-05 3.60184066464495e-06
      0.361193045367 0.000756432479438858     1.8074232879e-05    2.44188105224e-07 1.88624743945319e-05 3.48938242625445e-06
      0.364035199685 0.000756524304568397    1.54740042181e-05    2.25000193295e-07 1.55045526137972e-05 3.38128395214593e-06
      0.366877309647 0.000756616836694292    1.55533087239e-05     2.2557510284e-07 1.59414352672328e-05 3.27734381455874e-06
      0.369719374906  0.00075671007551207    1.86936494461e-05    2.48513715669e-07 1.91780623262587e-05 3.17737136813497e-06
      0.372561395116 0.000756804020715113    2.23963317644e-05    2.73759034849e-07 2.38287224385028e-05 3.08118609472636e-06
      0.375403369931 0.000756898671994623    2.62702398802e-05    2.98555228573e-07  2.8428878191486e-05 2.98861699281875e-06
      0.378245299003 0.000756994029039567    2.98107083418e-05     3.2009421522e-07 3.17270883953747e-05 2.89950200811775e-06
      0.381087181988 0.000757090091536874    3.02811286573e-05    3.22894737888e-07 3.29025535562295e-05 2.81368750196055e-06
      0.383929018538  0.00075718685917118    2.85496455627e-05    3.12550830302e-07 3.16743296432447e-05  2.7310277554338e-06
      0.386770808308 0.000757284331625062    2.48340465848e-05    2.89461797896e-07 2.82930734571982e-05 2.65138450571469e-06
      0.389612550951 0.000757382508578872    2.00370214344e-05    2.57705158869e-07 2.34300117785617e-05 2.57462651308028e-06
      0.392454246121 0.000757481389710848    1.47353306264e-05     2.1894775463e-07  1.7996165535437e-05 2.50062915580097e-06
      0.395295893471 0.000757580974697049    1.05511131117e-05     1.8407527221e-07 1.29347698290532e-05 2.42927405128266e-06
      0.398137492656 0.000757681263211459    7.37322233097e-06    1.53340257257e-07 9.03032003760008e-06 2.36044870132514e-06
      0.400979043329 0.000757782254925858    5.56453728457e-06      1.333358335e-07 6.76967780215773e-06 2.29404616009158e-06
      0.403820545144 0.000757883949509927    5.38399916947e-06    1.31241102565e-07 6.27666169945376e-06 2.22996472285717e-06
      0.406661997754 0.000757986346631184    6.42306928692e-06    1.43270020171e-07 7.32489833334402e-06 2.16810763437335e-06
      0.409503400814 0.000758089445955095    8.59463276767e-06     1.6584756811e-07 9.41794324261845e-06 2.10838281526735e-06
      0.412344753977 0.000758193247144936    1.09163943576e-05    1.87369441351e-07  1.1913769281229e-05 2.05070260549221e-06
      0.415186056898 0.000758297749861942    1.32711995005e-05    2.07216789474e-07 1.41645618543636e-05 1.99498352335404e-06
      0.418027309229 0.000758402953765126    1.37905844101e-05    2.11368888581e-07 1.56429262194299e-05 1.94114603940246e-06
      0.420868510625 0.000758508858511508    1.46253851788e-05    2.17928950742e-07 1.60313785144336e-05 1.88911436379651e-06
      0.423709660739 0.000758615463755933     1.3823027141e-05    2.11570431947e-07 1.52616261579547e-05 1.83881624666071e-06
      0.426550759225 0.000758722769151189    1.16358430226e-05    1.93460438276e-07 1.35013522882483e-05 1.79018279021764e-06
      0.429391805738 0.000758830774348009    9.53727589649e-06    1.74690595337e-07 1.10966577400116e-05 1.74314827212146e-06
      0.432232799931 0.000758939478994966    7.54384738404e-06    1.55122138949e-07  8.4860441900086e-06 1.69764997925029e-06
      0.435073741457 0.000759048882738548    5.85682287368e-06    1.36689721569e-07 6.10564023573333e-06 1.65362805114682e-06
      0.437914629971 0.000759158985223246    4.26892905464e-06    1.17009979717e-07 4.30496169817674e-06 1.61102533257181e-06
      0.440755465126 0.000759269786091401    3.37194624833e-06    1.04397220737e-07 3.28839319442571e-06 1.56978723466596e-06
      0.443596246576 0.000759381284983325    3.35902895131e-06    1.04352610186e-07 3.09097183951834e-06 1.52986160398151e-06
      0.446436973976 0.000759493481537307     4.0430307431e-06    1.14208266352e-07 3.58949427977924e-06 1.49119859903232e-06
      0.449277646979 0.000759606375389501    4.96734954904e-06    1.26348211143e-07 4.54302223366546e-06 1.45375057387992e-06
      0.452118265238 0.000759719966174008    6.12597744792e-06    1.40176563555e-07 5.65180928199663e-06 1.41747196821301e-06
      0.454958828409    0.000759834253523    7.16144307884e-06    1.51583538068e-07 6.62128759275112e-06 1.38231920356922e-06
      0.457799336144 0.000759949237066446    7.40614585273e-06    1.53745276386e-07 7.21821122798487e-06 1.34825058545642e-06
      0.460639788097 0.000760064916432359    7.72294354605e-06     1.5670322612e-07  7.3217507523873e-06 1.31520145548984e-06
      0.462059993048 0.000760123016931973    7.33004039126e-06    7.63907377837e-08  7.1787377024902e-06 1.29904813111355e-06
      0.463480183923 0.000760181291246758    6.95362897559e-06    1.48638568126e-07 6.89636255414081e-06 1.28315692493089e-06
       0.46490036068 0.000760239739329693    6.56572744873e-06    7.24209400268e-08 6.49534493315198e-06 1.26754018364333e-06
      0.467740671666 0.000760357156611068    5.50875376289e-06    6.67289432253e-08 5.45040022242167e-06 1.23698712647654e-06
      0.470580925659 0.000760475268396975    4.36940416324e-06    5.93689957689e-08 4.24212387471161e-06 1.20732723232723e-06
      0.473421122313  0.00076059407430632    3.33963138881e-06    5.11571159108e-08 3.06379331733194e-06 1.17855194917074e-06
      0.476261261282 0.000760713573955994     2.3003958019e-06    4.19480321241e-08 2.09471203044944e-06 1.15062978449624e-06
       0.47910134222 0.000760833766960888    1.76975367815e-06    3.70106095646e-08 1.45703050368853e-06 1.12353054673518e-06
      0.481941364781  0.00076095465293389    1.52433761324e-06    3.45107113026e-08 1.19835681296525e-06 1.09722528417589e-06
      0.484781328619 0.000761076231485893    1.52156645944e-06      3.445308231e-08  1.2906040030293e-06  1.0716862270863e-06
      0.487621233388 0.000761198502225802    1.90608093976e-06    3.82457919777e-08 1.64353453408571e-06 1.04688673286069e-06
      0.490461078742 0.000761321464760537    2.28924359661e-06    4.17309444681e-08 2.12879518399057e-06 1.02280123401504e-06
      0.493300864334 0.000761445118694994    2.72343607683e-06    4.54472834575e-08  2.6086704860009e-06 9.99405188874287e-07
       0.49614058982 0.000761569463632227    3.00690483561e-06    4.77504383517e-08 2.96350144972616e-06 9.76675034752603e-07
      0.498980254852 0.000761694499173145    3.08152322729e-06    4.83505581676e-08 3.11263336073453e-06  9.5458814360932e-07
      0.501819859085 0.000761820224916826    2.98243759597e-06    4.75792013657e-08 3.02556413089137e-06 9.33122779846505e-07
      0.504659402172 0.000761946640460301    2.63732758015e-06    4.47817352257e-08 2.72221685376822e-06 9.12258060329199e-07
      0.507498883769 0.000762073745398781    2.33256822742e-06    4.21767103569e-08 2.26347385839287e-06 8.91973916336234e-07
      0.510338303528 0.000762201539325351    1.87370567274e-06    3.79812074135e-08 1.73486189367069e-06  8.7225105749788e-07
      0.513177661104 0.000762330021831287    1.31075586714e-06    3.22145204263e-08 1.22728165005475e-06 8.53070937423005e-07
      0.516016956151 0.000762459192505884    9.47193972946e-07    2.79442425816e-08 8.18818067595082e-07  8.3441572110001e-07
      0.518856188322  0.00076258905093646    6.66090807339e-07    2.41802844092e-08 5.61017331582044e-07 8.16268253870262e-07
      0.521695357273 0.000762719596708542    5.63896016818e-07    2.26877693349e-08  4.7178452721709e-07 7.98612031890376e-07
      0.524534462657   0.0007628508294056    6.00934837874e-07     2.3263142586e-08 5.35543893362304e-07 7.81431174092193e-07
      0.527373504128 0.000762982748609235    7.75855488145e-07    2.57580899971e-08 7.09833801819828e-07 7.64710395434847e-07
       0.53021248134 0.000763115353899136    9.69025219988e-07    2.82740297598e-08 9.36359817856932e-07 7.48434981471444e-07
      0.533051393947 0.000763248644853088    1.18449938088e-06    3.08570097322e-08 1.15388769268395e-06 7.32590764126065e-07
      0.535890241603 0.000763382621046977    1.33779156815e-06    3.25538565485e-08 1.31029176658182e-06 7.17164098620834e-07
      0.538729023963 0.000763517282054844    1.40592143244e-06    3.32730164271e-08 1.37153243617681e-06 7.02141841489457e-07
       0.54156774068 0.000763652627448744    1.38821308235e-06     3.3063913126e-08 1.32617287845655e-06 6.87511329644777e-07
      0.544406391409 0.000763788656798946    1.26303799839e-06    3.16685900395e-08 1.18505043794674e-06  6.7326039623039e-07
      0.547244975804 0.000763925369673796    1.09730941219e-06    2.97383137427e-08 9.76741714157507e-07 6.59377207231431e-07
      0.550083493519 0.000764062765639766    8.36550742436e-07    2.64141261474e-08 7.40047660465454e-07 6.45850461402886e-07
      0.552921944207 0.000764200844261414    6.00799965202e-07    2.30261109996e-08 5.15424155731326e-07 6.32669226507444e-07
      0.555760327524 0.000764339605101584    4.48859617087e-07    2.05374605356e-08 3.37003001166562e-07 6.19822959650647e-07
      0.558598643123 0.000764479047721119    3.04353988652e-07    1.78633869156e-08 2.26719926663648e-07 6.07301491534846e-07
      0.561436890658 0.000764619171679061    2.90295283361e-07    1.74916661834e-08 1.91435391723166e-07 5.95095011382937e-07
      0.564275069784 0.000764759976532658    2.99532410247e-07    1.74217544334e-08 2.23268786675699e-07 5.83194052320032e-07
      0.567113180155 0.000764901461837272    3.73655166183e-07    1.86391324795e-08 3.02537078003094e-07 5.71582345648441e-07
      0.568532209449 0.000764972459519247    3.96748152114e-07    1.14101884116e-08 3.51896168042132e-07 5.65881541895862e-07
      0.569951221425 0.000765043627146432    5.03831732746e-07     2.1038754479e-08 4.03960707782909e-07 5.60258639470628e-07
      0.571370216039 0.000765114964662695    5.16515898049e-07    1.31120056416e-08 4.53862399835834e-07 5.54712103774873e-07
      0.574208153009 0.000765258149137558    6.14204770335e-07     1.4563618031e-08 5.37537040073116e-07 5.43817601596338e-07
      0.577046020013 0.000765402012492811    6.34616924913e-07    1.47336263594e-08 5.84851527608093e-07 5.33182898081487e-07
      0.579883816706 0.000765546554275664    6.82289846236e-07     1.4562334057e-08 5.86122810745857e-07 5.22807216467599e-07
      0.582721542742 0.000765691774031474    6.48404986816e-07    1.38057232833e-08 5.41958046265456e-07 5.12683018987445e-07
      0.585559197776 0.000765837671303845    5.65675829655e-07    1.30794393363e-08 4.61829967174819e-07 5.02803022006863e-07
       0.58839678146 0.000765984245634433    4.82270816387e-07    1.23113911415e-08 3.61255023033809e-07 4.93160186932781e-07
       0.59123429345 0.000766131496563311    3.16857702486e-07    1.06295949372e-08  2.5813260759344e-07 4.83747710810092e-07
        0.5940717334 0.000766279423628667    2.25116768137e-07    9.59792243767e-09 1.69041444542478e-07 4.74559017365511e-07
      0.596909100964 0.000766428026366908    1.37431216802e-07    8.50934390677e-09 1.06207581978989e-07 4.65587748407105e-07
      0.599746395797 0.000766577304312726    1.08841053916e-07     8.1016028522e-09 7.56488882262433e-08 4.56827755591878e-07
      0.602583617553 0.000766727256998991    9.94011245606e-08    7.95275685542e-09 7.67181892292721e-08 4.48273092551189e-07
      0.605420765885 0.000766877883956763    1.29388165557e-07     8.3581730099e-09 1.02973853167478e-07 4.39918007341213e-07
      0.608257840449 0.000767029184715505    1.81454301914e-07    9.03174443773e-09 1.44060256454706e-07 4.31756935196964e-07
      0.611094840898 0.000767181158802772     2.2563502234e-07    9.56732890322e-09 1.88123135900981e-07 4.23784491618328e-07
      0.613931766887 0.000767333805744485     2.7619170307e-07    1.01567882288e-08 2.24236452865359e-07 4.15995465711111e-07
      0.616768618071 0.000767487125064829     3.2472070179e-07    1.06949231838e-08 2.44374920925599e-07 4.08384813822611e-07
      0.619605394103  0.00076764111628615    3.32921515422e-07     1.0779393238e-08 2.44606642676617e-07 4.00947653438691e-07
      0.622442094638 0.000767795778929176    3.05975976689e-07     1.0477847526e-08 2.25366966434993e-07 3.93679257314353e-07
      0.625278719331  0.00076795111251292     2.6348493123e-07    9.98892229128e-09 1.90866572953011e-07 3.86575047859852e-07
      0.628115267835 0.000768107116554571    2.12184839377e-07    9.35748801507e-09 1.47846510921959e-07 3.79630591753327e-07
      0.630951739805 0.000768263790569721    1.46240411396e-07    8.48870381965e-09 1.03993473102994e-07 3.72841594756566e-07
      0.633788134896 0.000768421134072263    8.48018986907e-08    7.59584624225e-09 6.63575547824985e-08 3.66203896753869e-07
      0.636624452761 0.000768579146574283    5.89602977322e-08    7.17618953155e-09  4.0074764371787e-08 3.59713466988607e-07
      0.639460693056 0.000768737827586346    3.35692644325e-08    6.73935878029e-09 2.76032864029582e-08 3.53366399473999e-07
      0.642296855434 0.000768897176617167     3.7827402912e-08    6.79982031176e-09 2.85599797992506e-08 3.47158908610541e-07
      0.645132939551 0.000769057193173952    5.65045424898e-08    7.09397773598e-09 4.01187089187948e-08 3.41087324949444e-07
       0.64796894506 0.000769217876762069    9.47825158776e-08    7.67346474632e-09 5.78290720161197e-08 3.35148091149423e-07
      0.650804871616 0.000769379226885334    1.24949782586e-07    8.10084604169e-09   7.665012371434e-08 3.29337758067481e-07
      0.653640718873 0.000769541243045847    1.40923321492e-07    8.31477265187e-09 9.19765004331865e-08 3.23652981018993e-07
      0.656476486486 0.000769703924744114    1.57369918732e-07    8.56957825678e-09 1.00461791068348e-07 3.18090516173078e-07
       0.65931217411 0.000769867271478994    1.41599078489e-07     8.3876430497e-09 1.00505581611937e-07 3.12647217092496e-07
      0.662147781398 0.000770031282747591    1.31010115692e-07    8.27410636894e-09 9.23505468504869e-08 3.07320031409111e-07
      0.664983308006  0.00077019595804555    1.01045649167e-07    7.88353408834e-09 7.78167975976671e-08 3.02105997612858e-07
      0.667818753587 0.000770361296866712    7.78401400091e-08    7.57636172933e-09 5.97668291691731e-08 2.97002241984164e-07
      0.670654117797 0.000770527298703471    3.96073343379e-08    6.93479221894e-09 4.14349159712442e-08 2.92005975620528e-07
      0.673489400289 0.000770693963046431    3.31413625877e-08    6.78192533992e-09 2.57649213111238e-08 2.87114491597228e-07
      0.676324600719 0.000770861289384764    1.58610770313e-08    6.43878243691e-09 1.48818839411205e-08 2.82325162213818e-07
      0.679159718741 0.000771029277205917    7.14202603738e-09    6.23383074878e-09 9.78236104840372e-09 2.77635436362966e-07
      0.681994754009 0.000771197925995745    1.98261427518e-08    6.41050236452e-09 1.02766575353262e-08 2.73042836985203e-07
      0.684829706179 0.000771367235238627    2.45799124026e-08    6.49313406525e-09 1.51640382243959e-08 2.68544958619142e-07
      0.687664574903 0.000771537204417121     6.1100569208e-08    7.10094890499e-09 2.25797824993797e-08 2.64139465054564e-07
      0.690499359838 0.000771707833012503    5.23365129261e-08    6.95901610065e-09 3.04274174558768e-08 2.59824087048686e-07
      0.693334060638 0.000771879120504299    7.03828081068e-08    7.24679300897e-09 3.68035475226167e-08 2.55596620152929e-07
      0.696168676957  0.00077205106637047    8.07690020056e-08    7.40740160891e-09 4.03351781026126e-08 2.51454922601922e-07
       0.69900320845 0.000772223670087474    6.23622621058e-08    7.10715033104e-09 4.03757207175889e-08  2.4739691328255e-07
      0.701837654772 0.000772396931130218     7.5046503223e-08    7.29503985223e-09  3.7039285413789e-08 2.43420569779986e-07
      0.704672015577    0.000772570848972    4.74025519724e-08    6.83875907816e-09 3.10861668057946e-08 2.39523926493885e-07
       0.70750629052 0.000772745423084639     3.4853489164e-08    6.61456216788e-09  2.3699260073638e-08 2.35705072818328e-07
      0.710340479255 0.000772920652938355    2.36561930562e-08     6.4067178214e-09 1.62071524985665e-08 2.31962151392727e-07
      0.713174581437 0.000773096538001904    1.59510441295e-08    6.26458385891e-09 9.81306976477136e-09 2.28293356409249e-07
      0.716008596721 0.000773273077742517    7.34470136918e-09    6.10265407977e-09 5.38057781169434e-09 2.24696931984935e-07
      0.718842524762 0.000773450271625913    1.38332572009e-08    6.21652528766e-09 3.30995027638302e-09 2.21171170590327e-07
      0.721676365214 0.000773628119116234    1.04087360859e-08    6.14911688651e-09 3.51771171890694e-09 2.17714411534002e-07
      0.724510117732 0.000773806619676184    2.00514398285e-08    6.31879816504e-09 5.51068195074548e-09 2.14325039497282e-07
      0.727343781971  0.00077398577276697    3.40423331138e-08    6.58678171138e-09 8.52889756754411e-09 2.11001483123906e-07
      0.730177357584 0.000774165577848181    2.93335965146e-08    6.52819546093e-09 1.17217940129012e-08 2.07742213659639e-07
      0.733010844228 0.000774346034378173    2.68778582712e-08    6.50838982013e-09 1.43200537914883e-08 2.04545743630304e-07
      0.735844241557 0.000774527141813637    3.38846249472e-08    6.65137834673e-09 1.57709604761904e-08 2.01410625580244e-07
      0.738677549226 0.000774708899609854     3.8638448658e-08    6.75383228908e-09 1.58159978705856e-08 1.98335450841762e-07
      0.741510766889 0.000774891307220575    1.46217716244e-08    6.34284934836e-09 1.45030468560058e-08 1.95318848353505e-07
      0.744343894201 0.000775074364098156    1.20083211903e-08    6.29981501334e-09 1.21389269477721e-08  1.9235948351525e-07
      0.747176930817   0.0007752580696935    4.21304231919e-09    6.16241747062e-09 9.19867597893414e-09  1.8945605708446e-07
      0.750009876391 0.000775442423455999    4.07786840075e-09    6.16365236494e-09 6.21416748980358e-09 1.86607304110473e-07
       0.75284273058   0.0007756274248338   -1.31798789884e-08    5.84382689389e-09 3.66579657569448e-09 1.83811992899943e-07
      0.755675493036  0.00077581307327329    7.36729085941e-09    6.19520173827e-09 1.89743445798966e-09 1.81068924028637e-07
      0.758508163416 0.000775999368219756    8.78773418006e-10    6.04328574549e-09 1.06791213411944e-09 1.78376929368954e-07
      0.761340741374 0.000776186309116865    9.23832976026e-10     6.0112841458e-09 1.14369205878982e-09  1.7573487116756e-07
      0.764173226565 0.000776373895406938    1.96685115342e-08    6.32207991586e-09 1.92897107251473e-09 1.73141641141939e-07
      0.767005618644 0.000776562126530887    1.20533936047e-08    6.15266762486e-09 3.12280937044743e-09 1.70596159612023e-07
      0.769837917265 0.000776751001928153    1.68965318033e-09    5.99148147016e-09 4.38904547490574e-09 1.68097374660142e-07
      0.772670122084 0.000776940521036917    2.24169466542e-08     6.3995654489e-09 5.42411436652178e-09 1.65644261315455e-07
      0.775502232756 0.000777130683293904    1.85868962124e-08     6.3616119465e-09 6.01015680516934e-09 1.63235820770221e-07
      0.778334248935 0.000777321488134389    6.19559444003e-09    6.16892037166e-09 6.04519314912545e-09 1.60871079619192e-07
      0.781166170276 0.000777512934992337    5.51977837979e-09    6.18750484984e-09 5.54753253390497e-09 1.58549089121911e-07
      0.783997996435 0.000777705023300411   -4.48332639252e-09    5.96685163076e-09 4.63684194707649e-09 1.56268924490997e-07
      0.786829727065 0.000777897752489707    -3.2216198924e-09    5.95484804215e-09  3.4985966041653e-09 1.54030004195618e-07
      0.789661361823 0.000778091121990235    9.07960065057e-09    6.14867829379e-09 2.57934130709463e-09 1.52308347844643e-07
