#      z (A) rho (1e-6/A2) irho (1e-6/A2)
-52.89927131  20.08490362  -0.44817442
-52.79927131  20.08518348  -0.44798992
-52.69927131  20.08546814  -0.44780225
-52.59927131  20.08575766  -0.44761138
-52.49927131  20.08605212  -0.44741725
-52.39927131  20.08635159  -0.44721981
-52.29927131  20.08665616  -0.44701902
-52.19927131  20.08696589  -0.44681482
-52.09927131  20.08728086  -0.44660717
-51.99927131  20.08760116  -0.44639600
-51.89927131  20.08792686  -0.44618128
-51.79927131  20.08825804  -0.44596294
-51.69927131  20.08859478  -0.44574093
-51.59927131  20.08893717  -0.44551520
-51.49927131  20.08928529  -0.44528570
-51.39927131  20.08963923  -0.44505236
-51.29927131  20.08999906  -0.44481513
-51.19927131  20.09036488  -0.44457395
-51.09927131  20.09073677  -0.44432878
-50.99927131  20.09111482  -0.44407953
-50.89927131  20.09149913  -0.44382617
-50.79927131  20.09188978  -0.44356862
-50.69927131  20.09228687  -0.44330684
-50.59927131  20.09269048  -0.44304074
-50.49927131  20.09310072  -0.44277029
-50.39927131  20.09351767  -0.44249540
-50.29927131  20.09394143  -0.44221602
-50.19927131  20.09437211  -0.44193209
-50.09927131  20.09480980  -0.44164353
-49.99927131  20.09525459  -0.44135029
-49.89927131  20.09570660  -0.44105229
-49.79927131  20.09616592  -0.44074948
-49.69927131  20.09663265  -0.44044177
-49.59927131  20.09710691  -0.44012910
-49.49927131  20.09758879  -0.43981141
-49.39927131  20.09807841  -0.43948862
-49.29927131  20.09857586  -0.43916066
-49.19927131  20.09908127  -0.43882746
-49.09927131  20.09959473  -0.43848895
-48.99927131  20.10011637  -0.43814504
-48.89927131  20.10064630  -0.43779568
-48.79927131  20.10118462  -0.43744077
-48.69927131  20.10173146  -0.43708025
-48.59927131  20.10228693  -0.43671405
-48.49927131  20.10285116  -0.43634207
-48.39927131  20.10342425  -0.43596424
-48.29927131  20.10400633  -0.43558049
-48.19927131  20.10459753  -0.43519073
-48.09927131  20.10519796  -0.43479488
-47.99927131  20.10580776  -0.43439286
-47.89927131  20.10642704  -0.43398458
-47.79927131  20.10705593  -0.43356997
-47.69927131  20.10769457  -0.43314893
-47.59927131  20.10834308  -0.43272138
-47.49927131  20.10900159  -0.43228724
-47.39927131  20.10967024  -0.43184642
-47.29927131  20.11034916  -0.43139882
-47.19927131  20.11103849  -0.43094437
-47.09927131  20.11173837  -0.43048296
-46.99927131  20.11244892  -0.43001451
-46.89927131  20.11317030  -0.42953892
-46.79927131  20.11390264  -0.42905610
-46.69927131  20.11464609  -0.42856597
-46.59927131  20.11540079  -0.42806842
-46.49927131  20.11616688  -0.42756335
-46.39927131  20.11694452  -0.42705067
-46.29927131  20.11773385  -0.42653029
-46.19927131  20.11853502  -0.42600210
-46.09927131  20.11934818  -0.42546600
-45.99927131  20.12017349  -0.42492189
-45.89927131  20.12101110  -0.42436968
-45.79927131  20.12186117  -0.42380925
-45.69927131  20.12272385  -0.42324051
-45.59927131  20.12359931  -0.42266334
-45.49927131  20.12448769  -0.42207765
-45.39927131  20.12538918  -0.42148332
-45.29927131  20.12630392  -0.42088026
-45.19927131  20.12723209  -0.42026834
-45.09927131  20.12817385  -0.41964746
-44.99927131  20.12912937  -0.41901751
-44.89927131  20.13009881  -0.41837838
-44.79927131  20.13108236  -0.41772995
-44.69927131  20.13208018  -0.41707211
-44.59927131  20.13309246  -0.41640475
-44.49927131  20.13411935  -0.41572774
-44.39927131  20.13516105  -0.41504098
-44.29927131  20.13621773  -0.41434434
-44.19927131  20.13728957  -0.41363770
-44.09927131  20.13837676  -0.41292094
-43.99927131  20.13947948  -0.41219395
-43.89927131  20.14059791  -0.41145659
-43.79927131  20.14173225  -0.41070875
-43.69927131  20.14288268  -0.40995031
-43.59927131  20.14404939  -0.40918112
-43.49927131  20.14523257  -0.40840108
-43.39927131  20.14643243  -0.40761004
-43.29927131  20.14764915  -0.40680789
-43.19927131  20.14888293  -0.40599449
-43.09927131  20.15013398  -0.40516971
-42.99927131  20.15140248  -0.40433341
-42.89927131  20.15268866  -0.40348547
-42.79927131  20.15399270  -0.40262575
-42.69927131  20.15531481  -0.40175412
-42.59927131  20.15665521  -0.40087043
-42.49927131  20.15801409  -0.39997455
-42.39927131  20.15939168  -0.39906634
-42.29927131  20.16078819  -0.39814566
-42.19927131  20.16220382  -0.39721237
-42.09927131  20.16363879  -0.39626633
-41.99927131  20.16509333  -0.39530739
-41.89927131  20.16656764  -0.39433541
-41.79927131  20.16806196  -0.39335024
-41.69927131  20.16957651  -0.39235174
-41.59927131  20.17111150  -0.39133976
-41.49927131  20.17266717  -0.39031415
-41.39927131  20.17424374  -0.38927476
-41.29927131  20.17584144  -0.38822143
-41.19927131  20.17746050  -0.38715403
-41.09927131  20.17910116  -0.38607238
-40.99927131  20.18076366  -0.38497634
-40.89927131  20.18244821  -0.38386575
-40.79927131  20.18415508  -0.38274046
-40.69927131  20.18588449  -0.38160031
-40.59927131  20.18763668  -0.38044513
-40.49927131  20.18941191  -0.37927477
-40.39927131  20.19121041  -0.37808906
-40.29927131  20.19303242  -0.37688785
-40.19927131  20.19487821  -0.37567097
-40.09927131  20.19674802  -0.37443826
-39.99927131  20.19864210  -0.37318954
-39.89927131  20.20056070  -0.37192465
-39.79927131  20.20250408  -0.37064343
-39.69927131  20.20447249  -0.36934571
-39.59927131  20.20646620  -0.36803130
-39.49927131  20.20848547  -0.36670006
-39.39927131  20.21053055  -0.36535179
-39.29927131  20.21260171  -0.36398632
-39.19927131  20.21469921  -0.36260349
-39.09927131  20.21682332  -0.36120312
-38.99927131  20.21897432  -0.35978502
-38.89927131  20.22115246  -0.35834903
-38.79927131  20.22335803  -0.35689496
-38.69927131  20.22559128  -0.35542263
-38.59927131  20.22785251  -0.35393185
-38.49927131  20.23014199  -0.35242246
-38.39927131  20.23245999  -0.35089426
-38.29927131  20.23480680  -0.34934707
-38.19927131  20.23718269  -0.34778071
-38.09927131  20.23958795  -0.34619498
-37.99927131  20.24202286  -0.34458970
-37.89927131  20.24448772  -0.34296469
-37.79927131  20.24698280  -0.34131974
-37.69927131  20.24950840  -0.33965468
-37.59927131  20.25206481  -0.33796930
-37.49927131  20.25465233  -0.33626342
-37.39927131  20.25727123  -0.33453684
-37.29927131  20.25992183  -0.33278937
-37.19927131  20.26260442  -0.33102081
-37.09927131  20.26531929  -0.32923096
-36.99927131  20.26806675  -0.32741963
-36.89927131  20.27084710  -0.32558661
-36.79927131  20.27366065  -0.32373172
-36.69927131  20.27650769  -0.32185474
-36.59927131  20.27938853  -0.31995547
-36.49927131  20.28230349  -0.31803371
-36.39927131  20.28525286  -0.31608927
-36.29927131  20.28823697  -0.31412192
-36.19927131  20.29125611  -0.31213147
-36.09927131  20.29431062  -0.31011772
-35.99927131  20.29740079  -0.30808045
-35.89927131  20.30052695  -0.30601945
-35.79927131  20.30368941  -0.30393452
-35.69927131  20.30688849  -0.30182544
-35.59927131  20.31012452  -0.29969201
-35.49927131  20.31339781  -0.29753402
-35.39927131  20.31670869  -0.29535124
-35.29927131  20.32005747  -0.29314347
-35.19927131  20.32344449  -0.29091049
-35.09927131  20.32687008  -0.28865210
-34.99927131  20.33033455  -0.28636806
-34.89927131  20.33383824  -0.28405816
-34.79927131  20.33738148  -0.28172220
-34.69927131  20.34096459  -0.27935994
-34.59927131  20.34458792  -0.27697117
-34.49927131  20.34825179  -0.27455567
-34.39927131  20.35195655  -0.27211322
-34.29927131  20.35570251  -0.26964360
-34.19927131  20.35949003  -0.26714659
-34.09927131  20.36331944  -0.26462196
-33.99927131  20.36719108  -0.26206948
-33.89927131  20.37110528  -0.25948895
-33.79927131  20.37506240  -0.25688013
-33.69927131  20.37906276  -0.25424279
-33.59927131  20.38310672  -0.25157671
-33.49927131  20.38719461  -0.24888167
-33.39927131  20.39132678  -0.24615743
-33.29927131  20.39550359  -0.24340377
-33.19927131  20.39972536  -0.24062046
-33.09927131  20.40399245  -0.23780728
-32.99927131  20.40830521  -0.23496398
-32.89927131  20.41266399  -0.23209035
-32.79927131  20.41706913  -0.22918615
-32.69927131  20.42152099  -0.22625116
-32.59927131  20.42601991  -0.22328513
-32.49927131  20.43056625  -0.22028785
-32.39927131  20.43516036  -0.21725907
-32.29927131  20.43980259  -0.21419856
-32.19927131  20.44449330  -0.21110610
-32.09927131  20.44923284  -0.20798144
-31.99927131  20.45402155  -0.20482436
-31.89927131  20.45885981  -0.20163462
-31.79927131  20.46374796  -0.19841199
-31.69927131  20.46868636  -0.19515623
-31.59927131  20.47367536  -0.19186710
-31.49927131  20.47871533  -0.18854438
-31.39927131  20.48380661  -0.18518783
-31.29927131  20.48894957  -0.18179721
-31.19927131  20.49414456  -0.17837228
-31.09927131  20.49939195  -0.17491282
-30.99927131  20.50469208  -0.17141858
-30.89927131  20.51004531  -0.16788932
-30.79927131  20.51545201  -0.16432482
-30.69927131  20.52091254  -0.16072484
-30.59927131  20.52642724  -0.15708913
-30.49927131  20.53199649  -0.15341747
-30.39927131  20.53762063  -0.14970962
-30.29927131  20.54330004  -0.14596533
-30.19927131  20.54903505  -0.14218438
-30.09927131  20.55482604  -0.13836653
-29.99927131  20.56067336  -0.13451154
-29.89927131  20.56657738  -0.13061917
-29.79927131  20.57253843  -0.12668920
-29.69927131  20.57855690  -0.12272138
-29.59927131  20.58463313  -0.11871547
-29.49927131  20.59076748  -0.11467125
-29.39927131  20.59696030  -0.11058848
-29.29927131  20.60321196  -0.10646692
-29.19927131  20.60952281  -0.10230634
-29.09927131  20.61589320  -0.09810651
-28.99927131  20.62232349  -0.09386718
-28.89927131  20.62881404  -0.08958813
-28.79927131  20.63536519  -0.08526912
-28.69927131  20.64197731  -0.08090992
-28.59927131  20.64865073  -0.07651030
-28.49927131  20.65538583  -0.07207002
-28.39927131  20.66218294  -0.06758886
-28.29927131  20.66904242  -0.06306658
-28.19927131  20.67596462  -0.05850295
-28.09927131  20.68294988  -0.05389774
-27.99927131  20.68999855  -0.04925073
-27.89927131  20.69711099  -0.04456168
-27.79927131  20.70428754  -0.03983037
-27.69927131  20.71152853  -0.03505656
-27.59927131  20.71883432  -0.03024004
-27.49927131  20.72620525  -0.02538058
-27.39927131  20.73364166  -0.02047794
-27.29927131  20.74114389  -0.01553191
-27.19927131  20.74871228  -0.01054227
-27.09927131  20.75634716  -0.00550878
-26.99927131  20.76404888  -0.00043124
-26.89927131  20.77181777   0.00469060
-26.79927131  20.77965416   0.00985693
-26.69927131  20.78755838   0.01506798
-26.59927131  20.79553078   0.02032398
-26.49927131  20.80357166   0.02562513
-26.39927131  20.81168137   0.03097166
-26.29927131  20.81986023   0.03636377
-26.19927131  20.82810856   0.04180168
-26.09927131  20.83642669   0.04728561
-25.99927131  20.84481493   0.05281577
-25.89927131  20.85327361   0.05839236
-25.79927131  20.86180304   0.06401560
-25.69927131  20.87040354   0.06968569
-25.59927131  20.87907542   0.07540284
-25.49927131  20.88781899   0.08116725
-25.39927131  20.89663457   0.08697913
-25.29927131  20.90552245   0.09283869
-25.19927131  20.91448294   0.09874612
-25.09927131  20.92351636   0.10470161
-24.99927131  20.93262298   0.11070538
-24.89927131  20.94180313   0.11675762
-24.79927131  20.95105708   0.12285851
-24.69927131  20.96038514   0.12900826
-24.59927131  20.96978759   0.13520706
-24.49927131  20.97926472   0.14145509
-24.39927131  20.98881683   0.14775255
-24.29927131  20.99844419   0.15409963
-24.19927131  21.00814708   0.16049649
-24.09927131  21.01792578   0.16694334
-23.99927131  21.02778057   0.17344036
-23.89927131  21.03771172   0.17998771
-23.79927131  21.04771950   0.18658559
-23.69927131  21.05780418   0.19323416
-23.59927131  21.06796601   0.19993360
-23.49927131  21.07820527   0.20668408
-23.39927131  21.08852221   0.21348577
-23.29927131  21.09891708   0.22033885
-23.19927131  21.10939014   0.22724347
-23.09927131  21.11994163   0.23419980
-22.99927131  21.13057181   0.24120800
-22.89927131  21.14128091   0.24826824
-22.79927131  21.15206916   0.25538067
-22.69927131  21.16293682   0.26254544
-22.59927131  21.17388411   0.26976270
-22.49927131  21.18491126   0.27703262
-22.39927131  21.19601849   0.28435533
-22.29927131  21.20720602   0.29173099
-22.19927131  21.21847408   0.29915974
-22.09927131  21.22982288   0.30664171
-21.99927131  21.24125263   0.31417705
-21.89927131  21.25276353   0.32176590
-21.79927131  21.26435580   0.32940838
-21.69927131  21.27602962   0.33710464
-21.59927131  21.28778520   0.34485479
-21.49927131  21.29962273   0.35265897
-21.39927131  21.31154239   0.36051730
-21.29927131  21.32354437   0.36842990
-21.19927131  21.33562885   0.37639689
-21.09927131  21.34779601   0.38441839
-20.99927131  21.36004601   0.39249450
-20.89927131  21.37237902   0.40062535
-20.79927131  21.38479521   0.40881103
-20.69927131  21.39729474   0.41705165
-20.59927131  21.40987776   0.42534731
-20.49927131  21.42254442   0.43369812
-20.39927131  21.43529486   0.44210416
-20.29927131  21.44812923   0.45056554
-20.19927131  21.46104767   0.45908233
-20.09927131  21.47405031   0.46765464
-19.99927131  21.48713727   0.47628254
-19.89927131  21.50030868   0.48496612
-19.79927131  21.51356466   0.49370544
-19.69927131  21.52690532   0.50250060
-19.59927131  21.54033076   0.51135166
-19.49927131  21.55384111   0.52025868
-19.39927131  21.56743644   0.52922174
-19.29927131  21.58111687   0.53824090
-19.19927131  21.59488247   0.54731621
-19.09927131  21.60873334   0.55644774
-18.99927131  21.62266955   0.56563553
-18.89927131  21.63669119   0.57487963
-18.79927131  21.65079830   0.58418009
-18.69927131  21.66499097   0.59353696
-18.59927131  21.67926926   0.60295027
-18.49927131  21.69363321   0.61242006
-18.39927131  21.70808288   0.62194636
-18.29927131  21.72261830   0.63152919
-18.19927131  21.73723953   0.64116860
-18.09927131  21.75194659   0.65086459
-17.99927131  21.76673951   0.66061718
-17.89927131  21.78161831   0.67042640
-17.79927131  21.79658301   0.68029224
-17.69927131  21.81163363   0.69021473
-17.59927131  21.82677016   0.70019386
-17.49927131  21.84199262   0.71022964
-17.39927131  21.85730099   0.72032206
-17.29927131  21.87269526   0.73047111
-17.19927131  21.88817542   0.74067679
-17.09927131  21.90374145   0.75093908
-16.99927131  21.91939333   0.76125796
-16.89927131  21.93513100   0.77163341
-16.79927131  21.95095445   0.78206541
-16.69927131  21.96686362   0.79255392
-16.59927131  21.98285847   0.80309891
-16.49927131  21.99893894   0.81370036
-16.39927131  22.01510496   0.82435821
-16.29927131  22.03135648   0.83507242
-16.19927131  22.04769341   0.84584294
-16.09927131  22.06411568   0.85666972
-15.99927131  22.08062320   0.86755271
-15.89927131  22.09721588   0.87849184
-15.79927131  22.11389363   0.88948706
-15.69927131  22.13065634   0.90053829
-15.59927131  22.14750390   0.91164545
-15.49927131  22.16443619   0.92280848
-15.39927131  22.18145311   0.93402730
-15.29927131  22.19855451   0.94530182
-15.19927131  22.21574026   0.95663195
-15.09927131  22.23301024   0.96801761
-14.99927131  22.25036428   0.97945869
-14.89927131  22.26780224   0.99095509
-14.79927131  22.28532397   1.00250672
-14.69927131  22.30292929   1.01411346
-14.59927131  22.32061804   1.02577520
-14.49927131  22.33839004   1.03749183
-14.39927131  22.35624511   1.04926322
-14.29927131  22.37418305   1.06108925
-14.19927131  22.39220369   1.07296980
-14.09927131  22.41030681   1.08490472
-13.99927131  22.42849220   1.09689389
-13.89927131  22.44675966   1.10893716
-13.79927131  22.46510896   1.12103439
-13.69927131  22.48353988   1.13318543
-13.59927131  22.50205218   1.14539012
-13.49927131  22.52064563   1.15764830
-13.39927131  22.53931998   1.16995983
-13.29927131  22.55807498   1.18232452
-13.19927131  22.57691038   1.19474222
-13.09927131  22.59582590   1.20721274
-12.99927131  22.61482128   1.21973591
-12.89927131  22.63389624   1.23231155
-12.79927131  22.65305051   1.24493947
-12.69927131  22.67228378   1.25761948
-12.59927131  22.69159577   1.27035138
-12.49927131  22.71098618   1.28313498
-12.39927131  22.73045469   1.29597007
-12.29927131  22.75000099   1.30885645
-12.19927131  22.76962476   1.32179391
-12.09927131  22.78932568   1.33478223
-11.99927131  22.80910342   1.34782118
-11.89927131  22.82895762   1.36091055
-11.79927131  22.84888796   1.37405012
-11.69927131  22.86889407   1.38723964
-11.59927131  22.88897560   1.40047888
-11.49927131  22.90913219   1.41376760
-11.39927131  22.92936346   1.42710557
-11.29927131  22.94966904   1.44049252
-11.19927131  22.97004854   1.45392821
-11.09927131  22.99050159   1.46741238
-10.99927131  23.01102777   1.48094477
-10.89927131  23.03162670   1.49452512
-10.79927131  23.05229796   1.50815315
-10.69927131  23.07304114   1.52182861
-10.59927131  23.09385582   1.53555120
-10.49927131  23.11474159   1.54932065
-10.39927131  23.13569799   1.56313667
-10.29927131  23.15672461   1.57699899
-10.19927131  23.17782099   1.59090729
-10.09927131  23.19898668   1.60486130
 -9.99927131  23.22022124   1.61886070
 -9.89927131  23.24152420   1.63290520
 -9.79927131  23.26289508   1.64699448
 -9.69927131  23.28433343   1.66112824
 -9.59927131  23.30583876   1.67530615
 -9.49927131  23.32741058   1.68952791
 -9.39927131  23.34904841   1.70379318
 -9.29927131  23.37075175   1.71810164
 -9.19927131  23.39252010   1.73245296
 -9.09927131  23.41435295   1.74684680
 -8.99927131  23.43624979   1.76128282
 -8.89927131  23.45821009   1.77576069
 -8.79927131  23.48023334   1.79028006
 -8.69927131  23.50231901   1.80484058
 -8.59927131  23.52446655   1.81944189
 -8.49927131  23.54667543   1.83408364
 -8.39927131  23.56894510   1.84876547
 -8.29927131  23.59127501   1.86348701
 -8.19927131  23.61366461   1.87824790
 -8.09927131  23.63611332   1.89304777
 -7.99927131  23.65862059   1.90788624
 -7.89927131  23.68118584   1.92276293
 -7.79927131  23.70380849   1.93767746
 -7.69927131  23.72648795   1.95262946
 -7.59927131  23.74922365   1.96761853
 -7.49927131  23.77201498   1.98264427
 -7.39927131  23.79486134   1.99770630
 -7.29927131  23.81776215   2.01280421
 -7.19927131  23.84071677   2.02793761
 -7.09927131  23.86372461   2.04310610
 -6.99927131  23.88678504   2.05830925
 -6.89927131  23.90989744   2.07354667
 -6.79927131  23.93306118   2.08881793
 -6.69927131  23.95627563   2.10412263
 -6.59927131  23.97954015   2.11946034
 -6.49927131  24.00285411   2.13483063
 -6.39927131  24.02621685   2.15023309
 -6.29927131  24.04962772   2.16566728
 -6.19927131  24.07308606   2.18113278
 -6.09927131  24.09659123   2.19662913
 -5.99927131  24.12014255   2.21215592
 -5.89927131  24.14373936   2.22771269
 -5.79927131  24.16738098   2.24329901
 -5.69927131  24.19106673   2.25891443
 -5.59927131  24.21479594   2.27455849
 -5.49927131  24.23856792   2.29023076
 -5.39927131  24.26238199   2.30593076
 -5.29927131  24.28623744   2.32165806
 -5.19927131  24.31013359   2.33741218
 -5.09927131  24.33406973   2.35319266
 -4.99927131  24.35804515   2.36899905
 -4.89927131  24.38205916   2.38483087
 -4.79927131  24.40611103   2.40068766
 -4.69927131  24.43020006   2.41656895
 -4.59927131  24.45432553   2.43247425
 -4.49927131  24.47848670   2.44840310
 -4.39927131  24.50268287   2.46435502
 -4.29927131  24.52691329   2.48032952
 -4.19927131  24.55117724   2.49632612
 -4.09927131  24.57547399   2.51234435
 -3.99927131  24.59980278   2.52838371
 -3.89927131  24.62416289   2.54444371
 -3.79927131  24.64855357   2.56052386
 -3.69927131  24.67297407   2.57662368
 -3.59927131  24.69742365   2.59274266
 -3.49927131  24.72190154   2.60888031
 -3.39927131  24.74640699   2.62503613
 -3.29927131  24.77093925   2.64120963
 -3.19927131  24.79549756   2.65740029
 -3.09927131  24.82008115   2.67360763
 -2.99927131  24.84468925   2.68983112
 -2.89927131  24.86932111   2.70607028
 -2.79927131  24.89397594   2.72232458
 -2.69927131  24.91865298   2.73859353
 -2.59927131  24.94335145   2.75487660
 -2.49927131  24.96807058   2.77117329
 -2.39927131  24.99280959   2.78748309
 -2.29927131  25.01756769   2.80380548
 -2.19927131  25.04234411   2.82013994
 -2.09927131  25.06713806   2.83648596
 -1.99927131  25.09194875   2.85284302
 -1.89927131  25.11677541   2.86921060
 -1.79927131  25.14161723   2.88558818
 -1.69927131  25.16647343   2.90197524
 -1.59927131  25.19134322   2.91837127
 -1.49927131  25.21622581   2.93477572
 -1.39927131  25.24112040   2.95118809
 -1.29927131  25.26602619   2.96760785
 -1.19927131  25.29094239   2.98403446
 -1.09927131  25.31586821   3.00046742
 -0.99927131  25.34080284   3.01690619
 -0.89927131  25.36574548   3.03335024
 -0.79927131  25.39069534   3.04979904
 -0.69927131  25.41565162   3.06625208
 -0.59927131  25.44061350   3.08270882
 -0.49927131  25.46558020   3.09916873
 -0.39927131  25.49055091   3.11563128
 -0.29927131  25.51552482   3.13209594
 -0.19927131  25.54050114   3.14856220
 -0.09927131  25.56547906   3.16502950
  0.00072869  25.59045778   3.18149733
  0.10072869  25.61543649   3.19796516
  0.20072869  25.64041439   3.21443246
  0.30072869  25.66539068   3.23089869
  0.40072869  25.69036455   3.24736333
  0.50072869  25.71533521   3.26382585
  0.60072869  25.74030184   3.28028571
  0.70072869  25.76526365   3.29674240
  0.80072869  25.79021984   3.31319538
  0.90072869  25.81516960   3.32964412
  1.00072869  25.84011213   3.34608810
  1.10072869  25.86504664   3.36252678
  1.20072869  25.88997232   3.37895965
  1.30072869  25.91488838   3.39538617
  1.40072869  25.93979401   3.41180582
  1.50072869  25.96468843   3.42821808
  1.60072869  25.98957083   3.44462242
  1.70072869  26.01444043   3.46101831
  1.80072869  26.03929643   3.47740524
  1.90072869  26.06413804   3.49378268
  2.00072869  26.08896447   3.51015011
  2.10072869  26.11377492   3.52650701
  2.20072869  26.13856862   3.54285287
  2.30072869  26.16334478   3.55918716
  2.40072869  26.18810261   3.57550936
  2.50072869  26.21284133   3.59181897
  2.60072869  26.23756017   3.60811547
  2.70072869  26.26225833   3.62439834
  2.80072869  26.28693505   3.64066708
  2.90072869  26.31158956   3.65692117
  3.00072869  26.33622107   3.67316010
  3.10072869  26.36082882   3.68938336
  3.20072869  26.38541205   3.70559046
  3.30072869  26.40996998   3.72178088
  3.40072869  26.43450186   3.73795412
  3.50072869  26.45900692   3.75410968
  3.60072869  26.48348440   3.77024706
  3.70072869  26.50793355   3.78636577
  3.80072869  26.53235363   3.80246530
  3.90072869  26.55674386   3.81854516
  4.00072869  26.58110352   3.83460487
  4.10072869  26.60543186   3.85064392
  4.20072869  26.62972813   3.86666183
  4.30072869  26.65399160   3.88265812
  4.40072869  26.67822153   3.89863229
  4.50072869  26.70241719   3.91458388
  4.60072869  26.72657785   3.93051239
  4.70072869  26.75070279   3.94641734
  4.80072869  26.77479128   3.96229827
  4.90072869  26.79884261   3.97815470
  5.00072869  26.82285606   3.99398616
  5.10072869  26.84683092   4.00979217
  5.20072869  26.87076648   4.02557228
  5.30072869  26.89466203   4.04132601
  5.40072869  26.91851689   4.05705291
  5.50072869  26.94233035   4.07275252
  5.60072869  26.96610171   4.08842437
  5.70072869  26.98983029   4.10406802
  5.80072869  27.01351541   4.11968302
  5.90072869  27.03715638   4.13526891
  6.00072869  27.06075253   4.15082525
  6.10072869  27.08430318   4.16635159
  6.20072869  27.10780767   4.18184751
  6.30072869  27.13126533   4.19731254
  6.40072869  27.15467550   4.21274628
  6.50072869  27.17803753   4.22814827
  6.60072869  27.20135077   4.24351809
  6.70072869  27.22461457   4.25885532
  6.80072869  27.24782829   4.27415954
  6.90072869  27.27099129   4.28943031
  7.00072869  27.29410293   4.30466723
  7.10072869  27.31716260   4.31986988
  7.20072869  27.34016967   4.33503786
  7.30072869  27.36312351   4.35017074
  7.40072869  27.38602352   4.36526814
  7.50072869  27.40886909   4.38032964
  7.60072869  27.43165962   4.39535485
  7.70072869  27.45439450   4.41034338
  7.80072869  27.47707314   4.42529483
  7.90072869  27.49969496   4.44020882
  8.00072869  27.52225936   4.45508496
  8.10072869  27.54476578   4.46992287
  8.20072869  27.56721364   4.48472217
  8.30072869  27.58960237   4.49948249
  8.40072869  27.61193141   4.51420346
  8.50072869  27.63420020   4.52888470
  8.60072869  27.65640819   4.54352587
  8.70072869  27.67855483   4.55812659
  8.80072869  27.70063959   4.57268650
  8.90072869  27.72266192   4.58720527
  9.00072869  27.74462131   4.60168253
  9.10072869  27.76651722   4.61611795
  9.20072869  27.78834913   4.63051117
  9.30072869  27.81011653   4.64486187
  9.40072869  27.83181892   4.65916970
  9.50072869  27.85345579   4.67343434
  9.60072869  27.87502665   4.68765546
  9.70072869  27.89653101   4.70183273
  9.80072869  27.91796838   4.71596584
  9.90072869  27.93933828   4.73005447
 10.00072869  27.96064024   4.74409832
 10.10072869  27.98187380   4.75809706
 10.20072869  28.00303849   4.77205040
 10.30072869  28.02413386   4.78595804
 10.40072869  28.04515945   4.79981968
 10.50072869  28.06611483   4.81363503
 10.60072869  28.08699956   4.82740380
 10.70072869  28.10781321   4.84112570
 10.80072869  28.12855535   4.85480047
 10.90072869  28.14922556   4.86842781
 11.00072869  28.16982344   4.88200746
 11.10072869  28.19034856   4.89553915
 11.20072869  28.21080054   4.90902262
 11.30072869  28.23117898   4.92245760
 11.40072869  28.25148348   4.93584383
 11.50072869  28.27171368   4.94918108
 11.60072869  28.29186918   4.96246908
 11.70072869  28.31194963   4.97570760
 11.80072869  28.33195466   4.98889639
 11.90072869  28.35188390   5.00203522
 12.00072869  28.37173702   5.01512386
 12.10072869  28.39151366   5.02816208
 12.20072869  28.41121349   5.04114965
 12.30072869  28.43083617   5.05408636
 12.40072869  28.45038139   5.06697199
 12.50072869  28.46984882   5.07980633
 12.60072869  28.48923814   5.09258917
 12.70072869  28.50854906   5.10532031
 12.80072869  28.52778127   5.11799955
 12.90072869  28.54693448   5.13062669
 13.00072869  28.56600841   5.14320155
 13.10072869  28.58500277   5.15572394
 13.20072869  28.60391729   5.16819368
 13.30072869  28.62275171   5.18061058
 13.40072869  28.64150577   5.19297447
 13.50072869  28.66017922   5.20528519
 13.60072869  28.67877181   5.21754256
 13.70072869  28.69728331   5.22974643
 13.80072869  28.71571348   5.24189663
 13.90072869  28.73406211   5.25399301
 14.00072869  28.75232898   5.26603542
 14.10072869  28.77051389   5.27802372
 14.20072869  28.78861664   5.28995776
 14.30072869  28.80663704   5.30183740
 14.40072869  28.82457492   5.31366250
 14.50072869  28.84243010   5.32543295
 14.60072869  28.86020243   5.33714860
 14.70072869  28.87789175   5.34880933
 14.80072869  28.89549794   5.36041503
 14.90072869  28.91302086   5.37196557
 15.00072869  28.93046041   5.38346084
 15.10072869  28.94781648   5.39490074
 15.20072869  28.96508899   5.40628515
 15.30072869  28.98227788   5.41761397
 15.40072869  28.99938308   5.42888709
 15.50072869  29.01640458   5.44010442
 15.60072869  29.03334236   5.45126587
 15.70072869  29.05019642   5.46237132
 15.80072869  29.06696681   5.47342070
 15.90072869  29.08365357   5.48441391
 16.00072869  29.10025681   5.49535086
 16.10072869  29.11677663   5.50623146
 16.20072869  29.13321320   5.51705563
 16.30072869  29.14956671   5.52782327
 16.40072869  29.16583740   5.53853429
 16.50072869  29.18202554   5.54918862
 16.60072869  29.19813147   5.55978615
 16.70072869  29.21415558   5.57032679
 16.80072869  29.23009832   5.58081045
 16.90072869  29.24596022   5.59123702
 17.00072869  29.26174188   5.60160642
 17.10072869  29.27744397   5.61191851
 17.20072869  29.29306728   5.62217320
 17.30072869  29.30861267   5.63237036
 17.40072869  29.32408115   5.64250985
 17.50072869  29.33947383   5.65259154
 17.60072869  29.35479196   5.66261527
 17.70072869  29.37003695   5.67258088
 17.80072869  29.38521037   5.68248819
 17.90072869  29.40031397   5.69233699
 18.00072869  29.41534971   5.70212707
 18.10072869  29.43031976   5.71185819
 18.20072869  29.44522654   5.72153009
 18.30072869  29.46007273   5.73114249
 18.40072869  29.47486129   5.74069506
 18.50072869  29.48959552   5.75018745
 18.60072869  29.50427903   5.75961928
 18.70072869  29.51891585   5.76899013
 18.80072869  29.53351037   5.77829951
 18.90072869  29.54806748   5.78754693
 19.00072869  29.56259250   5.79673180
 19.10072869  29.57709131   5.80585351
 19.20072869  29.59157036   5.81491136
 19.30072869  29.60603670   5.82390460
 19.40072869  29.62049807   5.83283241
 19.50072869  29.63496291   5.84169386
 19.60072869  29.64944046   5.85048798
 19.70072869  29.66394079   5.85921366
 19.80072869  29.67847486   5.86786973
 19.90072869  29.69305463   5.87645488
 20.00072869  29.70769309   5.88496770
 20.10072869  29.72240434   5.89340664
 20.20072869  29.73720370   5.90177003
 20.30072869  29.75210775   5.91005605
 20.40072869  29.76713445   5.91826272
 20.50072869  29.78230322   5.92638791
 20.60072869  29.79763501   5.93442929
 20.70072869  29.81315246   5.94238436
 20.80072869  29.82887994   5.95025042
 20.90072869  29.84484368   5.95802454
 21.00072869  29.86107188   5.96570359
 21.10072869  29.87759482   5.97328420
 21.20072869  29.89444498   5.98076272
 21.30072869  29.91165716   5.98813526
 21.40072869  29.92926857   5.99539767
 21.50072869  29.94731900   6.00254545
 21.60072869  29.96585090   6.00957386
 21.70072869  29.98490954   6.01647779
 21.80072869  30.00454311   6.02325182
 21.90072869  30.02480287   6.02989015
 22.00072869  30.04574325   6.03638666
 22.10072869  30.06742200   6.04273480
 22.20072869  30.08990027   6.04892767
 22.30072869  30.11324281   6.05495793
 22.40072869  30.13751800   6.06081784
 22.50072869  30.16279801   6.06649921
 22.60072869  30.18915890   6.07199340
 22.70072869  30.21668073   6.07729133
 22.80072869  30.24544764   6.08238344
 22.90072869  30.27554794   6.08725967
 23.00072869  30.30707421   6.09190951
 23.10072869  30.34012333   6.09632192
 23.20072869  30.37479657   6.10048537
 23.30072869  30.41119963   6.10438782
 23.40072869  30.44944265   6.10801670
 23.50072869  30.48964025   6.11135895
 23.60072869  30.53191153   6.11440097
 23.70072869  30.57638004   6.11712868
 23.80072869  30.62317376   6.11952746
 23.90072869  30.67242504   6.12158219
 24.00072869  30.72427051   6.12327726
 24.10072869  30.77885102   6.12459659
 24.20072869  30.83631151   6.12552361
 24.30072869  30.89680084   6.12604129
 24.40072869  30.96047169   6.12613220
 24.50072869  31.02748028   6.12577845
 24.60072869  31.09798624   6.12496180
 24.70072869  31.17215232   6.12366362
 24.80072869  31.25014412   6.12186498
 24.90072869  31.33212983   6.11954663
 25.00072869  31.41827986   6.11668908
 25.10072869  31.50876651   6.11327261
 25.20072869  31.60376362   6.10927733
 25.30072869  31.70344609   6.10468323
 25.40072869  31.80798952   6.09947022
 25.50072869  31.91756972   6.09361818
 25.60072869  32.03236220   6.08710705
 25.70072869  32.15254170   6.07991683
 25.80072869  32.27828164   6.07202770
 25.90072869  32.40975355   6.06342004
 26.00072869  32.54712650   6.05407452
 26.10072869  32.69056652   6.04397218
 26.20072869  32.84023596   6.03309447
 26.30072869  32.99629285   6.02142335
 26.40072869  33.15889029   6.00894135
 26.50072869  33.32817579   5.99563165
 26.60072869  33.50429058   5.98147814
 26.70072869  33.68736895   5.96646555
 26.80072869  33.87753762   5.95057946
 26.90072869  34.07491499   5.93380642
 27.00072869  34.27961055   5.91613401
 27.10072869  34.49172420   5.89755095
 27.20072869  34.71134555   5.87804709
 27.30072869  34.93855335   5.85761361
 27.40072869  35.17341486   5.83624297
 27.50072869  35.41598520   5.81392905
 27.60072869  35.66630686   5.79066721
 27.70072869  35.92440906   5.76645432
 27.80072869  36.19030731   5.74128885
 27.90072869  36.46400293   5.71517092
 28.00072869  36.74548253   5.68810235
 28.10072869  37.03471770   5.66008669
 28.20072869  37.33166462   5.63112928
 28.30072869  37.63626372   5.60123729
 28.40072869  37.94843949   5.57041973
 28.50072869  38.26810021   5.53868748
 28.60072869  38.59513783   5.50605332
 28.70072869  38.92942787   5.47253194
 28.80072869  39.27082940   5.43813992
 28.90072869  39.61918505   5.40289574
 29.00072869  39.97432110   5.36681979
 29.10072869  40.33604762   5.32993433
 29.20072869  40.70415872   5.29226345
 29.30072869  41.07843278   5.25383310
 29.40072869  41.45863285   5.21467096
 29.50072869  41.84450697   5.17480648
 29.60072869  42.23578871   5.13427078
 29.70072869  42.63219767   5.09309658
 29.80072869  43.03344006   5.05131816
 29.90072869  43.43920935   5.00897129
 30.00072869  43.84918696   4.96609312
 30.10072869  44.26304302   4.92272209
 30.20072869  44.68043717   4.87889789
 30.30072869  45.10101940   4.83466131
 30.40072869  45.52443096   4.79005415
 30.50072869  45.95030526   4.74511911
 30.60072869  46.37826886   4.69989970
 30.70072869  46.80794244   4.65444010
 30.80072869  47.23894188   4.60878506
 30.90072869  47.67087922   4.56297974
 31.00072869  48.10336379   4.51706965
 31.10072869  48.53600327   4.47110048
 31.20072869  48.96840474   4.42511798
 31.30072869  49.40017583   4.37916784
 31.40072869  49.83092573   4.33329558
 31.50072869  50.26026631   4.28754640
 31.60072869  50.68781318   4.24196506
 31.70072869  51.11318672   4.19659579
 31.80072869  51.53601312   4.15148212
 31.90072869  51.95592536   4.10666681
 32.00072869  52.37256422   4.06219172
 32.10072869  52.78557915   4.01809770
 32.20072869  53.19462919   3.97442448
 32.30072869  53.59938386   3.93121059
 32.40072869  53.99952390   3.88849327
 32.50072869  54.39474205   3.84630834
 32.60072869  54.78474376   3.80469017
 32.70072869  55.16924783   3.76367159
 32.80072869  55.54798701   3.72328380
 32.90072869  55.92070849   3.68355634
 33.00072869  56.28717441   3.64451699
 33.10072869  56.64716228   3.60619180
 33.20072869  57.00046526   3.56860497
 33.30072869  57.34689249   3.53177886
 33.40072869  57.68626931   3.49573395
 33.50072869  58.01843739   3.46048885
 33.60072869  58.34325484   3.42606023
 33.70072869  58.66059621   3.39246290
 33.80072869  58.97035252   3.35970972
 33.90072869  59.27243108   3.32781169
 34.00072869  59.56675545   3.29677794
 34.10072869  59.85326513   3.26661571
 34.20072869  60.13191540   3.23733045
 34.30072869  60.40267694   3.20892582
 34.40072869  60.66553553   3.18140373
 34.50072869  60.92049160   3.15476438
 34.60072869  61.16755987   3.12900634
 34.70072869  61.40676878   3.10412656
 34.80072869  61.63816003   3.08012049
 34.90072869  61.86178806   3.05698208
 35.00072869  62.07771940   3.03470388
 35.10072869  62.28603215   3.01327711
 35.20072869  62.48681532   2.99269172
 35.30072869  62.68016821   2.97293647
 35.40072869  62.86619977   2.95399901
 35.50072869  63.04502792   2.93586595
 35.60072869  63.21677887   2.91852291
 35.70072869  63.38158652   2.90195465
 35.80072869  63.53959170   2.88614512
 35.90072869  63.69094156   2.87107755
 36.00072869  63.83578889   2.85673448
 36.10072869  63.97429147   2.84309790
 36.20072869  64.10661141   2.83014930
 36.30072869  64.23291452   2.81786972
 36.40072869  64.35336972   2.80623987
 36.50072869  64.46814843   2.79524013
 36.60072869  64.57742395   2.78485069
 36.70072869  64.68137096   2.77505157
 36.80072869  64.78016495   2.76582269
 36.90072869  64.87398174   2.75714395
 37.00072869  64.96299692   2.74899526
 37.10072869  65.04738548   2.74135659
 37.20072869  65.12732132   2.73420805
 37.30072869  65.20297684   2.72752993
 37.40072869  65.27452259   2.72130270
 37.50072869  65.34212688   2.71550713
 37.60072869  65.40595550   2.71012424
 37.70072869  65.46617137   2.70513542
 37.80072869  65.52293431   2.70052238
 37.90072869  65.57640077   2.69626725
 38.00072869  65.62672364   2.69235256
 38.10072869  65.67405201   2.68876126
 38.20072869  65.71853108   2.68547678
 38.30072869  65.76030194   2.68248300
 38.40072869  65.79950150   2.67976431
 38.50072869  65.83626236   2.67730556
 38.60072869  65.87071279   2.67509213
 38.70072869  65.90297661   2.67310990
 38.80072869  65.93317320   2.67134528
 38.90072869  65.96141745   2.66978516
 39.00072869  65.98781980   2.66841700
 39.10072869  66.01248623   2.66722872
 39.20072869  66.03551828   2.66620878
 39.30072869  66.05701313   2.66534614
 39.40072869  66.07706362   2.66463028
 39.50072869  66.09575835   2.66405112
 39.60072869  66.11318173   2.66359911
 39.70072869  66.12941409   2.66326516
 39.80072869  66.14453175   2.66304063
 39.90072869  66.15860715   2.66291734
 40.00072869  66.17170894   2.66288754
 40.10072869  66.18390209   2.66294390
 40.20072869  66.19524802   2.66307952
 40.30072869  66.20580472   2.66328788
 40.40072869  66.21562687   2.66356284
 40.50072869  66.22476594   2.66389864
 40.60072869  66.23327036   2.66428986
 40.70072869  66.24118561   2.66473143
 40.80072869  66.24855439   2.66521860
 40.90072869  66.25541666   2.66574692
 41.00072869  66.26180988   2.66631225
 41.10072869  66.26776903   2.66691072
 41.20072869  66.27332679   2.66753873
 41.30072869  66.27851363   2.66819294
 41.40072869  66.28335795   2.66887024
 41.50072869  66.28788617   2.66956775
 41.60072869  66.29212284   2.67028281
 41.70072869  66.29609077   2.67101296
 41.80072869  66.29981111   2.67175592
 41.90072869  66.30330343   2.67250960
 42.00072869  66.30658588   2.67327207
 42.10072869  66.30967520   2.67404156
 42.20072869  66.31258688   2.67481646
 42.30072869  66.31533519   2.67559529
 42.40072869  66.31793327   2.67637667
 42.50072869  66.32039325   2.67715938
 42.60072869  66.32272626   2.67794230
 42.70072869  66.32494253   2.67872441
 42.80072869  66.32705145   2.67950477
 42.90072869  66.32906164   2.68028255
 43.00072869  66.33098098   2.68105700
 43.10072869  66.33281669   2.68182745
 43.20072869  66.33457538   2.68259328
 43.30072869  66.33626308   2.68335394
 43.40072869  66.33788531   2.68410897
 43.50072869  66.33944708   2.68485793
 43.60072869  66.34095299   2.68560043
 43.70072869  66.34240719   2.68633615
 43.80072869  66.34381350   2.68706480
 43.90072869  66.34517536   2.68778612
 44.00072869  66.34649592   2.68849990
 44.10072869  66.34777803   2.68920596
 44.20072869  66.34902429   2.68990413
 44.30072869  66.35023705   2.69059428
 44.40072869  66.35141845   2.69127632
 44.50072869  66.35257042   2.69195015
 44.60072869  66.35369473   2.69261572
 44.70072869  66.35479297   2.69327297
 44.80072869  66.35586660   2.69392187
 44.90072869  66.35691692   2.69456241
 45.00072869  66.35794512   2.69519458
 45.10072869  66.35895229   2.69581840
 45.20072869  66.35993942   2.69643387
 45.30072869  66.36090740   2.69704102
 45.40072869  66.36185703   2.69763990
 45.50072869  66.36278907   2.69823054
 45.60072869  66.36370419   2.69881299
 45.70072869  66.36460300   2.69938731
 45.80072869  66.36548607   2.69995355
 45.90072869  66.36635392   2.70051178
 46.00072869  66.36720701   2.70106206
 46.10072869  66.36804580   2.70160447
 46.20072869  66.36887068   2.70213907
 46.30072869  66.36968202   2.70266595
 46.40072869  66.37048016   2.70318518
 46.50072869  66.37126543   2.70369685
 46.60072869  66.37203813   2.70420102
 46.70072869  66.37279853   2.70469778
 46.80072869  66.37354689   2.70518723
 46.90072869  66.37428347   2.70566943
 47.00072869  66.37500848   2.70614447
 47.10072869  66.37572216   2.70661244
 47.20072869  66.37642471   2.70707341
 47.30072869  66.37711633   2.70752749
 47.40072869  66.37779720   2.70797474
 47.50072869  66.37846751   2.70841526
 47.60072869  66.37912742   2.70884913
 47.70072869  66.37977712   2.70927642
 47.80072869  66.38041676   2.70969723
 47.90072869  66.38104649   2.71011164
 48.00072869  66.38166647   2.71051973
 48.10072869  66.38227685   2.71092157
 48.20072869  66.38287776   2.71131726
 48.30072869  66.38346935   2.71170688
 48.40072869  66.38405175   2.71209049
 48.50072869  66.38462509   2.71246819
 48.60072869  66.38518951   2.71284004
 48.70072869  66.38574513   2.71320613
 48.80072869  66.38629208   2.71356654
 48.90072869  66.38683048   2.71392134
 49.00072869  66.38736046   2.71427061
 49.10072869  66.38788212   2.71461442
 49.20072869  66.38839559   2.71495284
 49.30072869  66.38890098   2.71528595
 49.40072869  66.38939841   2.71561383
 49.50072869  66.38988798   2.71593653
 49.60072869  66.39036981   2.71625414
 49.70072869  66.39084401   2.71656673
 49.80072869  66.39131068   2.71687436
 49.90072869  66.39176993   2.71717710
 50.00072869  66.39222186   2.71747503
 50.10072869  66.39266658   2.71776820
 50.20072869  66.39310419   2.71805668
 50.30072869  66.39353478   2.71834055
 50.40072869  66.39395846   2.71861986
 50.50072869  66.39437533   2.71889468
 50.60072869  66.39478548   2.71916507
 50.70072869  66.39518900   2.71943110
 50.80072869  66.39558600   2.71969282
 50.90072869  66.39597656   2.71995030
 51.00072869  66.39636078   2.72020361
 51.10072869  66.39673875   2.72045279
 51.20072869  66.39711056   2.72069791
 51.30072869  66.39747629   2.72093903
 51.40072869  66.39783604   2.72117620
 51.50072869  66.39818989   2.72140948
 51.60072869  66.39853793   2.72163893
 51.70072869  66.39888024   2.72186461
 51.80072869  66.39921690   2.72208656
 51.90072869  66.39954800   2.72230484
 52.00072869  66.39987362   2.72251952
 52.10072869  66.40019384   2.72273063
 52.20072869  66.40050874   2.72293823
 52.30072869  66.40081840   2.72314238
 52.40072869  66.40112289   2.72334312
 52.50072869  66.40142229   2.72354051
 52.60072869  66.40171668   2.72373459
 52.70072869  66.40200613   2.72392542
 52.80072869  66.40229071   2.72411304
 52.90072869  66.40257050   2.72429750
 53.00072869  66.40284558   2.72447885
 53.10072869  66.40311600   2.72465713
 53.20072869  66.40338185   2.72483240
 53.30072869  66.40364318   2.72500469
 53.40072869  66.40390007   2.72517405
 53.50072869  66.40415259   2.72534053
 53.60072869  66.40440080   2.72550417
 53.70072869  66.40464477   2.72566501
 53.80072869  66.40488456   2.72582310
 53.90072869  66.40512024   2.72597847
 54.00072869  66.40535187   2.72613118
 54.10072869  66.40557951   2.72628126
 54.20072869  66.40580322   2.72642874
 54.30072869  66.40602306   2.72657368
 54.40072869  66.40623910   2.72671611
 54.50072869  66.40645140   2.72685607
 54.60072869  66.40666000   2.72699360
 54.70072869  66.40686498   2.72712873
 54.80072869  66.40706637   2.72726151
 54.90072869  66.40726425   2.72739197
 55.00072869  66.40745867   2.72752014
 55.10072869  66.40764968   2.72764607
 55.20072869  66.40783733   2.72776978
 55.30072869  66.40802168   2.72789132
 55.40072869  66.40820278   2.72801072
 55.50072869  66.40838069   2.72812800
 55.60072869  66.40855544   2.72824322
 55.70072869  66.40872710   2.72835639
 55.80072869  66.40889571   2.72846755
 55.90072869  66.40906132   2.72857673
 56.00072869  66.40922398   2.72868397
 56.10072869  66.40938374   2.72878929
 56.20072869  66.40954064   2.72889273
 56.30072869  66.40969473   2.72899432
 56.40072869  66.40984605   2.72909408
 56.50072869  66.40999466   2.72919205
 56.60072869  66.41014059   2.72928826
 56.70072869  66.41028388   2.72938273
 56.80072869  66.41042459   2.72947550
 56.90072869  66.41056275   2.72956658
 57.00072869  66.41069840   2.72965602
 57.10072869  66.41083159   2.72974382
 57.20072869  66.41096236   2.72983003
 57.30072869  66.41109074   2.72991467
 57.40072869  66.41121678   2.72999777
 57.50072869  66.41134051   2.73007934
 57.60072869  66.41146198   2.73015942
 57.70072869  66.41158121   2.73023803
 57.80072869  66.41169826   2.73031519
 57.90072869  66.41181315   2.73039094
 58.00072869  66.41192591   2.73046528
 58.10072869  66.41203660   2.73053825
 58.20072869  66.41214523   2.73060987
 58.30072869  66.41225185   2.73068017
 58.40072869  66.41235649   2.73074915
 58.50072869  66.41245919   2.73081686
 58.60072869  66.41255997   2.73088330
 58.70072869  66.41265886   2.73094850
 58.80072869  66.41275591   2.73101248
 58.90072869  66.41285114   2.73107526
 59.00072869  66.41294458   2.73113686
 59.10072869  66.41303627   2.73119731
 59.20072869  66.41312623   2.73125662
 59.30072869  66.41321449   2.73131481
 59.40072869  66.41330109   2.73137190
 59.50072869  66.41338604   2.73142791
 59.60072869  66.41346939   2.73148286
 59.70072869  66.41355116   2.73153676
 59.80072869  66.41363136   2.73158964
 59.90072869  66.41371005   2.73164152
 60.00072869  66.41378723   2.73169240
 60.10072869  66.41386293   2.73174231
 60.20072869  66.41393719   2.73179126
 60.30072869  66.41401002   2.73183928
 60.40072869  66.41408145   2.73188637
 60.50072869  66.41415151   2.73193256
 60.60072869  66.41422022   2.73197786
 60.70072869  66.41428760   2.73202228
 60.80072869  66.41435368   2.73206585
 60.90072869  66.41441848   2.73210857
 61.00072869  66.41448202   2.73215046
 61.10072869  66.41454433   2.73219154
 61.20072869  66.41460543   2.73223182
 61.30072869  66.41466534   2.73227131
 61.40072869  66.41472407   2.73231004
 61.50072869  66.41478166   2.73234800
 61.60072869  66.41483812   2.73238522
 61.70072869  66.41489347   2.73242172
 61.80072869  66.41494773   2.73245749
 61.90072869  66.41500093   2.73249256
 62.00072869  66.41505308   2.73252694
 62.10072869  66.41510420   2.73256064
 62.20072869  66.41515430   2.73259368
 62.30072869  66.41520342   2.73262606
 62.40072869  66.41525156   2.73265780
 62.50072869  66.41529874   2.73268890
 62.60072869  66.41534499   2.73271939
 62.70072869  66.41539031   2.73274927
 62.80072869  66.41543473   2.73277856
 62.90072869  66.41547826   2.73280725
 63.00072869  66.41552092   2.73283538
 63.10072869  66.41556272   2.73286294
 63.20072869  66.41560369   2.73288994
 63.30072869  66.41564383   2.73291641
 63.40072869  66.41568316   2.73294234
 63.50072869  66.41572169   2.73296774
 63.60072869  66.41575945   2.73299263
 63.70072869  66.41579644   2.73301702
 63.80072869  66.41583268   2.73304092
 63.90072869  66.41586819   2.73306432
 64.00072869  66.41590297   2.73308726
 64.10072869  66.41593705   2.73310972
 64.20072869  66.41597043   2.73313173
 64.30072869  66.41600313   2.73315329
 64.40072869  66.41603516   2.73317440
 64.50072869  66.41606653   2.73319508
 64.60072869  66.41609726   2.73321534
 64.70072869  66.41612735   2.73323518
 64.80072869  66.41615683   2.73325462
 64.90072869  66.41618570   2.73327365
 65.00072869  66.41621397   2.73329229
 65.10072869  66.41624166   2.73331054
 65.20072869  66.41626877   2.73332842
 65.30072869  66.41629532   2.73334592
 65.40072869  66.41632132   2.73336306
 65.50072869  66.41634678   2.73337985
 65.60072869  66.41637171   2.73339628
 65.70072869  66.41639611   2.73341237
 65.80072869  66.41642001   2.73342812
 65.90072869  66.41644340   2.73344355
 66.00072869  66.41646631   2.73345865
 66.10072869  66.41648873   2.73347343
 66.20072869  66.41651069   2.73348791
 66.30072869  66.41653218   2.73350207
 66.40072869  66.41655321   2.73351594
 66.50072869  66.41657381   2.73352952
 66.60072869  66.41659396   2.73354281
 66.70072869  66.41661369   2.73355581
 66.80072869  66.41663300   2.73356855
 66.90072869  66.41665190   2.73358101
 67.00072869  66.41667040   2.73359320
 67.10072869  66.41668850   2.73360514
 67.20072869  66.41670622   2.73361682
 67.30072869  66.41672356   2.73362825
 67.40072869  66.41674053   2.73363943
 67.50072869  66.41675713   2.73365038
 67.60072869  66.41677338   2.73366109
 67.70072869  66.41678927   2.73367157
 67.80072869  66.41680483   2.73368183
 67.90072869  66.41682005   2.73369186
 68.00072869  66.41683494   2.73370168
 68.10072869  66.41684951   2.73371128
 68.20072869  66.41686376   2.73372068
 68.30072869  66.41687770   2.73372987
 68.40072869  66.41689134   2.73373886
 68.50072869  66.41690469   2.73374766
 68.60072869  66.41691774   2.73375627
 68.70072869  66.41693051   2.73376468
 68.80072869  66.41694300   2.73377292
 68.90072869  66.41695521   2.73378097
 69.00072869  66.41696716   2.73378885
 69.10072869  66.41697885   2.73379655
 69.20072869  66.41699027   2.73380409
 69.30072869  66.41700145   2.73381146
 69.40072869  66.41701238   2.73381866
 69.50072869  66.41702307   2.73382571
 69.60072869  66.41703353   2.73383260
 69.70072869  66.41704375   2.73383934
 69.80072869  66.41705374   2.73384593
 69.90072869  66.41706352   2.73385237
 70.00072869  66.41707307   2.73385867
 70.10072869  66.41708242   2.73386483
 70.20072869  66.41709155   2.73387086
 70.30072869  66.41710048   2.73387674
 70.40072869  66.41710922   2.73388250
 70.50072869  66.41711775   2.73388813
 70.60072869  66.41712610   2.73389363
 70.70072869  66.41713425   2.73389901
 70.80072869  66.41714223   2.73390427
 70.90072869  66.41715002   2.73390940
 71.00072869  66.41715764   2.73391443
 71.10072869  66.41716509   2.73391934
 71.20072869  66.41717237   2.73392413
 71.30072869  66.41717948   2.73392882
 71.40072869  66.41718643   2.73393341
 71.50072869  66.41719323   2.73393789
 71.60072869  66.41719987   2.73394227
 71.70072869  66.41720636   2.73394654
 71.80072869  66.41721270   2.73395072
 71.90072869  66.41721889   2.73395481
 72.00072869  66.41722495   2.73395880
 72.10072869  66.41723086   2.73396270
 72.20072869  66.41723664   2.73396651
 72.30072869  66.41724229   2.73397024
 72.40072869  66.41724781   2.73397387
 72.50072869  66.41725320   2.73397743
 72.60072869  66.41725847   2.73398090
 72.70072869  66.41726361   2.73398429
 72.80072869  66.41726864   2.73398760
 72.90072869  66.41727355   2.73399084
 73.00072869  66.41727834   2.73399400
 73.10072869  66.41728303   2.73399709
 73.20072869  66.41728761   2.73400011
 73.30072869  66.41729208   2.73400306
 73.40072869  66.41729644   2.73400593
 73.50072869  66.41730070   2.73400874
 73.60072869  66.41730487   2.73401149
 73.70072869  66.41730893   2.73401417
 73.80072869  66.41731291   2.73401679
 73.90072869  66.41731678   2.73401935
 74.00072869  66.41732057   2.73402184
 74.10072869  66.41732427   2.73402428
 74.20072869  66.41732788   2.73402666
 74.30072869  66.41733141   2.73402898
 74.40072869  66.41733485   2.73403125
 74.50072869  66.41733821   2.73403347
 74.60072869  66.41734149   2.73403563
 74.70072869  66.41734469   2.73403775
 74.80072869  66.41734782   2.73403981
 74.90072869  66.41735087   2.73404182
 75.00072869  66.41735386   2.73404379
 75.10072869  66.41735676   2.73404570
 75.20072869  66.41735960   2.73404758
 75.30072869  66.41736238   2.73404940
 75.40072869  66.41736508   2.73405119
 75.50072869  66.41736772   2.73405293
 75.60072869  66.41737030   2.73405463
 75.70072869  66.41737282   2.73405629
 75.80072869  66.41737527   2.73405791
 75.90072869  66.41737767   2.73405949
 76.00072869  66.41738001   2.73406103
 76.10072869  66.41738229   2.73406253
 76.20072869  66.41738452   2.73406400
 76.30072869  66.41738669   2.73406543
 76.40072869  66.41738881   2.73406683
 76.50072869  66.41739088   2.73406819
 76.60072869  66.41739290   2.73406952
 76.70072869  66.41739487   2.73407082
 76.80072869  66.41739679   2.73407209
 76.90072869  66.41739866   2.73407333
 77.00072869  66.41740049   2.73407453
 77.10072869  66.41740227   2.73407571
 77.20072869  66.41740401   2.73407685
 77.30072869  66.41740571   2.73407797
 77.40072869  66.41740737   2.73407907
 77.50072869  66.41740898   2.73408013
 77.60072869  66.41741056   2.73408117
 77.70072869  66.41741209   2.73408218
 77.80072869  66.41741359   2.73408317
 77.90072869  66.41741506   2.73408413
 78.00072869  66.41741648   2.73408507
 78.10072869  66.41741787   2.73408599
 78.20072869  66.41741923   2.73408688
 78.30072869  66.41742055   2.73408775
 78.40072869  66.41742184   2.73408860
 78.50072869  66.41742309   2.73408943
 78.60072869  66.41742432   2.73409024
 78.70072869  66.41742552   2.73409103
 78.80072869  66.41742668   2.73409180
 78.90072869  66.41742782   2.73409255
 79.00072869  66.41742892   2.73409328
 79.10072869  66.41743000   2.73409399
 79.20072869  66.41743106   2.73409468
 79.30072869  66.41743208   2.73409536
 79.40072869  66.41743308   2.73409602
 79.50072869  66.41743406   2.73409666
 79.60072869  66.41743501   2.73409729
 79.70072869  66.41743594   2.73409790
 79.80072869  66.41743684   2.73409849
 79.90072869  66.41743772   2.73409907
 80.00072869  66.41743858   2.73409964
 80.10072869  66.41743941   2.73410019
 80.20072869  66.41744023   2.73410073
 80.30072869  66.41744102   2.73410125
 80.40072869  66.41744179   2.73410176
 80.50072869  66.41744255   2.73410226
 80.60072869  66.41744328   2.73410274
 80.70072869  66.41744400   2.73410322
 80.80072869  66.41744470   2.73410368
 80.90072869  66.41744538   2.73410412
 81.00072869  66.41744604   2.73410456
 81.10072869  66.41744668   2.73410499
 81.20072869  66.41744731   2.73410540
 81.30072869  66.41744793   2.73410580
 81.40072869  66.41744852   2.73410620
 81.50072869  66.41744910   2.73410658
 81.60072869  66.41744967   2.73410695
 81.70072869  66.41745022   2.73410732
 81.80072869  66.41745076   2.73410767
 81.90072869  66.41745128   2.73410802
 82.00072869  66.41745179   2.73410835
 82.10072869  66.41745229   2.73410868
 82.20072869  66.41745277   2.73410900
 82.30072869  66.41745324   2.73410931
 82.40072869  66.41745370   2.73410961
 82.50072869  66.41745415   2.73410991
 82.60072869  66.41745458   2.73411019
 82.70072869  66.41745500   2.73411047
 82.80072869  66.41745542   2.73411074
 82.90072869  66.41745582   2.73411101
 83.00072869  66.41745621   2.73411127
 83.10072869  66.41745659   2.73411152
 83.20072869  66.41745696   2.73411176
 83.30072869  66.41745732   2.73411200
 83.40072869  66.41745767   2.73411223
 83.50072869  66.41745801   2.73411246
 83.60072869  66.41745835   2.73411267
 83.70072869  66.41745867   2.73411289
 83.80072869  66.41745899   2.73411310
 83.90072869  66.41745929   2.73411330
 84.00072869  66.41745959   2.73411350
 84.10072869  66.41745988   2.73411369
 84.20072869  66.41746017   2.73411387
 84.30072869  66.41746044   2.73411406
 84.40072869  66.41746071   2.73411423
 84.50072869  66.41746097   2.73411441
 84.60072869  66.41746123   2.73411457
 84.70072869  66.41746147   2.73411474
 84.80072869  66.41746171   2.73411489
 84.90072869  66.41746195   2.73411505
 85.00072869  66.41746218   2.73411520
 85.10072869  66.41746240   2.73411534
 85.20072869  66.41746261   2.73411549
 85.30072869  66.41746282   2.73411563
 85.40072869  66.41746303   2.73411576
 85.50072869  66.41746323   2.73411589
 85.60072869  66.41746342   2.73411602
 85.70072869  66.41746361   2.73411614
 85.80072869  66.41746379   2.73411626
 85.90072869  66.41746397   2.73411638
 86.00072869  66.41746414   2.73411649
 86.10072869  66.41746431   2.73411661
 86.20072869  66.41746447   2.73411671
 86.30072869  66.41746463   2.73411682
 86.40072869  66.41746479   2.73411692
 86.50072869  66.41746494   2.73411702
 86.60072869  66.41746508   2.73411712
 86.70072869  66.41746523   2.73411721
 86.80072869  66.41746537   2.73411730
 86.90072869  66.41746550   2.73411739
 87.00072869  66.41746563   2.73411748
 87.10072869  66.41746576   2.73411756
 87.20072869  66.41746588   2.73411764
 87.30072869  66.41746600   2.73411772
 87.40072869  66.41746612   2.73411780
 87.50072869  66.41746623   2.73411787
 87.60072869  66.41746635   2.73411795
 87.70072869  66.41746645   2.73411802
 87.80072869  66.41746656   2.73411809
 87.90072869  66.41746666   2.73411815
 88.00072869  66.41746676   2.73411822
 88.10072869  66.41746685   2.73411828
 88.20072869  66.41746695   2.73411834
 88.30072869  66.41746704   2.73411840
 88.40072869  66.41746713   2.73411846
 88.50072869  66.41746721   2.73411852
 88.60072869  66.41746730   2.73411857
 88.70072869  66.41746738   2.73411863
 88.80072869  66.41746746   2.73411868
 88.90072869  66.41746753   2.73411873
 89.00072869  66.41746761   2.73411878
 89.10072869  66.41746768   2.73411883
 89.20072869  66.41746775   2.73411887
 89.30072869  66.41746782   2.73411892
 89.40072869  66.41746788   2.73411896
 89.50072869  66.41746795   2.73411900
 89.60072869  66.41746801   2.73411905
 89.70072869  66.41746807   2.73411909
 89.80072869  66.41746813   2.73411913
 89.90072869  66.41746819   2.73411916
 90.00072869  66.41746824   2.73411920
 90.10072869  66.41746830   2.73411924
 90.20072869  66.41746835   2.73411927
 90.30072869  66.41746840   2.73411930
 90.40072869  66.41746845   2.73411934
 90.50072869  66.41746850   2.73411937
 90.60072869  66.41746855   2.73411940
 90.70072869  66.41746859   2.73411943
 90.80072869  66.41746864   2.73411946
 90.90072869  66.41746868   2.73411949
 91.00072869  66.41746872   2.73411951
 91.10072869  66.41746876   2.73411954
 91.20072869  66.41746880   2.73411957
 91.30072869  66.41746884   2.73411959
 91.40072869  66.41746888   2.73411962
 91.50072869  66.41746891   2.73411964
 91.60072869  66.41746895   2.73411966
 91.70072869  66.41746898   2.73411969
 91.80072869  66.41746902   2.73411971
 91.90072869  66.41746905   2.73411973
 92.00072869  66.41746908   2.73411975
 92.10072869  66.41746911   2.73411977
 92.20072869  66.41746914   2.73411979
 92.30072869  66.41746917   2.73411981
 92.40072869  66.41746919   2.73411983
 92.50072869  66.41746922   2.73411984
 92.60072869  66.41746925   2.73411986
 92.70072869  66.41746927   2.73411988
 92.80072869  66.41746930   2.73411989
 92.90072869  66.41746932   2.73411991
 93.00072869  66.41746934   2.73411992
 93.10072869  66.41746937   2.73411994
 93.20072869  66.41746939   2.73411995
 93.30072869  66.41746941   2.73411997
 93.40072869  66.41746943   2.73411998
 93.50072869  66.41746945   2.73411999
 93.60072869  66.41746947   2.73412001
 93.70072869  66.41746949   2.73412002
 93.80072869  66.41746951   2.73412003
 93.90072869  66.41746952   2.73412004
 94.00072869  66.41746954   2.73412005
 94.10072869  66.41746956   2.73412007
 94.20072869  66.41746957   2.73412008
 94.30072869  66.41746959   2.73412009
 94.40072869  66.41746960   2.73412010
 94.50072869  66.41746962   2.73412011
 94.60072869  66.41746963   2.73412012
 94.70072869  66.41746965   2.73412012
 94.80072869  66.41746966   2.73412013
 94.90072869  66.41746967   2.73412014
 95.00072869  66.41746969   2.73412015
 95.10072869  66.41746970   2.73412016
 95.20072869  66.41746971   2.73412017
 95.30072869  66.41746972   2.73412017
 95.40072869  66.41746973   2.73412018
 95.50072869  66.41746974   2.73412019
 95.60072869  66.41746976   2.73412019
 95.70072869  66.41746977   2.73412020
 95.80072869  66.41746978   2.73412021
 95.90072869  66.41746979   2.73412021
 96.00072869  66.41746979   2.73412022
 96.10072869  66.41746980   2.73412023
 96.20072869  66.41746981   2.73412023
 96.30072869  66.41746982   2.73412024
 96.40072869  66.41746983   2.73412024
 96.50072869  66.41746984   2.73412025
 96.60072869  66.41746985   2.73412025
 96.70072869  66.41746985   2.73412026
 96.80072869  66.41746986   2.73412026
 96.90072869  66.41746987   2.73412027
 97.00072869  66.41746988   2.73412027
 97.10072869  66.41746988   2.73412028
 97.20072869  66.41746989   2.73412028
 97.30072869  66.41746990   2.73412029
 97.40072869  66.41746990   2.73412029
 97.50072869  66.41746991   2.73412029
 97.60072869  66.41746992   2.73412030
 97.70072869  66.41746992   2.73412030
 97.80072869  66.41746993   2.73412031
 97.90072869  66.41746994   2.73412031
 98.00072869  66.41746994   2.73412031
 98.10072869  66.41746995   2.73412032
 98.20072869  66.41746996   2.73412032
 98.30072869  66.41746996   2.73412032
 98.40072869  66.41746997   2.73412033
 98.50072869  66.41746998   2.73412033
 98.60072869  66.41746998   2.73412033
 98.70072869  66.41746999   2.73412033
 98.80072869  66.41746999   2.73412034
 98.90072869  66.41747000   2.73412034
 99.00072869  66.41747001   2.73412034
 99.10072869  66.41747002   2.73412035
 99.20072869  66.41747002   2.73412035
 99.30072869  66.41747003   2.73412035
 99.40072869  66.41747004   2.73412035
 99.50072869  66.41747005   2.73412036
 99.60072869  66.41747006   2.73412036
 99.70072869  66.41747007   2.73412036
 99.80072869  66.41747008   2.73412037
 99.90072869  66.41747009   2.73412037
100.00072869  66.41747010   2.73412037
100.10072869  66.41747011   2.73412037
100.20072869  66.41747012   2.73412038
100.30072869  66.41747014   2.73412038
100.40072869  66.41747015   2.73412038
100.50072869  66.41747017   2.73412039
100.60072869  66.41747018   2.73412039
100.70072869  66.41747020   2.73412039
100.80072869  66.41747022   2.73412040
100.90072869  66.41747024   2.73412040
101.00072869  66.41747026   2.73412041
101.10072869  66.41747029   2.73412041
101.20072869  66.41747032   2.73412041
101.30072869  66.41747034   2.73412042
101.40072869  66.41747038   2.73412043
101.50072869  66.41747041   2.73412043
101.60072869  66.41747045   2.73412044
101.70072869  66.41747049   2.73412044
101.80072869  66.41747053   2.73412045
101.90072869  66.41747058   2.73412046
102.00072869  66.41747063   2.73412046
102.10072869  66.41747068   2.73412047
102.20072869  66.41747074   2.73412048
102.30072869  66.41747081   2.73412049
102.40072869  66.41747088   2.73412050
102.50072869  66.41747095   2.73412051
102.60072869  66.41747104   2.73412053
102.70072869  66.41747113   2.73412054
102.80072869  66.41747123   2.73412055
102.90072869  66.41747133   2.73412057
103.00072869  66.41747145   2.73412058
103.10072869  66.41747158   2.73412060
103.20072869  66.41747171   2.73412062
103.30072869  66.41747186   2.73412064
103.40072869  66.41747202   2.73412067
103.50072869  66.41747220   2.73412069
103.60072869  66.41747239   2.73412072
103.70072869  66.41747259   2.73412075
103.80072869  66.41747282   2.73412078
103.90072869  66.41747306   2.73412081
104.00072869  66.41747332   2.73412085
104.10072869  66.41747361   2.73412089
104.20072869  66.41747391   2.73412093
104.30072869  66.41747425   2.73412098
104.40072869  66.41747461   2.73412103
104.50072869  66.41747500   2.73412108
104.60072869  66.41747543   2.73412114
104.70072869  66.41747589   2.73412121
104.80072869  66.41747638   2.73412128
104.90072869  66.41747692   2.73412135
105.00072869  66.41747751   2.73412143
105.10072869  66.41747814   2.73412152
105.20072869  66.41747882   2.73412161
105.30072869  66.41747955   2.73412172
105.40072869  66.41748035   2.73412183
105.50072869  66.41748121   2.73412195
105.60072869  66.41748214   2.73412208
105.70072869  66.41748314   2.73412221
105.80072869  66.41748423   2.73412237
105.90072869  66.41748540   2.73412253
106.00072869  66.41748666   2.73412270
106.10072869  66.41748803   2.73412289
106.20072869  66.41748950   2.73412310
106.30072869  66.41749109   2.73412332
106.40072869  66.41749280   2.73412355
106.50072869  66.41749465   2.73412381
106.60072869  66.41749664   2.73412409
106.70072869  66.41749878   2.73412438
106.80072869  66.41750110   2.73412471
106.90072869  66.41750359   2.73412505
107.00072869  66.41750627   2.73412542
107.10072869  66.41750916   2.73412582
107.20072869  66.41751227   2.73412625
107.30072869  66.41751561   2.73412672
107.40072869  66.41751922   2.73412722
107.50072869  66.41752309   2.73412776
107.60072869  66.41752726   2.73412833
107.70072869  66.41753174   2.73412895
107.80072869  66.41753655   2.73412962
107.90072869  66.41754173   2.73413034
108.00072869  66.41754729   2.73413111
108.10072869  66.41755327   2.73413194
108.20072869  66.41755969   2.73413283
108.30072869  66.41756658   2.73413379
108.40072869  66.41757398   2.73413481
108.50072869  66.41758192   2.73413591
108.60072869  66.41759045   2.73413709
108.70072869  66.41759959   2.73413836
108.80072869  66.41760940   2.73413972
108.90072869  66.41761991   2.73414118
109.00072869  66.41763119   2.73414274
109.10072869  66.41764327   2.73414442
109.20072869  66.41765622   2.73414621
109.30072869  66.41767010   2.73414814
109.40072869  66.41768496   2.73415020
109.50072869  66.41770087   2.73415240
109.60072869  66.41771791   2.73415476
109.70072869  66.41773614   2.73415729
109.80072869  66.41775565   2.73416000
109.90072869  66.41777653   2.73416289
110.00072869  66.41779886   2.73416599
110.10072869  66.41782274   2.73416930
110.20072869  66.41784827   2.73417284
110.30072869  66.41787556   2.73417662
110.40072869  66.41790472   2.73418066
110.50072869  66.41793587   2.73418498
110.60072869  66.41796915   2.73418959
110.70072869  66.41800469   2.73419452
110.80072869  66.41804263   2.73419978
110.90072869  66.41808313   2.73420539
111.00072869  66.41812635   2.73421139
111.10072869  66.41817246   2.73421778
111.20072869  66.41822164   2.73422460
111.30072869  66.41827409   2.73423187
111.40072869  66.41833001   2.73423962
111.50072869  66.41838962   2.73424788
111.60072869  66.41845315   2.73425669
111.70072869  66.41852083   2.73426607
111.80072869  66.41859292   2.73427607
111.90072869  66.41866970   2.73428671
112.00072869  66.41875144   2.73429804
112.10072869  66.41883845   2.73431010
112.20072869  66.41893105   2.73432294
112.30072869  66.41902957   2.73433660
112.40072869  66.41913437   2.73435113
112.50072869  66.41924582   2.73436658
112.60072869  66.41936431   2.73438300
112.70072869  66.41949028   2.73440047
112.80072869  66.41962414   2.73441902
112.90072869  66.41976637   2.73443874
113.00072869  66.41991745   2.73445969
113.10072869  66.42007790   2.73448193
113.20072869  66.42024827   2.73450555
113.30072869  66.42042911   2.73453062
113.40072869  66.42062103   2.73455722
113.50072869  66.42082466   2.73458545
113.60072869  66.42104067   2.73461540
113.70072869  66.42126976   2.73464715
113.80072869  66.42151266   2.73468083
113.90072869  66.42177015   2.73471652
114.00072869  66.42204304   2.73475435
114.10072869  66.42233218   2.73479444
114.20072869  66.42263847   2.73483690
114.30072869  66.42296285   2.73488187
114.40072869  66.42330632   2.73492948
114.50072869  66.42366991   2.73497988
114.60072869  66.42405471   2.73503323
114.70072869  66.42446187   2.73508967
114.80072869  66.42489258   2.73514938
114.90072869  66.42534811   2.73521253
115.00072869  66.42582977   2.73527930
115.10072869  66.42633894   2.73534989
115.20072869  66.42687707   2.73542449
115.30072869  66.42744568   2.73550331
115.40072869  66.42804636   2.73558659
115.50072869  66.42868076   2.73567453
115.60072869  66.42935064   2.73576740
115.70072869  66.43005779   2.73586543
115.80072869  66.43080414   2.73596889
115.90072869  66.43159167   2.73607807
116.00072869  66.43242246   2.73619324
116.10072869  66.43329868   2.73631471
116.20072869  66.43422262   2.73644279
116.30072869  66.43519663   2.73657782
116.40072869  66.43622320   2.73672013
116.50072869  66.43730492   2.73687009
116.60072869  66.43844449   2.73702806
116.70072869  66.43964471   2.73719445
116.80072869  66.44090854   2.73736965
116.90072869  66.44223903   2.73755410
117.00072869  66.44363938   2.73774823
117.10072869  66.44511292   2.73795250
117.20072869  66.44666310   2.73816740
117.30072869  66.44829356   2.73839343
117.40072869  66.45000804   2.73863110
117.50072869  66.45181046   2.73888097
117.60072869  66.45370490   2.73914360
117.70072869  66.45569559   2.73941956
117.80072869  66.45778694   2.73970948
117.90072869  66.45998354   2.74001400
118.00072869  66.46229016   2.74033376
118.10072869  66.46471173   2.74066946
118.20072869  66.46725342   2.74102181
118.30072869  66.46992056   2.74139155
118.40072869  66.47271869   2.74177945
118.50072869  66.47565358   2.74218631
118.60072869  66.47873120   2.74261296
118.70072869  66.48195775   2.74306025
118.80072869  66.48533966   2.74352908
118.90072869  66.48888358   2.74402037
119.00072869  66.49259643   2.74453508
119.10072869  66.49648536   2.74507420
119.20072869  66.50055778   2.74563875
119.30072869  66.50482137   2.74622981
119.40072869  66.50928408   2.74684847
119.50072869  66.51395413   2.74749587
119.60072869  66.51884002   2.74817319
119.70072869  66.52395055   2.74888166
119.80072869  66.52929482   2.74962253
119.90072869  66.53488223   2.75039711
120.00072869  66.54072251   2.75120674
120.10072869  66.54682568   2.75205281
120.20072869  66.55320211   2.75293677
120.30072869  66.55986250   2.75386009
120.40072869  66.56681789   2.75482431
120.50072869  66.57407969   2.75583100
120.60072869  66.58165963   2.75688180
120.70072869  66.58956983   2.75797838
120.80072869  66.59782278   2.75912247
120.90072869  66.60643135   2.76031587
121.00072869  66.61540880   2.76156040
121.10072869  66.62476877   2.76285796
121.20072869  66.63452531   2.76421050
121.30072869  66.64469289   2.76562002
121.40072869  66.65528637   2.76708858
121.50072869  66.66632106   2.76861830
121.60072869  66.67781269   2.77021137
121.70072869  66.68977741   2.77187003
121.80072869  66.70223184   2.77359657
121.90072869  66.71519303   2.77539336
122.00072869  66.72867850   2.77726283
122.10072869  66.74270621   2.77920748
122.20072869  66.75729462   2.78122985
122.30072869  66.77246263   2.78333257
122.40072869  66.78822964   2.78551833
122.50072869  66.80461554   2.78778989
122.60072869  66.82164068   2.79015006
122.70072869  66.83932594   2.79260175
122.80072869  66.85769267   2.79514790
122.90072869  66.87676274   2.79779156
123.00072869  66.89655853   2.80053583
123.10072869  66.91710291   2.80338387
123.20072869  66.93841928   2.80633893
123.30072869  66.96053156   2.80940433
123.40072869  66.98346418   2.81258345
123.50072869  67.00724210   2.81587975
123.60072869  67.03189078   2.81929677
123.70072869  67.05743624   2.82283810
123.80072869  67.08390500   2.82650743
123.90072869  67.11132411   2.83030851
124.00072869  67.13972115   2.83424515
124.10072869  67.16912423   2.83832126
124.20072869  67.19956197   2.84254081
124.30072869  67.23106353   2.84690783
124.40072869  67.26365857   2.85142644
124.50072869  67.29737727   2.85610082
124.60072869  67.33225035   2.86093523
124.70072869  67.36830901   2.86593400
124.80072869  67.40558497   2.87110151
124.90072869  67.44411045   2.87644225
125.00072869  67.48391815   2.88196074
125.10072869  67.52504128   2.88766159
125.20072869  67.56751352   2.89354946
125.30072869  67.61136902   2.89962909
125.40072869  67.65664240   2.90590528
125.50072869  67.70336873   2.91238290
125.60072869  67.75158354   2.91906685
125.70072869  67.80132278   2.92596214
125.80072869  67.85262282   2.93307380
125.90072869  67.90552045   2.94040693
126.00072869  67.96005287   2.94796669
126.10072869  68.01625763   2.95575828
126.20072869  68.07417268   2.96378697
126.30072869  68.13383632   2.97205807
126.40072869  68.19528718   2.98057692
126.50072869  68.25856422   2.98934894
126.60072869  68.32370668   2.99837955
126.70072869  68.39075413   3.00767425
126.80072869  68.45974636   3.01723856
126.90072869  68.53072343   3.02707802
127.00072869  68.60372563   3.03719822
127.10072869  68.67879343   3.04760477
127.20072869  68.75596750   3.05830332
127.30072869  68.83528865   3.06929951
127.40072869  68.91679785   3.08059902
127.50072869  69.00053614   3.09220756
127.60072869  69.08654468   3.10413081
127.70072869  69.17486466   3.11637450
127.80072869  69.26553731   3.12894433
127.90072869  69.35860384   3.14184602
128.00072869  69.45410546   3.15508529
128.10072869  69.55208330   3.16866783
128.20072869  69.65257840   3.18259934
128.30072869  69.75563171   3.19688549
128.40072869  69.86128399   3.21153193
128.50072869  69.96957583   3.22654429
128.60072869  70.08054761   3.24192816
128.70072869  70.19423944   3.25768912
128.80072869  70.31069118   3.27383267
128.90072869  70.42994233   3.29036431
129.00072869  70.55203207   3.30728945
129.10072869  70.67699915   3.32461348
129.20072869  70.80488193   3.34234170
129.30072869  70.93571828   3.36047938
129.40072869  71.06954558   3.37903169
129.50072869  71.20640067   3.39800373
129.60072869  71.34631981   3.41740055
129.70072869  71.48933864   3.43722706
129.80072869  71.63549216   3.45748814
129.90072869  71.78481466   3.47818853
130.00072869  71.93733970   3.49933288
130.10072869  72.09310009   3.52092574
130.20072869  72.25212780   3.54297155
130.30072869  72.41445396   3.56547462
130.40072869  72.58010882   3.58843914
130.50072869  72.74912169   3.61186918
130.60072869  72.92152091   3.63576866
130.70072869  73.09733383   3.66014138
130.80072869  73.27658672   3.68499098
130.90072869  73.45930480   3.71032095
131.00072869  73.64551214   3.73613464
131.10072869  73.83523165   3.76243521
131.20072869  74.02848505   3.78922568
131.30072869  74.22529282   3.81650889
131.40072869  74.42567415   3.84428750
131.50072869  74.62964692   3.87256398
131.60072869  74.83722768   3.90134064
131.70072869  75.04843158   3.93061957
131.80072869  75.26327234   3.96040267
131.90072869  75.48176225   3.99069164
132.00072869  75.70391210   4.02148799
132.10072869  75.92973116   4.05279300
132.20072869  76.15922715   4.08460774
132.30072869  76.39240621   4.11693305
132.40072869  76.62927286   4.14976957
132.50072869  76.86983000   4.18311770
132.60072869  77.11407883   4.21697760
132.70072869  77.36201887   4.25134922
132.80072869  77.61364794   4.28623223
132.90072869  77.86896208   4.32162610
133.00072869  78.12795558   4.35753004
133.10072869  78.39062093   4.39394300
133.20072869  78.65694883   4.43086370
133.30072869  78.92692813   4.46829058
133.40072869  79.20054584   4.50622186
133.50072869  79.47778711   4.54465546
133.60072869  79.75863521   4.58358907
133.70072869  80.04307153   4.62302012
133.80072869  80.33107553   4.66294574
133.90072869  80.62262479   4.70336284
134.00072869  80.91769496   4.74426804
134.10072869  81.21625976   4.78565770
134.20072869  81.51829097   4.82752790
134.30072869  81.82375846   4.86987447
134.40072869  82.13263014   4.91269295
134.50072869  82.44487200   4.95597864
134.60072869  82.76044810   4.99972656
134.70072869  83.07932056   5.04393144
134.80072869  83.40144958   5.08858777
134.90072869  83.72679346   5.13368978
135.00072869  84.05530857   5.17923141
135.10072869  84.38694941   5.22520635
135.20072869  84.72166859   5.27160804
135.30072869  85.05941685   5.31842965
135.40072869  85.40014309   5.36566410
135.50072869  85.74379439   5.41330404
135.60072869  86.09031599   5.46134188
135.70072869  86.43965138   5.50976980
135.80072869  86.79174227   5.55857971
135.90072869  87.14652864   5.60776329
136.00072869  87.50394877   5.65731199
136.10072869  87.86393926   5.70721701
136.20072869  88.22643506   5.75746934
136.30072869  88.59136950   5.80805973
136.40072869  88.95867437   5.85897874
136.50072869  89.32827988   5.91021668
136.60072869  89.70011477   5.96176367
136.70072869  90.07410630   6.01360964
136.80072869  90.45018031   6.06574430
136.90072869  90.82826130   6.11815718
137.00072869  91.20827239   6.17083764
137.10072869  91.59013544   6.22377482
137.20072869  91.97377109   6.27695774
137.30072869  92.35909877   6.33037522
137.40072869  92.74603677   6.38401595
137.50072869  93.13450231   6.43786843
137.60072869  93.52441158   6.49192105
137.70072869  93.91567978   6.54616206
137.80072869  94.30822119   6.60057957
137.90072869  94.70194922   6.65516159
138.00072869  95.09677649   6.70989599
138.10072869  95.49261484   6.76477055
138.20072869  95.88937545   6.81977297
138.30072869  96.28696883   6.87489083
138.40072869  96.68530496   6.93011166
138.50072869  97.08429327   6.98542290
138.60072869  97.48384277   7.04081193
138.70072869  97.88386206   7.09626610
138.80072869  98.28425944   7.15177267
138.90072869  98.68494294   7.20731891
139.00072869  99.08582037   7.26289204
139.10072869  99.48679944   7.31847926
139.20072869  99.88778778   7.37406776
139.30072869 100.28869299   7.42964473
139.40072869 100.68942277   7.48519739
139.50072869 101.08988489   7.54071294
139.60072869 101.48998736   7.59617863
139.70072869 101.88963839   7.65158175
139.80072869 102.28874653   7.70690960
139.90072869 102.68722069   7.76214956
140.00072869 103.08497023   7.81728907
140.10072869 103.48190501   7.87231563
140.20072869 103.87793542   7.92721682
140.30072869 104.27297250   7.98198031
140.40072869 104.66692797   8.03659385
140.50072869 105.05971427   8.09104531
140.60072869 105.45124465   8.14532267
140.70072869 105.84143321   8.19941401
140.80072869 106.23019498   8.25330756
140.90072869 106.61744593   8.30699166
141.00072869 107.00310307   8.36045482
141.10072869 107.38708447   8.41368567
141.20072869 107.76930934   8.46667301
141.30072869 108.14969807   8.51940582
141.40072869 108.52817225   8.57187321
141.50072869 108.90465477   8.62406450
141.60072869 109.27906983   8.67596918
141.70072869 109.65134301   8.72757693
141.80072869 110.02140129   8.77887764
141.90072869 110.38917308   8.82986137
142.00072869 110.75458833   8.88051842
142.10072869 111.11757848   8.93083928
142.20072869 111.47807656   8.98081467
142.30072869 111.83601719   9.03043552
142.40072869 112.19133665   9.07969300
142.50072869 112.54397287   9.12857851
142.60072869 112.89386547   9.17708368
142.70072869 113.24095584   9.22520037
142.80072869 113.58518709   9.27292071
142.90072869 113.92650412   9.32023705
143.00072869 114.26485364   9.36714201
143.10072869 114.60018417   9.41362846
143.20072869 114.93244609   9.45968950
143.30072869 115.26159164   9.50531853
143.40072869 115.58757492   9.55050917
143.50072869 115.91035194   9.59525534
143.60072869 116.22988061   9.63955119
143.70072869 116.54612074   9.68339115
143.80072869 116.85903408   9.72676993
143.90072869 117.16858428   9.76968248
144.00072869 117.47473696   9.81212403
144.10072869 117.77745964   9.85409009
144.20072869 118.07672179   9.89557642
144.30072869 118.37249482   9.93657906
144.40072869 118.66475205   9.97709431
144.50072869 118.95346876  10.01711873
144.60072869 119.23862212  10.05664918
144.70072869 119.52019123  10.09568274
144.80072869 119.79815709  10.13421680
144.90072869 120.07250259  10.17224896
145.00072869 120.34321251  10.20977713
145.10072869 120.61027349  10.24679945
145.20072869 120.87367400  10.28331433
145.30072869 121.13340439  10.31932042
145.40072869 121.38945677  10.35481664
145.50072869 121.64182508  10.38980213
145.60072869 121.89050503  10.42427632
145.70072869 122.13549406  10.45823883
145.80072869 122.37679135  10.49168957
145.90072869 122.61439779  10.52462864
146.00072869 122.84831592  10.55705641
146.10072869 123.07854994  10.58897346
146.20072869 123.30510568  10.62038059
146.30072869 123.52799053  10.65127884
146.40072869 123.74721346  10.68166943
146.50072869 123.96278495  10.71155383
146.60072869 124.17471701  10.74093370
146.70072869 124.38302305  10.76981090
146.80072869 124.58771796  10.79818750
146.90072869 124.78881801  10.82606574
147.00072869 124.98634079  10.85344807
147.10072869 125.18030526  10.88033711
147.20072869 125.37073163  10.90673568
147.30072869 125.55764138  10.93264674
147.40072869 125.74105718  10.95807344
147.50072869 125.92100287  10.98301908
147.60072869 126.09750345  11.00748713
147.70072869 126.27058498  11.03148120
147.80072869 126.44027459  11.05500505
147.90072869 126.60660043  11.07806259
148.00072869 126.76959162  11.10065785
148.10072869 126.92927821  11.12279500
148.20072869 127.08569118  11.14447833
148.30072869 127.23886232  11.16571225
148.40072869 127.38882428  11.18650128
148.50072869 127.53561047  11.20685006
148.60072869 127.67925504  11.22676333
148.70072869 127.81979284  11.24624590
148.80072869 127.95725940  11.26530272
148.90072869 128.09169085  11.28393878
149.00072869 128.22312393  11.30215918
149.10072869 128.35159589  11.31996908
149.20072869 128.47714452  11.33737373
149.30072869 128.59980809  11.35437842
149.40072869 128.71962526  11.37098852
149.50072869 128.83663514  11.38720945
149.60072869 128.95087717  11.40304668
149.70072869 129.06239112  11.41850571
149.80072869 129.17121708  11.43359212
149.90072869 129.27739535  11.44831148
150.00072869 129.38096650  11.46266941
150.10072869 129.48197126  11.47667157
150.20072869 129.58045054  11.49032363
150.30072869 129.67644536  11.50363127
150.40072869 129.76999684  11.51660019
150.50072869 129.86114617  11.52923610
150.60072869 129.94993456  11.54154473
150.70072869 130.03640325  11.55353177
150.80072869 130.12059344  11.56520295
150.90072869 130.20254629  11.57656397
151.00072869 130.28230287  11.58762052
151.10072869 130.35990417  11.59837829
151.20072869 130.43539102  11.60884293
151.30072869 130.50880413  11.61902010
151.40072869 130.58018401  11.62891540
151.50072869 130.64957100  11.63853443
151.60072869 130.71700518  11.64788275
151.70072869 130.78252643  11.65696587
151.80072869 130.84617433  11.66578930
151.90072869 130.90798822  11.67435848
152.00072869 130.96800710  11.68267882
152.10072869 131.02626967  11.69075569
152.20072869 131.08281430  11.69859440
152.30072869 131.13767901  11.70620022
152.40072869 131.19090143  11.71357838
152.50072869 131.24251883  11.72073403
152.60072869 131.29256809  11.72767230
152.70072869 131.34108566  11.73439822
152.80072869 131.38810758  11.74091681
152.90072869 131.43366946  11.74723300
153.00072869 131.47780646  11.75335165
153.10072869 131.52055330  11.75927759
153.20072869 131.56194422  11.76501556
153.30072869 131.60201299  11.77057025
153.40072869 131.64079292  11.77594626
153.50072869 131.67831682  11.78114815
153.60072869 131.71461699  11.78618040
153.70072869 131.74972527  11.79104741
153.80072869 131.78367296  11.79575354
153.90072869 131.81649086  11.80030304
154.00072869 131.84820927  11.80470012
154.10072869 131.87885796  11.80894891
154.20072869 131.90846618  11.81305346
154.30072869 131.93706267  11.81701776
154.40072869 131.96467564  11.82084571
154.50072869 131.99133276  11.82454115
154.60072869 132.01706120  11.82810785
154.70072869 132.04188759  11.83154950
154.80072869 132.06583804  11.83486972
154.90072869 132.08893813  11.83807206
155.00072869 132.11121291  11.84115998
155.10072869 132.13268694  11.84413690
155.20072869 132.15338421  11.84700613
155.30072869 132.17332825  11.84977095
155.40072869 132.19254202  11.85243453
155.50072869 132.21104801  11.85499999
155.60072869 132.22886817  11.85747038
155.70072869 132.24602399  11.85984867
155.80072869 132.26253640  11.86213776
155.90072869 132.27842590  11.86434050
156.00072869 132.29371244  11.86645966
156.10072869 132.30841553  11.86849793
156.20072869 132.32255417  11.87045795
156.30072869 132.33614691  11.87234229
156.40072869 132.34921180  11.87415346
156.50072869 132.36176646  11.87589390
156.60072869 132.37382802  11.87756598
156.70072869 132.38541320  11.87917202
156.80072869 132.39653823  11.88071426
156.90072869 132.40721894  11.88219492
157.00072869 132.41747071  11.88361611
157.10072869 132.42730849  11.88497991
157.20072869 132.43674683  11.88628833
157.30072869 132.44579987  11.88754334
157.40072869 132.45448133  11.88874684
157.50072869 132.46280454  11.88990068
157.60072869 132.47078245  11.89100665
157.70072869 132.47842763  11.89206649
157.80072869 132.48575226  11.89308189
157.90072869 132.49276816  11.89405450
158.00072869 132.49948681  11.89498589
158.10072869 132.50591931  11.89587762
158.20072869 132.51207643  11.89673118
158.30072869 132.51796860  11.89754800
158.40072869 132.52360592  11.89832950
158.50072869 132.52899818  11.89907702
158.60072869 132.53415484  11.89979188
158.70072869 132.53908506  11.90047535
158.80072869 132.54379769  11.90112866
158.90072869 132.54830130  11.90175298
159.00072869 132.55260417  11.90234949
159.10072869 132.55671430  11.90291927
159.20072869 132.56063942  11.90346340
159.30072869 132.56438699  11.90398292
159.40072869 132.56796422  11.90447883
159.50072869 132.57137807  11.90495209
159.60072869 132.57463525  11.90540363
159.70072869 132.57774222  11.90583434
159.80072869 132.58070525  11.90624510
159.90072869 132.58353033  11.90663674
160.00072869 132.58622328  11.90701006
160.10072869 132.58878969  11.90736584
160.20072869 132.59123493  11.90770482
160.30072869 132.59356419  11.90802772
160.40072869 132.59578246  11.90833524
160.50072869 132.59789455  11.90862803
160.60072869 132.59990506  11.90890675
160.70072869 132.60181846  11.90917200
160.80072869 132.60363899  11.90942438
160.90072869 132.60537079  11.90966446
161.00072869 132.60701778  11.90989278
161.10072869 132.60858377  11.91010987
161.20072869 132.61007239  11.91031623
161.30072869 132.61148714  11.91051236
161.40072869 132.61283138  11.91069871
161.50072869 132.61410833  11.91087573
161.60072869 132.61532106  11.91104385
161.70072869 132.61647256  11.91120348
161.80072869 132.61756566  11.91135501
161.90072869 132.61860308  11.91149883
162.00072869 132.61958743  11.91163529
162.10072869 132.62052121  11.91176474
162.20072869 132.62140682  11.91188751
162.30072869 132.62224654  11.91200392
162.40072869 132.62304257  11.91211427
162.50072869 132.62379701  11.91221886
162.60072869 132.62451187  11.91231796
162.70072869 132.62518907  11.91241184
162.80072869 132.62583044  11.91250075
162.90072869 132.62643775  11.91258494
163.00072869 132.62701266  11.91266464
163.10072869 132.62755678  11.91274007
163.20072869 132.62807164  11.91281145
163.30072869 132.62855870  11.91287897
163.40072869 132.62901936  11.91294283
163.50072869 132.62945495  11.91300321
163.60072869 132.62986673  11.91306030
163.70072869 132.63025592  11.91311425
163.80072869 132.63062368  11.91316523
163.90072869 132.63097109  11.91321339
164.00072869 132.63129922  11.91325888
164.10072869 132.63160906  11.91330183
164.20072869 132.63190157  11.91334238
164.30072869 132.63217764  11.91338066
164.40072869 132.63243815  11.91341677
164.50072869 132.63268391  11.91345084
164.60072869 132.63291571  11.91348297
164.70072869 132.63313428  11.91351327
164.80072869 132.63334034  11.91354184
164.90072869 132.63353456  11.91356876
165.00072869 132.63371757  11.91359413
165.10072869 132.63388999  11.91361804
165.20072869 132.63405238  11.91364055
165.30072869 132.63420529  11.91366175
165.40072869 132.63434926  11.91368170
165.50072869 132.63448476  11.91370049
165.60072869 132.63461226  11.91371816
165.70072869 132.63473222  11.91373479
165.80072869 132.63484504  11.91375044
165.90072869 132.63495114  11.91376514
166.00072869 132.63505088  11.91377897
166.10072869 132.63514462  11.91379197
166.20072869 132.63523272  11.91380418
166.30072869 132.63531548  11.91381565
166.40072869 132.63539321  11.91382643
166.50072869 132.63546620  11.91383655
166.60072869 132.63553472  11.91384605
166.70072869 132.63559903  11.91385497
166.80072869 132.63565937  11.91386333
166.90072869 132.63571597  11.91387118
167.00072869 132.63576906  11.91387854
167.10072869 132.63581883  11.91388545
167.20072869 132.63586548  11.91389192
167.30072869 132.63590919  11.91389798
167.40072869 132.63595014  11.91390366
167.50072869 132.63598848  11.91390898
167.60072869 132.63602437  11.91391396
167.70072869 132.63605796  11.91391862
167.80072869 132.63608937  11.91392299
167.90072869 132.63611874  11.91392707
168.00072869 132.63614618  11.91393088
168.10072869 132.63617180  11.91393444
168.20072869 132.63619571  11.91393777
168.30072869 132.63621801  11.91394088
168.40072869 132.63623878  11.91394378
168.50072869 132.63625811  11.91394648
168.60072869 132.63627607  11.91394900
168.70072869 132.63629273  11.91395134
168.80072869 132.63630816  11.91395351
168.90072869 132.63632241  11.91395552
169.00072869 132.63633554  11.91395739
169.10072869 132.63634759  11.91395911
169.20072869 132.63635859  11.91396070
169.30072869 132.63636857  11.91396215
169.40072869 132.63637757  11.91396348
169.50072869 132.63638560  11.91396469
169.60072869 132.63639267  11.91396578
169.70072869 132.63639878  11.91396675
169.80072869 132.63640392  11.91396760
169.90072869 132.63640808  11.91396834
170.00072869 132.63641123  11.91396897
170.10072869 132.63641333  11.91396947
170.20072869 132.63641435  11.91396986
170.30072869 132.63641422  11.91397012
170.40072869 132.63641286  11.91397026
170.50072869 132.63641019  11.91397026
170.60072869 132.63640611  11.91397011
170.70072869 132.63640048  11.91396981
170.80072869 132.63639318  11.91396935
170.90072869 132.63638402  11.91396870
171.00072869 132.63637283  11.91396786
171.10072869 132.63635937  11.91396681
171.20072869 132.63634342  11.91396552
171.30072869 132.63632467  11.91396397
171.40072869 132.63630282  11.91396213
171.50072869 132.63627749  11.91395997
171.60072869 132.63624829  11.91395745
171.70072869 132.63621476  11.91395454
171.80072869 132.63617637  11.91395118
171.90072869 132.63613255  11.91394733
172.00072869 132.63608264  11.91394293
172.10072869 132.63602593  11.91393791
172.20072869 132.63596160  11.91393219
172.30072869 132.63588873  11.91392571
172.40072869 132.63580633  11.91391837
172.50072869 132.63571326  11.91391006
172.60072869 132.63560826  11.91390068
172.70072869 132.63548995  11.91389010
172.80072869 132.63535676  11.91387818
172.90072869 132.63520698  11.91386476
173.00072869 132.63503870  11.91384969
173.10072869 132.63484981  11.91383275
173.20072869 132.63463796  11.91381375
173.30072869 132.63440057  11.91379246
173.40072869 132.63413476  11.91376861
173.50072869 132.63383740  11.91374192
173.60072869 132.63350499  11.91371209
173.70072869 132.63313370  11.91367876
173.80072869 132.63271929  11.91364155
173.90072869 132.63225711  11.91360006
174.00072869 132.63174206  11.91355381
174.10072869 132.63116852  11.91350231
174.20072869 132.63053033  11.91344500
174.30072869 132.62982072  11.91338127
174.40072869 132.62903230  11.91331046
174.50072869 132.62815696  11.91323185
174.60072869 132.62718585  11.91314463
174.70072869 132.62610928  11.91304793
174.80072869 132.62491668  11.91294082
174.90072869 132.62359652  11.91282224
175.00072869 132.62213624  11.91269108
175.10072869 132.62052215  11.91254610
175.20072869 132.61873936  11.91238597
175.30072869 132.61677169  11.91220923
175.40072869 132.61460156  11.91201431
175.50072869 132.61220990  11.91179948
175.60072869 132.60957604  11.91156290
175.70072869 132.60667756  11.91130255
175.80072869 132.60349022  11.91101626
175.90072869 132.59998781  11.91070166
176.00072869 132.59614201  11.91035622
176.10072869 132.59192224  11.90997718
176.20072869 132.58729554  11.90956159
176.30072869 132.58222638  11.90910626
176.40072869 132.57667652  11.90860775
176.50072869 132.57060483  11.90806237
176.60072869 132.56396711  11.90746614
176.70072869 132.55671591  11.90681481
176.80072869 132.54880034  11.90610380
176.90072869 132.54016586  11.90532822
177.00072869 132.53075408  11.90448281
177.10072869 132.52050254  11.90356198
177.20072869 132.50934451  11.90255971
177.30072869 132.49720871  11.90146962
177.40072869 132.48401914  11.90028488
177.50072869 132.46969482  11.89899821
177.60072869 132.45414950  11.89760186
177.70072869 132.43729147  11.89608760
177.80072869 132.41902328  11.89444668
177.90072869 132.39924148  11.89266979
178.00072869 132.37783635  11.89074709
178.10072869 132.35469165  11.88866813
178.20072869 132.32968434  11.88642187
178.30072869 132.30268433  11.88399661
178.40072869 132.27355420  11.88138002
178.50072869 132.24214890  11.87855906
178.60072869 132.20831556  11.87552001
178.70072869 132.17189317  11.87224839
178.80072869 132.13271233  11.86872900
178.90072869 132.09059501  11.86494584
179.00072869 132.04535431  11.86088213
179.10072869 131.99679420  11.85652025
179.20072869 131.94470934  11.85184176
179.30072869 131.88888480  11.84682736
179.40072869 131.82909592  11.84145687
179.50072869 131.76510810  11.83570921
179.60072869 131.69667662  11.82956240
179.70072869 131.62354652  11.82299354
179.80072869 131.54545245  11.81597879
179.90072869 131.46211857  11.80849338
180.00072869 131.37325846  11.80051159
180.10072869 131.27857508  11.79200672
180.20072869 131.17776074  11.78295114
180.30072869 131.07049711  11.77331626
180.40072869 130.95645523  11.76307253
180.50072869 130.83529560  11.75218945
180.60072869 130.70666831  11.74063559
180.70072869 130.57021314  11.72837860
180.80072869 130.42555979  11.71538521
180.90072869 130.27232806  11.70162128
181.00072869 130.11012818  11.68705179
181.10072869 129.93856106  11.67164089
181.20072869 129.75721872  11.65535194
181.30072869 129.56568464  11.63814752
181.40072869 129.36353426  11.61998951
181.50072869 129.15033549  11.60083908
181.60072869 128.92564922  11.58065679
181.70072869 128.68903000  11.55940263
181.80072869 128.44002667  11.53703608
181.90072869 128.17818308  11.51351616
182.00072869 127.90303884  11.48880152
182.10072869 127.61413018  11.46285050
182.20072869 127.31099081  11.43562122
182.30072869 126.99315282  11.40707164
182.40072869 126.66014770  11.37715969
182.50072869 126.31150731  11.34584331
182.60072869 125.94676501  11.31308059
182.70072869 125.56545673  11.27882983
182.80072869 125.16712216  11.24304971
182.90072869 124.75130594  11.20569931
183.00072869 124.31755891  11.16673828
183.10072869 123.86543939  11.12612696
183.20072869 123.39451447  11.08382646
183.30072869 122.90436138  11.03979880
183.40072869 122.39456883  10.99400703
183.50072869 121.86473842  10.94641539
183.60072869 121.31448603  10.89698935
183.70072869 120.74344323  10.84569582
183.80072869 120.15125871  10.79250326
183.90072869 119.53759974  10.73738177
184.00072869 118.90215352  10.68030326
184.10072869 118.24462868  10.62124155
184.20072869 117.56475661  10.56017251
184.30072869 116.86229289  10.49707420
184.40072869 116.13701866  10.43192694
184.50072869 115.38874188  10.36471350
184.60072869 114.61729869  10.29541915
184.70072869 113.82255464  10.22403182
184.80072869 113.00440585  10.15054217
184.90072869 112.16278020  10.07494374
185.00072869 111.29763842   9.99723298
185.10072869 110.40897506   9.91740941
185.20072869 109.49681946   9.83547567
185.30072869 108.56123663   9.75143759
185.40072869 107.60232801   9.66530429
185.50072869 106.62023221   9.57708822
185.60072869 105.61512553   9.48680521
185.70072869 104.58722257   9.39447454
185.80072869 103.53677654   9.30011895
185.90072869 102.46407963   9.20376470
186.00072869 101.36946316   9.10544154
186.10072869 100.25329768   9.00518275
186.20072869  99.11599292   8.90302514
186.30072869  97.95799762   8.79900902
186.40072869  96.77979933   8.69317818
186.50072869  95.58192392   8.58557985
186.60072869  94.36493516   8.47626468
186.70072869  93.12943402   8.36528665
186.80072869  91.87605796   8.25270302
186.90072869  90.60548005   8.13857424
187.00072869  89.31840797   8.02296389
187.10072869  88.01558292   7.90593853
187.20072869  86.69777841   7.78756766
187.30072869  85.36579889   7.66792352
187.40072869  84.02047838   7.54708104
187.50072869  82.66267889   7.42511765
187.60072869  81.29328880   7.30211314
187.70072869  79.91322113   7.17814952
187.80072869  78.52341172   7.05331085
187.90072869  77.12481735   6.92768309
188.00072869  75.71841377   6.80135386
188.10072869  74.30519364   6.67441235
188.20072869  72.88616446   6.54694904
188.30072869  71.46234639   6.41905557
188.40072869  70.03477007   6.29082452
188.50072869  68.60447436   6.16234920
188.60072869  67.17250411   6.03372347
188.70072869  65.73990783   5.90504151
188.80072869  64.30773541   5.77639762
188.90072869  62.87703583   5.64788602
189.00072869  61.44885481   5.51960065
189.10072869  60.02423254   5.39163495
189.20072869  58.60420142   5.26408164
189.30072869  57.18978380   5.13703256
189.40072869  55.78198979   5.01057844
189.50072869  54.38181507   4.88480872
189.60072869  52.99023880   4.75981135
189.70072869  51.60822158   4.63567262
189.80072869  50.23670342   4.51247695
189.90072869  48.87660190   4.39030678
190.00072869  47.52881026   4.26924233
190.10072869  46.19419574   4.14936151
190.20072869  44.87359784   4.03073972
190.30072869  43.56782686   3.91344975
190.40072869  42.27766234   3.79756162
190.50072869  41.00385182   3.68314248
190.60072869  39.74710953   3.57025647
190.70072869  38.50811527   3.45896468
190.80072869  37.28751343   3.34932496
190.90072869  36.08591208   3.24139196
191.00072869  34.90388220   3.13521695
191.10072869  33.74195701   3.03084782
191.20072869  32.60063146   2.92832905
191.30072869  31.48036180   2.82770161
191.40072869  30.38156528   2.72900297
191.50072869  29.30462002   2.63226712
191.60072869  28.24986487   2.53752447
191.70072869  27.21759956   2.44480195
191.80072869  26.20808478   2.35412299
191.90072869  25.22154253   2.26550752
192.00072869  24.25815648   2.17897204
192.10072869  23.31807242   2.09452964
192.20072869  22.40139891   2.01219008
192.30072869  21.50820791   1.93195982
192.40072869  20.63853558   1.85384211
192.50072869  19.79238309   1.77783705
192.60072869  18.96971761   1.70394169
192.70072869  18.17047326   1.63215012
192.80072869  17.39455219   1.56245355
192.90072869  16.64182575   1.49484043
193.00072869  15.91213564   1.42929652
193.10072869  15.20529516   1.36580506
193.20072869  14.52109051   1.30434686
193.30072869  13.85928207   1.24490037
193.40072869  13.21960580   1.18744190
193.50072869  12.60177460   1.13194564
193.60072869  12.00547970   1.07838387
193.70072869  11.43039207   1.02672702
193.80072869  10.87616389   0.97694386
193.90072869  10.34242990   0.92900157
194.00072869   9.82880891   0.88286593
194.10072869   9.33490515   0.83850136
194.20072869   8.86030970   0.79587116
194.30072869   8.40460189   0.75493752
194.40072869   7.96735068   0.71566173
194.50072869   7.54811596   0.67800427
194.60072869   7.14644991   0.64192489
194.70072869   6.76189827   0.60738281
194.80072869   6.39400159   0.57433675
194.90072869   6.04229642   0.54274507
195.00072869   5.70631654   0.51256592
195.10072869   5.38559402   0.48375724
195.20072869   5.07966032   0.45627696
195.30072869   4.78804735   0.43008302
195.40072869   4.51028844   0.40513352
195.50072869   4.24591924   0.38138674
195.60072869   3.99447867   0.35880127
195.70072869   3.75550970   0.33733605
195.80072869   3.52856014   0.31695046
195.90072869   3.31318338   0.29760439
196.00072869   3.10893907   0.27925829
196.10072869   2.91539370   0.26187321
196.20072869   2.73212121   0.24541089
196.30072869   2.55870352   0.22983376
196.40072869   2.39473095   0.21510504
196.50072869   2.23980269   0.20118872
196.60072869   2.09352712   0.18804962
196.70072869   1.95552220   0.17565342
196.80072869   1.82541570   0.16396670
196.90072869   1.70284543   0.15295691
197.00072869   1.58745950   0.14259245
197.10072869   1.47891637   0.13284263
197.20072869   1.37688507   0.12367774
197.30072869   1.28104521   0.11506900
197.40072869   1.19108705   0.10698857
197.50072869   1.10671149   0.09940959
197.60072869   1.02763007   0.09230616
197.70072869   0.95356494   0.08565331
197.80072869   0.88424872   0.07942703
197.90072869   0.81942445   0.07360423
198.00072869   0.75884547   0.06816277
198.10072869   0.70227522   0.06308138
198.20072869   0.64948715   0.05833973
198.30072869   0.60026449   0.05391834
198.40072869   0.55440004   0.04979860
198.50072869   0.51169600   0.04596274
198.60072869   0.47196375   0.04239382
198.70072869   0.43502354   0.03907569
198.80072869   0.40070436   0.03599299
198.90072869   0.36884359   0.03313112
199.00072869   0.33928679   0.03047620
199.10072869   0.31188746   0.02801507
199.20072869   0.28650672   0.02573527
199.30072869   0.26301308   0.02362497
199.40072869   0.24128217   0.02167300
199.50072869   0.22119645   0.01986882
199.60072869   0.20264498   0.01820244
199.70072869   0.18552312   0.01666449
