# intensity: 1.01935930526169
# background: 0
#           Q (1/A)             dQ (1/A)                    R                   dR               theory              fresnel
     0.0483642315116 0.000750702739851845       0.951434579138     0.00501003519873    0.918266368499459   0.0188518191194882
     0.0497866914682 0.000750709007438337        0.94044560157     0.00496697431537    0.914533830779527   0.0172189532021977
     0.0512091499082 0.000750715456630211        0.92483593417     0.00490572657895    0.908132973126577   0.0149745360460618
     0.0526316067882    0.000750722087422        0.91507948482      0.0048673956524    0.900514885078552   0.0130303654018359
      0.054054062065 0.000750728899808085       0.891642996968     0.00477516962074    0.891541809753509   0.0114050431488609
     0.0554765156953 0.000750735893782693       0.876236096925     0.00471441470647    0.880714808921841   0.0100354255177243
     0.0568989676356 0.000750743069339895       0.854327123245     0.00462784251127    0.867315380039422  0.00887298406742311
     0.0583214178427 0.000750750426473612       0.832076973197     0.00453970038522    0.850317477816867  0.00787994915702611
     0.0597438662732 0.000750757965177608       0.797485049287     0.00440218205643    0.828298932556571   0.0070265909234829
     0.0611663128838 0.000750765685445495       0.755120376229     0.00423288370811    0.799425364595313  0.00628926861353009
     0.0625887576312 0.000750773587270732       0.713350487453     0.00406490300013     0.76169523455887  0.00564900923837793
      0.064011200472 0.000750781670646622       0.660982624188     0.00385260415179    0.713781284341044  0.00509045734908013
     0.0654336413629 0.000750789935566318       0.611077559878     0.00364824562759    0.656703291899421  0.00460108916065982
     0.0668560802606 0.000750798382022817        0.56406531003     0.00345358980774    0.595631597487241   0.0041706176851497
     0.0682785171218 0.000750807010008963       0.524906916272     0.00328959354811    0.539569813399234  0.00379053768860518
      0.069700951903 0.000750815819517446       0.497644208161     0.00317426832942    0.497256589019023  0.00345377422860885
     0.0711233845611 0.000750824810540804        0.47861385523      0.0030931423649     0.47206885786041  0.00315440876599855
     0.0725458150526  0.00075083398307142       0.474897210464      0.0030772339742    0.460981304499643  0.00288746396276449
     0.0739682433342 0.000750843337101525       0.465759918032     0.00303803317951    0.457872537855695  0.00264873329169273
     0.0753906693627 0.000750852872623196       0.468748114267     0.00305086561273    0.457126460998496  0.00243464516163705
     0.0768130930946 0.000750862589628355       0.459408054463     0.00301070035281    0.455095774209651   0.0022421538425445
     0.0782355144866 0.000750872488108774       0.451730687084     0.00297757578127    0.449929260230588   0.0020686513562515
     0.0796579334955  0.00075088256805607        0.44262088991     0.00293813751632    0.440928454236968  0.00191189588528908
     0.0810803500778 0.000750892829461706       0.427630839031     0.00287291585697    0.428018528841126   0.0017699532815582
     0.0825027641903 0.000750903272316994       0.407801406942     0.00278596845389    0.411436974990451   0.0016411490287647
     0.0839251757896 0.000750913896613089        0.38491694649     0.00268458712938    0.391581346780633  0.00152402859632695
     0.0853475848324 0.000750924702340998        0.36495233615     0.00259513435406    0.368945708459918   0.0014173245663391
     0.0867699912754  0.00075093568949157       0.339069270754     0.00247758842129    0.344098121188345  0.00131992925624824
     0.0881923950752 0.000750946858055505       0.315984395044     0.00237105595035    0.317671477868111  0.00123087182285527
     0.0896147961885 0.000750958208023346        0.29176402206     0.00225731092922    0.290352446699125  0.00114929903774639
      0.091037194572 0.000750969739385486       0.260541415925     0.00210718175422     0.26286086402092  0.00107445908417873
     0.0924595901823 0.000750981452132163       0.233198425444     0.00197181075627    0.235917271019418    0.001005687851084
     0.0938819829761 0.000750993346253465       0.203718442648     0.00182081600318    0.210200710373514 0.000942397299254197
     0.0953043729102 0.000751005421739325       0.179902428357     0.00169407309675    0.186302481589382 0.000884065553803914
     0.0967267599411 0.000751017678579521       0.159465870211      0.0015810856865    0.164683698901363  0.00083022844007024
     0.0981491440255 0.000751030116763682       0.139745756765     0.00146746640219    0.145644547105066 0.000780472230689375
     0.0995715251202 0.000751042736281284       0.126108664385     0.00138566532441    0.129310954691604 0.000734427412520815
      0.100993903182 0.000751055537121649       0.112524602447     0.00130099949817    0.115640653938411  0.00069176331504256
      0.102416278167 0.000751068519273941       0.102319996657     0.00123490813755    0.104446516035579 0.000652183468753227
      0.103838650032 0.000751081682727178      0.0923451938816     0.00116785769893   0.0954319214663473 0.000615421583953051
      0.105261018734 0.000751095027470228       0.086452774134     0.00112693280748   0.0882315348213158 0.000581238058438281
       0.10668338423 0.000751108553491803      0.0807360861031      0.0010861680282   0.0824512430094718 0.000549416937225045
      0.108105746476 0.000751122260780457      0.0782499283608     0.00106807991715   0.0777026404284966 0.000519763259711235
      0.109528105429 0.000751136149324599       0.074804005069     0.00104262552508   0.0736295324571283 0.000492100739674161
      0.110950461045 0.000751150219112476      0.0717636165127     0.00101976905544   0.0699258254124796 0.000466269732118913
      0.112372813282 0.000751164470132202      0.0692369052886     0.00100047071944   0.0663455128448677 0.000442125447645385
      0.113795162096  0.00075117890237172      0.0658044998135    0.000973787182507   0.0627061794256199 0.000419536381252921
      0.115217507443  0.00075119351581882      0.0610469014476    0.000935831757317   0.0588876371245697 0.000398382926934328
      0.116639849281 0.000751208310461158      0.0568029804151    0.000900911670889   0.0548271701602593 0.000378556153890022
      0.118062187565  0.00075122328628621       0.051153205622    0.000852651373305   0.0505125728944185 0.000359956723626939
      0.119484522253 0.000751238443281329      0.0459089655654    0.000805749994439   0.0459738490054642 0.000342493929797854
      0.120906853302 0.000751253781433706      0.0424490783547    0.000773512018533   0.0412741776377788 0.000326084845671753
      0.122329180667  0.00075126930073036      0.0366782244134    0.000717022413013   0.0365005738434998 0.000310653565753514
      0.123751504306 0.000751285001158187       0.032705241141    0.000675774607553   0.0317545768747859 0.000296130530042855
      0.125173824175 0.000751300882703912      0.0279482240383    0.000623256835424   0.0271432716893602 0.000282451921144948
      0.126596140232 0.000751316945354128      0.0231236178092    0.000565581758074    0.022770957770388  0.00026955912537395
      0.128018452432 0.000751333189095245      0.0191641523513    0.000513885901012   0.0187317950017503 0.000257398250508771
      0.129440760732 0.000751349613913542         0.0141359001    0.000440271397973   0.0151037518148146 0.000245919693460883
      0.130863065089 0.000751366219795145      0.0120352606732    5.97466838036e-05   0.0119441386326418 0.000235077752285719
       0.13228536546 0.000751383006726032     0.00934358447845    4.93090836114e-05  0.00928692312277177 0.000224830277442001
      0.133707661802 0.000751399974692025       0.007159964344    4.06431350028e-05  0.00714189954540765 0.000215138357928221
       0.13512995407 0.000751417123678775      0.0055887953509    3.42157019178e-05  0.00549563917798501 0.000205966038455621
      0.136552242222 0.000751434453671812     0.00434438216249    2.89307750414e-05  0.00431400518541193 0.000197280064211363
      0.137974526215 0.000751451964656508     0.00361685846449    2.57148597532e-05  0.00354589628374847  0.00018904965033461
      0.139396806004 0.000751469656618054      0.0032326339746    2.39622827213e-05  0.00312780642581504 0.000181246273390605
      0.140819081547 0.000751487529541531     0.00306589923611    2.31866348511e-05  0.00298876107587325 0.000173843482510272
      0.142241352801 0.000751505583411852     0.00318062969614    2.37193714533e-05  0.00305521285824392 0.000166816728222877
      0.143663619722 0.000751523818213769     0.00337496823168    2.47063536734e-05  0.00325554083004119 0.000160143207084739
      0.145085882266 0.000751542233931882      0.0036949756928    2.61589950027e-05  0.00352388396064104  0.00015380172050899
      0.146508140391 0.000751560830550665     0.00397145575941    2.73928607322e-05  0.00380313520496749 0.000147772546362597
      0.147930394053 0.000751579608054414     0.00421400608699    2.84612866375e-05   0.0040470146928166 0.000142037322083027
      0.149352643209  0.00075159856642729     0.00432489280365    2.89462301701e-05  0.00422121990319748 0.000136578938120555
      0.150774887815 0.000751617705653286     0.00441551630015    2.93399338413e-05  0.00430371259136838 0.000131381440744704
      0.152197127829 0.000751637025716273     0.00440570235966    2.92971621979e-05  0.00428424591423929 0.000126429943268902
      0.153619363206 0.000751656526599929     0.00423975754483    2.85742069983e-05  0.00416326248787627 0.000121710544932223
      0.155041593904 0.000751676208287825     0.00402447267002    2.76282468751e-05   0.0039503081656697 0.000117210256646061
      0.156463819879  0.00075169607076335     0.00376295683488    2.64655617869e-05  0.00366211047647117 0.000112916933033091
      0.157886041087 0.000751716114009744     0.00337408957571    2.47042895404e-05  0.00332046769750781 0.000108819210114463
      0.159308257487 0.000751736338010139     0.00308011744466    2.33425864036e-05  0.00295008638126328 0.000104906448144913
      0.160730469033 0.000751756742747443     0.00261365787108    2.11158744366e-05  0.00257649289020747  0.00010116867915714
      0.162152675683 0.000751777328204473      0.0022931908026    1.95260552448e-05  0.00222412858428757 9.75965587142623e-05
      0.163574877394  0.00075179809436388     0.00195542091802     1.7781265055e-05  0.00191471904052386 9.41813215753045e-05
      0.164997074122 0.000751819041208152     0.00171939970045    1.65088742694e-05   0.0016659853544221 9.09147408762674e-05
      0.166419265824 0.000751840168719637     0.00153650353356    1.54844721767e-05  0.00149074091877768 8.77890905264779e-05
      0.167841452457 0.000751861476880536     0.00142038542022    1.48131868323e-05  0.00139639120645236 8.47971105510581e-05
      0.169263633977 0.000751882965672885     0.00142606290655    1.48464289689e-05  0.00138482852224474 8.19319751177731e-05
       0.17068581034 0.000751904635078568      0.0014925706036    1.52325652606e-05  0.00145269015761171 7.91872630146797e-05
      0.172107981505 0.000751926485079365     0.00161643442974    1.59373580224e-05  0.00159192853626286 7.65569303712417e-05
      0.173530147426 0.000751948515656829     0.00180153400168    1.69585580227e-05  0.00179062711719148 7.40352854576306e-05
      0.174952308062 0.000751970726792442     0.00205381716225    1.82992953111e-05  0.00203398685534322 7.16169653365372e-05
      0.176374463368  0.00075199311846747      0.0023343525766    1.97344470814e-05  0.00230540509297452 6.92969142797033e-05
      0.177796613302 0.000752015690663082     0.00260542551408    2.10763821058e-05   0.0025875714836306 6.70703637445212e-05
      0.179218757819 0.000752038443360243     0.00289958689434    2.24920938466e-05  0.00286351300035476 6.49328138316796e-05
      0.180640896878 0.000752061376539838     0.00321740446812    2.39825517742e-05  0.00311753106027512  6.2880016063714e-05
      0.182063030433 0.000752084490182517     0.00343099961467    2.49651513109e-05   0.0033359869248965 6.09079574220652e-05
      0.183485158443 0.000752107784268866     0.00358430526397    2.56621682408e-05  0.00350790556057443 5.90128454927375e-05
      0.184907280863 0.000752131258779252      0.0037512639166      2.641398538e-05  0.00362538191960191 5.71910946860586e-05
      0.186329397651 0.000752154913693944     0.00387658766861    2.69733282329e-05  0.00368378634362969 5.54393133997498e-05
      0.187751508763 0.000752178748993029     0.00385267463694    2.68668280435e-05  0.00368177689619786 5.37542920886472e-05
      0.189173614156  0.00075220276465646     0.00376766103801    2.64872359174e-05  0.00362113563426603 5.21329921463771e-05
      0.190595713786 0.000752226960664025     0.00367332014005    2.60639193999e-05  0.00350645300111886 5.05725355528853e-05
       0.19201780761 0.000752251336995379     0.00348570625226    2.52151940827e-05  0.00334468970607284   4.907019521957e-05
      0.193439895585 0.000752275893630027     0.00333914599882    2.45448440255e-05  0.00314464874701524 4.76233859874764e-05
      0.194861977668 0.000752300630547327     0.00308701153477    2.33760521939e-05  0.00291639176276662 4.62296562255342e-05
      0.196284053814 0.000752325547726453     0.00285420755945    2.22766508554e-05  0.00267063381208494 4.48866799875308e-05
      0.197706123982 0.000752350645146498     0.00256368247262    2.08728404235e-05  0.00241814909832701 4.35922496775518e-05
      0.199128188127 0.000752375922786338     0.00231195354194    1.96222677466e-05  0.00216921724693219  4.2344269207175e-05
      0.200550246206 0.000752401380624735     0.00203928550175    1.82246477035e-05  0.00193313564031499 4.11407475834696e-05
      0.201972298176 0.000752427018640302      0.0018164982344    1.70414620999e-05   0.0017178182551758 3.99797929166528e-05
      0.203394343994 0.000752452836811504     0.00159668488852    1.58290040676e-05  0.00152949564823492 3.88596068086468e-05
      0.204816383616 0.000752478835116639     0.00142823927619    1.48627561179e-05  0.00137252451612956 3.77784790981741e-05
      0.206238416999 0.000752505013533874     0.00128250360926     1.3995115781e-05   0.0012493089347699 3.67347829343632e-05
      0.207660444099  0.00075253137204121      0.0011998195825    1.34864695972e-05  0.00116032931535731 3.57269701612596e-05
      0.209082464874 0.000752557910616538      0.0011205150117    1.29866515456e-05  0.00110426962783626 3.47535669851938e-05
       0.21050447928 0.000752584629237562     0.00109082085699    1.27957157118e-05   0.0010782288376261 3.38131699139834e-05
      0.211926487274 0.000752611527881857     0.00108626985584    1.27656916617e-05  0.00107799899654805 3.29044419398634e-05
      0.213348488811 0.000752638606526812     0.00109142915849     6.3819630991e-06  0.00109839017018746 3.20261089583146e-05
       0.21477048385 0.000752665865149744     0.00112026718402    6.87719049242e-06  0.00113358141095217 3.11769563974803e-05
      0.216192472347 0.000752693303727766     0.00116189757771    7.05034664085e-06  0.00117747725470111  3.0355826057494e-05
      0.217614454258 0.000752720922237841     0.00121623472667     7.2749655485e-06  0.00122405060162979 2.95616131319588e-05
       0.21903642954 0.000752748720656806     0.00125786512065    7.44612931396e-06  0.00126765514982414 2.87932634068598e-05
       0.22045839815 0.000752776698961349     0.00129284474508     7.5893713891e-06   0.0013032935570737  2.8049770625118e-05
      0.221880360044  0.00075280485712799     0.00133221135443    7.74968165455e-06  0.00132683097140992 2.73301740048699e-05
      0.223302315179 0.000752833195133124      0.0013433797814    7.79494488572e-06  0.00133514725557571 2.66335559001084e-05
      0.224724263513 0.000752861712953016     0.00132416013838    7.71661449338e-06  0.00132622491808522 2.59590395970977e-05
         0.226146205 0.000752890410563704      0.0013026424649     7.6287601863e-06  0.00129917326749154 2.53057872391501e-05
      0.227568139599 0.000752919287941181     0.00128050297122    7.53817077327e-06  0.00125419247371967 2.46729978629467e-05
      0.228990067266 0.000752948345061231     0.00119781443798    7.19851343166e-06  0.00119248393686248 2.40599055535012e-05
      0.230411987957 0.000752977581899491       0.001134456394    6.93603181628e-06  0.00111611554595127 2.34657776977191e-05
       0.23183390163 0.000753006998431492     0.00106001373391    6.62480067862e-06  0.00102785200920308 2.28899133359159e-05
      0.233255808241 0.000753036594632577     0.00094615309734    6.14183828876e-06 0.000930961429184127 2.23316416071149e-05
      0.234677707746 0.000753066370477943    0.000848486814714    5.71950179159e-06 0.000829009680509339 2.17903202775294e-05
      0.236099600102  0.00075309632594266    0.000743412765034     5.2542046191e-06 0.000725653951344607 2.12653343500487e-05
      0.237521485267 0.000753126461001672     0.00063814946533    4.77397584665e-06 0.000624446074074468 2.07560947497553e-05
      0.238943363196 0.000753156775629716    0.000536995583825    4.29479165684e-06 0.000528655060518371 2.02620370818837e-05
      0.240365233847 0.000753187269801442     0.00045000838202    3.86380973128e-06 0.000441116653098656 1.97826204530259e-05
      0.241787097175 0.000753217943491293    0.000363751142256    3.41238843721e-06 0.000364115807778905 1.93173263594198e-05
      0.243208953139 0.000753248796673652    0.000298697963644    3.04975269737e-06 0.000299305936814221 1.88656576299428e-05
      0.244630801693 0.000753279829322644    0.000242972083755    2.71741058142e-06 0.000247666587069125 1.84271374300269e-05
      0.246052642796  0.00075331104141236    0.000198736354524    2.43356797683e-06 0.000209499115507793 1.80013083118846e-05
      0.247474476404 0.000753342432916679    0.000174182577659    2.26554737987e-06 0.000184457970800498 1.75877313197813e-05
      0.248896302473 0.000753374003809332    0.000159767168989    2.16240641046e-06 0.000171613482014932 1.71859851383621e-05
      0.250318120961 0.000753405754063953    0.000153719294349    2.11814303233e-06 0.000169540681223029 1.67956652852437e-05
      0.251739931823 0.000753437683653959    0.000153051513857    2.11314362341e-06 0.000176427693757627 1.64163833468895e-05
      0.253161735017 0.000753469792552689     0.00017290379107    2.25593599085e-06 0.000190196650315153 1.60477662504506e-05
      0.254583530499 0.000753502080733295    0.000195486668809    2.41079482605e-06 0.000208629911447091 1.56894555754065e-05
      0.256005318226 0.000753534548168803    0.000217420690923    2.55480813452e-06 0.000229494625824346 1.53411068978011e-05
      0.257427098154 0.000753567194832071    0.000239514222915    2.69494330267e-06  0.00025065922682967 1.50023891685871e-05
      0.258848870241 0.000753600020695859    0.000256498017476     2.7995896412e-06  0.00027019634926007 1.46729841217294e-05
      0.260270634443 0.000753633025732736    0.000275266165154    2.91238863737e-06 0.000286467748673699 1.43525857132597e-05
      0.261692390717 0.000753666209915148    0.000288951611052    2.99306016794e-06 0.000298188055584979 1.40408995863429e-05
      0.263114139019 0.000753699573215374    0.000300311991392    3.05910247919e-06 0.000304465517234835 1.37376425636702e-05
      0.264535879306  0.00075373311560557     0.00029936304069    3.05328890917e-06 0.000304819199109226 1.34425421637122e-05
      0.265957611535 0.000753766837057748    0.000293953207578    3.02171931466e-06 0.000299173369068739 1.31553361410499e-05
      0.267379335663 0.000753800737543776    0.000283379565175    2.95978246281e-06 0.000287830912241714 1.28757720486325e-05
      0.268801051645  0.00075383481703533    0.000266019974526    2.85657438288e-06 0.000271428577849268 1.26036068213976e-05
       0.27022275944 0.000753869075504036    0.000248254848844    2.74849659603e-06 0.000250877605342965 1.23386063782181e-05
      0.271644459003  0.00075390351292128    0.000224947415631    2.60290380177e-06 0.000227293794909172 1.20805452453498e-05
      0.273066150291 0.000753938129258353     0.00020209958847    2.45471087239e-06 0.000201921364968849 1.18292061950405e-05
      0.274487833261 0.000753972924486401    0.000178008121461    2.29141621608e-06  0.00017605498048375 1.15843799025608e-05
       0.27590950787 0.000754007898576427    0.000143670143419    2.04279722855e-06 0.000150964151165871 1.13458646188708e-05
      0.277331174074 0.000754043051499263    0.000127283836467    1.91574856879e-06 0.000127823812135604 1.11134658586416e-05
       0.27875283183 0.000754078383225625    0.000108161521685    1.75856981799e-06  0.00010765434146622 1.08869961021956e-05
      0.280174481095 0.000754113893726083    8.81740661775e-05    1.58097097434e-06 9.12735778491507e-05 1.06662745116293e-05
      0.281596121825  0.00075414958297104    7.62973054806e-05    1.46706998255e-06 7.92626193840459e-05 1.04511266598947e-05
      0.283017753977  0.00075418545093078    6.67456106645e-05     1.3696414155e-06 7.19463570752004e-05  1.0241384271746e-05
      0.284439377508 0.000754221497575444    6.38987569008e-05    1.33949814994e-06 6.93888692188785e-05 1.00368849768592e-05
      0.285860992375 0.000754257722875028      6.494233316e-05    1.35041260282e-06 7.14030183604901e-05 9.83747207390954e-06
      0.287282598533 0.000754294126799337    6.87165098896e-05    1.38989424516e-06 7.75728898995813e-05 9.64299430548669e-06
      0.288704195941 0.000754330709318132    8.12232012133e-05    1.51480237203e-06 8.72871226606766e-05 9.45330564195258e-06
      0.290125784554  0.00075436747040093     9.3648785489e-05    1.63073136377e-06 9.97807308699741e-05 9.26826507676409e-06
       0.29154736433 0.000754404410017183    0.000107047653035    1.74849730023e-06 0.000114182719805136 9.08773642883728e-06
      0.292968935224  0.00075444152813612     0.00012256341174    1.87777693509e-06 0.000129566659109401 8.91158815526798e-06
      0.294390497194  0.00075447882472691    0.000138079170631    2.00034514564e-06 0.000145001396648521 8.73969317072399e-06
      0.295812050196 0.000754516299758522    0.000155433353857    2.13087534622e-06 0.000159599259274482 8.57192867604289e-06
      0.297233594188 0.000754553953199839    0.000165460876335    2.20373760946e-06 0.000172559378514837 8.40817599315924e-06
      0.298655129125 0.000754591785019521      0.0001738932957    2.26370736647e-06 0.000183204173846507 8.24832040818497e-06
      0.300076654965 0.000754629795186164    0.000180411590758    2.30904939904e-06  0.00019100749816948 8.09225101996185e-06
      0.301498171663 0.000754667983668145    0.000187686883978    2.35891836857e-06 0.000195613468600153 7.93986059640632e-06
      0.302919679178 0.000754706350433803    0.000191366435835    2.38384582136e-06 0.000196845542736759 7.79104543554234e-06
      0.304341177465  0.00075474489545123    0.000186583829473    2.35135572333e-06 0.000194705926306003 7.64570523398856e-06
      0.305762666482 0.000754783618688456    0.000183396326396    2.32951604924e-06 0.000189365887955495 7.50374295941246e-06
      0.307184146184 0.000754822520113288    0.000174704365355    2.26914446822e-06 0.000181147987718027 7.36506472964305e-06
      0.308605616529 0.000754861599693474    0.000158712778939    2.15500343615e-06 0.000170501579922134 7.22957969562829e-06
      0.310027077473 0.000754900857396565    0.000150858922844    2.09720964845e-06 0.000157973215957159 7.09719993030955e-06
      0.311448528973 0.000754940293189998    0.000137354615976    1.99500095403e-06 0.000144173739077549 6.96784032131805e-06
      0.312869970987 0.000754979907041098    0.000124039558562    1.89009388801e-06 0.000129743930279625 6.84141846836373e-06
      0.314291403469 0.000755019698916936    0.000106128440779    1.74155770274e-06 0.000115320533120278 6.71785458524998e-06
      0.315712826378 0.000755059668784583    9.86801193309e-05    1.67677492977e-06 0.000101504363164694  6.5970714046579e-06
      0.317134239669 0.000755099816610855     7.9741647061e-05    1.50147501967e-06  8.8832006705379e-05 6.47899408833472e-06
        0.3185556433 0.000755140142362515    7.17526128118e-05    1.42219155011e-06 7.77523460645934e-05 6.36355013954917e-06
      0.319977037227 0.000755180646006125    6.45476124818e-05    1.34726278867e-06 6.86088346978868e-05 6.25066932005713e-06
      0.321398421408 0.000755221327508166    5.70398124351e-05    1.26512954057e-06 6.16281007042368e-05 6.14028356965431e-06
      0.322819795797 0.000755262186834865    5.26681478269e-05    1.21517049355e-06 5.69151032358058e-05 6.03232692971002e-06
      0.324241160354 0.000755303223952477    4.79179842606e-05    1.15867322932e-06 5.44547199726968e-05 5.92673546851157e-06
      0.325662515033 0.000755344438826949    4.93589844943e-05    1.17649940376e-06 5.41193237214324e-05 5.82344721120052e-06
      0.327083859792   0.0007553858314242    5.10703413521e-05    1.19729782668e-06 5.56816261711618e-05 5.72240207083223e-06
      0.328505194587 0.000755427401709951    5.67153852124e-05    1.26232773408e-06 5.88318401135747e-05 5.62354178329636e-06
      0.329926519376 0.000755469149649845     5.9035044068e-05    1.28799423635e-06 6.31980457367197e-05 5.52680984405579e-06
      0.331347834114 0.000755511075209293     6.4409731131e-05    1.34622797148e-06 6.83685474424764e-05 5.43215144795642e-06
      0.332769138759 0.000755553178353658    6.92977763547e-05     1.3973002964e-06 7.39149761042343e-05 5.33951343061791e-06
      0.334190433268 0.000755595459048134    7.65379229051e-05    1.47023951145e-06  7.9414925212164e-05 5.24884421274061e-06
      0.335611717596 0.000755637917257713    8.02228820092e-05    1.50622275565e-06 8.44730027368437e-05 5.16009374633582e-06
      0.337032991701 0.000755680552947341    8.98286482313e-05    1.59692132194e-06 8.87393251241911e-05 5.07321346263469e-06
      0.338454255539 0.000755723366081763    8.81335130263e-05    1.58111398413e-06 9.19246652556751e-05 4.98815622259027e-06
      0.339875509068 0.000755766356625645    9.03315112482e-05    1.60134984805e-06 9.38116808667567e-05 4.90487626870036e-06
      0.341296752243 0.000755809524543426    8.92311602079e-05    1.59109255935e-06 9.42618807710414e-05   4.823329179174e-06
      0.342717985022 0.000755852869799495    8.83146517396e-05    1.58255719943e-06 9.32182211062976e-05 4.74347182317656e-06
      0.344139207361 0.000755896392358042    8.72088937071e-05    1.57221459285e-06   9.070345030726e-05  4.6652623183718e-06
      0.345560419217 0.000755940092183149    8.42917471577e-05    1.54470666296e-06 8.68145289944589e-05 4.58865998958881e-06
      0.346981620546 0.000755983969238729    7.66433619771e-05    1.47057461086e-06 8.17136300020408e-05 4.51362532929442e-06
      0.348402811306  0.00075602802348862    7.01304740431e-05    1.40480501657e-06  7.5616367100433e-05 4.44011995925379e-06
      0.349823991453 0.000756072254896457    6.15439520178e-05    1.31331047928e-06 6.87780035584722e-05 4.36810659396191e-06
      0.351245160944 0.000756116663425771    5.93378431242e-05    1.28857300951e-06 6.14784505238585e-05  4.2975490050495e-06
      0.352666319735 0.000756161249039923    5.10216774284e-05     1.1925666955e-06 5.40068801316069e-05 4.22841198723694e-06
      0.354087467783 0.000756206011702166    4.56253617653e-05    1.12625809817e-06 4.66480366177457e-05  4.1606533650543e-06
      0.355508605045 0.000756250951375619    3.63710588783e-05    3.42187539157e-07 3.97429003660803e-05 4.09439257923599e-06
      0.358350847038 0.000756341361607899    2.58532902786e-05    2.96020126601e-07 2.78915482932567e-05 3.96565115046901e-06
      0.361193045367 0.000756432479438858     1.8074232879e-05    2.44188105224e-07 1.96723055064947e-05 3.84181116460502e-06
      0.364035199685 0.000756524304568397    1.54740042181e-05    2.25000193295e-07 1.56238753131403e-05 3.72277323287277e-06
      0.366877309647 0.000756616836694292    1.55533087239e-05     2.2557510284e-07 1.54315254830943e-05  3.6083154374075e-06
      0.369719374906  0.00075671007551207    1.86936494461e-05    2.48513715669e-07 1.81203170415111e-05 3.49822774294462e-06
      0.372561395116 0.000756804020715113    2.23963317644e-05    2.73759034849e-07 2.23199966902871e-05 3.39231127454679e-06
      0.375403369931 0.000756898671994623    2.62702398802e-05    2.98555228573e-07 2.65760220830068e-05 3.29037764453182e-06
      0.378245299003 0.000756994029039567    2.98107083418e-05     3.2009421522e-07 2.96411212350897e-05 3.19224832479064e-06
      0.381087181988 0.000757090091536874    3.02811286573e-05    3.22894737888e-07 3.06929091277694e-05 3.09775406081721e-06
      0.383929018538  0.00075718685917118    2.85496455627e-05    3.12550830302e-07 2.94435499831037e-05 3.00673432510882e-06
      0.386770808308 0.000757284331625062    2.48340465848e-05    2.89461797896e-07 2.61322431306306e-05 2.91903680609803e-06
      0.389612550951 0.000757382508578872    2.00370214344e-05    2.57705158869e-07 2.14151347026138e-05 2.83451693089809e-06
      0.392454246121 0.000757481389710848    1.47353306264e-05     2.1894775463e-07 1.61856097051133e-05 2.75303741879485e-06
      0.395295893471 0.000757580974697049    1.05511131117e-05     1.8407527221e-07  1.1367849728266e-05 2.67446786367776e-06
      0.398137492656 0.000757681263211459    7.37322233097e-06    1.53340257257e-07 7.72704927433207e-06  2.5986843430586e-06
      0.400979043329 0.000757782254925858    5.56453728457e-06      1.333358335e-07  5.7316944077853e-06 2.52556905213008e-06
      0.403820545144 0.000757883949509927    5.38399916947e-06    1.31241102565e-07 5.48929068157169e-06 2.45500996073288e-06
      0.406661997754 0.000757986346631184    6.42306928692e-06    1.43270020171e-07  6.7602577932413e-06  2.3869004919473e-06
      0.409503400814 0.000758089445955095    8.59463276767e-06     1.6584756811e-07 9.03891673603404e-06 2.32113922056598e-06
      0.412344753977 0.000758193247144936    1.09163943576e-05    1.87369441351e-07 1.16785643351136e-05 2.25762959036505e-06
      0.415186056898 0.000758297749861942    1.32711995005e-05    2.07216789474e-07 1.40314701604685e-05 2.19627964854466e-06
      0.418027309229 0.000758402953765126    1.37905844101e-05    2.11368888581e-07 1.55748203270633e-05 2.13700179655599e-06
      0.420868510625 0.000758508858511508    1.46253851788e-05    2.17928950742e-07 1.59994496881999e-05 2.07971255577965e-06
      0.423709660739 0.000758615463755933     1.3823027141e-05    2.11570431947e-07 1.52479092676541e-05 2.02433234752563e-06
      0.426550759225 0.000758722769151189    1.16358430226e-05    1.93460438276e-07 1.34997041823609e-05 1.97078528601227e-06
      0.429391805738 0.000758830774348009    9.53727589649e-06    1.74690595337e-07 1.11120466426911e-05 1.91899898369234e-06
      0.432232799931 0.000758939478994966    7.54384738404e-06    1.55122138949e-07 8.53224332418819e-06 1.86890436810637e-06
      0.435073741457 0.000759048882738548    5.85682287368e-06    1.36689721569e-07 6.20166021564037e-06 1.82043550937106e-06
      0.437914629971 0.000759158985223246    4.26892905464e-06    1.17009979717e-07 4.47075896349682e-06 1.77352945771012e-06
      0.440755465126 0.000759269786091401    3.37194624833e-06    1.04397220737e-07 3.54051557009025e-06 1.72812609047482e-06
      0.443596246576 0.000759381284983325    3.35902895131e-06    1.04352610186e-07 3.43881989219209e-06 1.68416796783707e-06
      0.446436973976 0.000759493481537307     4.0430307431e-06    1.14208266352e-07 4.03278069369834e-06 1.64160019676807e-06
      0.449277646979 0.000759606375389501    4.96734954904e-06    1.26348211143e-07 5.07081504632586e-06 1.60037030277264e-06
      0.452118265238 0.000759719966174008    6.12597744792e-06    1.40176563555e-07 6.24328222882543e-06 1.56042810877859e-06
      0.454958828409    0.000759834253523    7.16144307884e-06    1.51583538068e-07 7.24801885245526e-06 1.52172562079641e-06
      0.457799336144 0.000759949237066446    7.40614585273e-06    1.53745276386e-07 7.84762122924738e-06 1.48421692007869e-06
      0.460639788097 0.000760064916432359    7.72294354605e-06     1.5670322612e-07 7.92175604208326e-06 1.44783080272081e-06
      0.462059993048 0.000760123016931973    7.33004039126e-06    7.63907377837e-08 7.75308287433143e-06 1.43004652360518e-06
      0.463480183923 0.000760181291246758    6.95362897559e-06    1.48638568126e-07 7.43772051613401e-06  1.4125508681749e-06
       0.46490036068 0.000760239739329693    6.56572744873e-06    7.24209400268e-08 6.99781715586849e-06 1.39535742760198e-06
      0.467740671666 0.000760357156611068    5.50875376289e-06    6.67289432253e-08 5.86336280140345e-06 1.36171976844765e-06
      0.470580925659 0.000760475268396975    4.36940416324e-06    5.93689957689e-08 4.55777912328518e-06 1.32906557252199e-06
      0.473421122313  0.00076059407430632    3.33963138881e-06    5.11571159108e-08 3.28312256145841e-06 1.29738541797558e-06
      0.476261261282 0.000760713573955994     2.3003958019e-06    4.19480321241e-08 2.22665290328681e-06 1.26664462339904e-06
       0.47910134222 0.000760833766960888    1.76975367815e-06    3.70106095646e-08  1.5161359515818e-06 1.23680994029839e-06
      0.481941364781  0.00076095465293389    1.52433761324e-06    3.45107113026e-08 1.20197212902549e-06 1.20784948579912e-06
      0.484781328619 0.000761076231485893    1.52156645944e-06      3.445308231e-08 1.25607379139801e-06 1.17973267888757e-06
      0.487621233388 0.000761198502225802    1.90608093976e-06    3.82457919777e-08 1.58589576885569e-06 1.15243017998243e-06
      0.490461078742 0.000761321464760537    2.28924359661e-06    4.17309444681e-08 2.05927930367241e-06 1.12591383364615e-06
      0.493300864334 0.000761445118694994    2.72343607683e-06    4.54472834575e-08 2.53415739866413e-06 1.10015661426203e-06
       0.49614058982 0.000761569463632227    3.00690483561e-06    4.77504383517e-08 2.88687880475119e-06 1.07513257445735e-06
      0.498980254852 0.000761694499173145    3.08152322729e-06    4.83505581676e-08 3.03385195215905e-06 1.05081679625601e-06
      0.501819859085 0.000761820224916826    2.98243759597e-06    4.75792013657e-08 2.94307341399548e-06 1.02718534458958e-06
      0.504659402172 0.000761946640460301    2.63732758015e-06    4.47817352257e-08 2.63442896938108e-06 1.00421522325618e-06
      0.507498883769 0.000762073745398781    2.33256822742e-06    4.21767103569e-08 2.16994093830574e-06 9.81884333009303e-07
      0.510338303528 0.000762201539325351    1.87370567274e-06    3.79812074135e-08 1.63694637996596e-06 9.60171431832647e-07
      0.513177661104 0.000762330021831287    1.31075586714e-06    3.22145204263e-08 1.12822911432379e-06 9.39056097078267e-07
      0.516016956151 0.000762459192505884    9.47193972946e-07    2.79442425816e-08 7.23277818753589e-07 9.18518689558103e-07
      0.518856188322  0.00076258905093646    6.66090807339e-07    2.41802844092e-08 4.74170287150586e-07 8.98540319368414e-07
      0.521695357273 0.000762719596708542    5.63896016818e-07    2.26877693349e-08 3.98309199709386e-07 8.79102813353428e-07
      0.524534462657   0.0007628508294056    6.00934837874e-07     2.3263142586e-08 4.78668917921574e-07 8.60188684221083e-07
      0.527373504128 0.000762982748609235    7.75855488145e-07    2.57580899971e-08 6.70689844174159e-07 8.41781101079483e-07
       0.53021248134 0.000763115353899136    9.69025219988e-07    2.82740297598e-08  9.1376623866186e-07 8.23863861423892e-07
      0.533051393947 0.000763248644853088    1.18449938088e-06    3.08570097322e-08 1.14460889502407e-06 8.06421364455764e-07
      0.535890241603 0.000763382621046977    1.33779156815e-06    3.25538565485e-08 1.30969686944342e-06 7.89438585669952e-07
      0.538729023963 0.000763517282054844    1.40592143244e-06    3.32730164271e-08  1.3745105330455e-06  7.7290105263696e-07
       0.54156774068 0.000763652627448744    1.38821308235e-06     3.3063913126e-08 1.32810991867927e-06 7.56794821948164e-07
      0.544406391409 0.000763788656798946    1.26303799839e-06    3.16685900395e-08 1.18266969051932e-06 7.41106496659024e-07
      0.547244975804 0.000763925369673796    1.09730941219e-06    2.97383137427e-08 9.68647281487214e-07 7.25823046392978e-07
      0.550083493519 0.000764062765639766    8.36550742436e-07    2.64141261474e-08 7.26874414738599e-07 7.10932027450786e-07
      0.552921944207 0.000764200844261414    6.00799965202e-07    2.30261109996e-08 4.99584597826113e-07 6.96421402504119e-07
      0.555760327524 0.000764339605101584    4.48859617087e-07    2.05374605356e-08 3.22097548505649e-07 6.82279562977884e-07
      0.558598643123 0.000764479047721119    3.04353988652e-07    1.78633869156e-08 2.16741202587331e-07 6.68495311708156e-07
      0.561436890658 0.000764619171679061    2.90295283361e-07    1.74916661834e-08 1.89929912786272e-07 6.55057846336897e-07
      0.564275069784 0.000764759976532658    2.99532410247e-07    1.74217544334e-08 2.32618793431283e-07 6.41956743212847e-07
      0.567113180155 0.000764901461837272    3.73655166183e-07    1.86391324795e-08 3.23541373441163e-07 6.29174090389205e-07
      0.568532209449 0.000764972459519247    3.96748152114e-07    1.14101884116e-08 3.78472744233806e-07 6.22898417234063e-07
      0.569951221425 0.000765043627146432    5.03831732746e-07     2.1038754479e-08 4.35628820725844e-07 6.16708508579153e-07
      0.571370216039 0.000765114964662695    5.16515898049e-07    1.31120056416e-08  4.8986728113906e-07 6.10602674755153e-07
      0.574208153009 0.000765258149137558    6.14204770335e-07     1.4563618031e-08 5.79698536184276e-07 5.98609618558303e-07
      0.577046020013 0.000765402012492811    6.34616924913e-07    1.47336263594e-08 6.29208564366402e-07 5.86902582614545e-07
      0.579883816706 0.000765546554275664    6.82289846236e-07     1.4562334057e-08 6.28535681399166e-07 5.75480710940953e-07
      0.582721542742 0.000765691774031474    6.48404986816e-07    1.38057232833e-08 5.78842596407466e-07 5.64335704184061e-07
      0.585559197776 0.000765837671303845    5.65675829655e-07    1.30794393363e-08 4.90683368651211e-07  5.5345954283155e-07
       0.58839678146 0.000765984245634433    4.82270816387e-07    1.23113911415e-08 3.80956001063155e-07 5.42844477199304e-07
       0.59123429345 0.000766131496563311    3.16857702486e-07    1.06295949372e-08 2.68979493865465e-07 5.32483017075254e-07
        0.5940717334 0.000766279423628667    2.25116768137e-07    9.59792243767e-09 1.72542764653808e-07 5.22367921856949e-07
      0.596909100964 0.000766428026366908    1.37431216802e-07    8.50934390677e-09 1.04684352990804e-07 5.12492191079164e-07
      0.599746395797 0.000766577304312726    1.08841053916e-07     8.1016028522e-09  7.1737511315166e-08 5.02849055348419e-07
      0.602583617553 0.000766727256998991    9.94011245606e-08    7.95275685542e-09 7.28733514613877e-08 4.93431967670671e-07
      0.605420765885 0.000766877883956763    1.29388165557e-07     8.3581730099e-09 1.01061813290248e-07 4.84234595137203e-07
      0.608257840449 0.000767029184715505    1.81454301914e-07    9.03174443773e-09 1.45107669569894e-07 4.75250810945533e-07
      0.611094840898 0.000767181158802772     2.2563502234e-07    9.56732890322e-09 1.92251365451433e-07 4.66474686784989e-07
      0.613931766887 0.000767333805744485     2.7619170307e-07    1.01567882288e-08 2.30773697120833e-07 4.57900485503706e-07
      0.616768618071 0.000767487125064829     3.2472070179e-07    1.06949231838e-08 2.52105817950256e-07 4.49522654099848e-07
      0.619605394103  0.00076764111628615    3.32921515422e-07     1.0779393238e-08 2.52097084830343e-07 4.41335817001139e-07
      0.622442094638 0.000767795778929176    3.05975976689e-07     1.0477847526e-08  2.3129385299036e-07 4.33334769601092e-07
      0.625278719331  0.00076795111251292     2.6348493123e-07    9.98892229128e-09 1.94288396735155e-07 4.25514472076894e-07
      0.628115267835 0.000768107116554571    2.12184839377e-07    9.35748801507e-09 1.48368508448428e-07 4.17870043456985e-07
      0.630951739805 0.000768263790569721    1.46240411396e-07    8.48870381965e-09 1.01806050263096e-07 4.10396755911883e-07
      0.633788134896 0.000768421134072263    8.48018986907e-08    7.59584624225e-09 6.21533545879021e-08 4.03090029291436e-07
      0.636624452761 0.000768579146574283    5.89602977322e-08    7.17618953155e-09 3.48727775739462e-08 3.95945425878688e-07
      0.639460693056 0.000768737827586346    3.35692644325e-08    6.73935878029e-09 2.25237183326536e-08  3.8895864533704e-07
      0.642296855434 0.000768897176617167     3.7827402912e-08    6.79982031176e-09 2.45989504211698e-08 3.82125519883489e-07
      0.645132939551 0.000769057193173952    5.65045424898e-08    7.09397773598e-09 3.79671828285212e-08 3.75442009624078e-07
       0.64796894506 0.000769217876762069    9.47825158776e-08    7.67346474632e-09 5.77675491690441e-08 3.68904198101069e-07
      0.650804871616 0.000769379226885334    1.24949782586e-07    8.10084604169e-09 7.85328399191915e-08 3.62508287988651e-07
      0.653640718873 0.000769541243045847    1.40923321492e-07    8.31477265187e-09 9.53001051144007e-08 3.56250596974707e-07
      0.656476486486 0.000769703924744114    1.57369918732e-07    8.56957825678e-09 1.04497430936461e-07 3.50127553791052e-07
       0.65931217411 0.000769867271478994    1.41599078489e-07     8.3876430497e-09 1.04462881490151e-07 3.44135694403978e-07
      0.662147781398 0.000770031282747591    1.31010115692e-07    8.27410636894e-09 9.55386462074833e-08 3.38271658352834e-07
      0.664983308006  0.00077019595804555    1.01045649167e-07    7.88353408834e-09 7.97713562218803e-08 3.32532185214737e-07
      0.667818753587 0.000770361296866712    7.78401400091e-08    7.57636172933e-09 6.03213665716763e-08 3.26914111226543e-07
      0.670654117797 0.000770527298703471    3.96073343379e-08    6.93479221894e-09 4.07276301583661e-08  3.2141436601059e-07
      0.673489400289 0.000770693963046431    3.31413625877e-08    6.78192533992e-09  2.4185453172519e-08 3.16029969448376e-07
      0.676324600719 0.000770861289384764    1.58610770313e-08    6.43878243691e-09 1.29737205843284e-08 3.10758028648905e-07
      0.679159718741 0.000771029277205917    7.14202603738e-09    6.23383074878e-09 8.12372521169074e-09  3.0559573505073e-07
      0.681994754009 0.000771197925995745    1.98261427518e-08    6.41050236452e-09 9.36480627581829e-09 3.00540361620115e-07
      0.684829706179 0.000771367235238627    2.45799124026e-08    6.49313406525e-09 1.53249657366786e-08 2.95589260153223e-07
      0.687664574903 0.000771537204417121     6.1100569208e-08    7.10094890499e-09  2.3918423706582e-08 2.90739858691736e-07
      0.690499359838 0.000771707833012503    5.23365129261e-08    6.95901610065e-09 3.28242850368214e-08 2.85989659008521e-07
      0.693334060638 0.000771879120504299    7.03828081068e-08    7.24679300897e-09 3.99542852714097e-08 2.81336234214699e-07
      0.696168676957  0.00077205106637047    8.07690020056e-08    7.40740160891e-09 4.38216246571117e-08 2.76777226434773e-07
       0.69900320845 0.000772223670087474    6.23622621058e-08    7.10715033104e-09 4.37521189149665e-08 2.72310344571084e-07
      0.701837654772 0.000772396931130218     7.5046503223e-08    7.29503985223e-09 3.99159171842269e-08 2.67933362151796e-07
      0.704672015577    0.000772570848972    4.74025519724e-08    6.83875907816e-09  3.3194856335143e-08 2.63644115256906e-07
       0.70750629052 0.000772745423084639     3.4853489164e-08    6.61456216788e-09 2.49301151559433e-08 2.59440500514125e-07
      0.710340479255 0.000772920652938355    2.36561930562e-08     6.4067178214e-09 1.66123936630172e-08 2.55320473172864e-07
      0.713174581437 0.000773096538001904    1.59510441295e-08    6.26458385891e-09 9.58043715149763e-09 2.51282045240925e-07
      0.716008596721 0.000773273077742517    7.34470136918e-09    6.10265407977e-09 4.78432092660348e-09 2.47323283692101e-07
      0.718842524762 0.000773450271625913    1.38332572009e-08    6.21652528766e-09 2.65085247377257e-09 2.43442308735411e-07
      0.721676365214 0.000773628119116234    1.04087360859e-08    6.14911688651e-09 3.06452652021487e-09 2.39637292146958e-07
      0.724510117732 0.000773806619676184    2.00514398285e-08    6.31879816504e-09 5.45383748627318e-09 2.35906455656725e-07
      0.727343781971  0.00077398577276697    3.40423331138e-08    6.58678171138e-09 8.95389491220366e-09 2.32248069395411e-07
      0.730177357584 0.000774165577848181    2.93335965146e-08    6.52819546093e-09 1.26052329552225e-08 2.28660450396539e-07
      0.733010844228 0.000774346034378173    2.68778582712e-08    6.50838982013e-09 1.55466308716792e-08  2.2514196114114e-07
      0.735844241557 0.000774527141813637    3.38846249472e-08    6.65137834673e-09 1.71659842499204e-08 2.21691008168521e-07
      0.738677549226 0.000774708899609854     3.8638448658e-08    6.75383228908e-09 1.71855989432622e-08 2.18306040721629e-07
      0.741510766889 0.000774891307220575    1.46217716244e-08    6.34284934836e-09  1.5673628521902e-08 2.14985549446004e-07
      0.744343894201 0.000775074364098156    1.20083211903e-08    6.29981501334e-09 1.29884460343266e-08 2.11728065128519e-07
      0.747176930817   0.0007752580696935    4.21304231919e-09    6.16241747062e-09 9.67468818883707e-09 2.08532157482805e-07
      0.750009876391 0.000775442423455999    4.07786840075e-09    6.16365236494e-09 6.33663280459394e-09  2.0539643397574e-07
       0.75284273058   0.0007756274248338   -1.31798789884e-08    5.84382689389e-09 3.51575795209307e-09 2.02319538688282e-07
      0.755675493036  0.00077581307327329    7.36729085941e-09    6.19520173827e-09 1.59525566174674e-09  1.9930015122744e-07
      0.758508163416 0.000775999368219756    8.78773418006e-10    6.04328574549e-09 7.46354550782456e-10 1.96336985655646e-07
      0.761340741374 0.000776186309116865    9.23832976026e-10     6.0112841458e-09 9.21525468571162e-10 1.93428789475181e-07
      0.764173226565 0.000776373895406938    1.96685115342e-08    6.32207991586e-09 1.89009642172108e-09 1.90574342633396e-07
      0.767005618644 0.000776562126530887    1.20533936047e-08    6.15266762486e-09 3.30428104464257e-09 1.87772456566677e-07
      0.769837917265 0.000776751001928153    1.68965318033e-09    5.99148147016e-09 4.77931458228868e-09 1.85021973275652e-07
      0.772670122084 0.000776940521036917    2.24169466542e-08     6.3995654489e-09 5.97071947565549e-09 1.82321764427091e-07
      0.775502232756 0.000777130683293904    1.85868962124e-08     6.3616119465e-09 6.63436833230415e-09 1.79670730491156e-07
      0.778334248935 0.000777321488134389    6.19559444003e-09    6.16892037166e-09 6.66006064253595e-09 1.77067799903832e-07
      0.781166170276 0.000777512934992337    5.51977837979e-09    6.18750484984e-09 6.07552066263683e-09 1.74511928254879e-07
      0.783997996435 0.000777705023300411   -4.48332639252e-09    5.96685163076e-09 5.02373517124046e-09 1.72002097504085e-07
      0.786829727065 0.000777897752489707    -3.2216198924e-09    5.95484804215e-09 3.72144993204934e-09 1.69537667445592e-07
      0.789661361823 0.000778091121990235    9.07960065057e-09    6.14867829379e-09 2.67793855425136e-09 1.67642602842904e-07
