# intensity: 1
# background: 0
#           Q (1/A)             dQ (1/A)                    R                   dR               theory              fresnel
  0.0105422083288431 9.26017716694294e-05    0.947038219250378  0.00874612473448181    0.996345006252407    0.332742778116446
  0.0109720593318343 9.56316662455453e-05    0.942354168621822  0.00870015096257847    0.993291596605963    0.220484434858735
  0.0114165619015694 9.87749341458298e-05    0.946147815501342  0.00872741042374874    0.989785554771759    0.147401525755044
  0.0118434829637408 0.000101802681825692     0.94113785878033  0.00869056615801293    0.985644667525214    0.107853496923572
  0.0122879669070244 0.000104963352583564    0.950002422670989  0.00876709131881987      0.9801543913957   0.0815760016391192
  0.0127207692712545 0.000108048445380633    0.948261858536957  0.00873480166214589    0.973209069015565   0.0640687462801333
  0.0131652429699898 0.000111223778253412    0.922049570416205  0.00854949561999018    0.963829363383771   0.0511814215920288
  0.0136009994894266 0.000114343183406141    0.914354083329627  0.00849324673824857    0.951610942746417   0.0418084599748552
   0.014045431278646 0.000117530648781522    0.903133516284981  0.00840696366798832    0.934934125802259   0.0345280198128791
  0.0144841149449348 0.000120682327839588    0.874346399966104   0.0082245978922931    0.912765603273411   0.0289382026965759
  0.0149285960942507 0.000123880747712862    0.838453592857205  0.00794407795677243    0.882465120889657   0.0244542466327649
  0.0153584899380803 0.000126978714203936    0.812734662792899  0.00777372162116445    0.843088815629718   0.0209630376609225
  0.0158058758825064 0.000130207089030339     0.74130477484216  0.00722426888008932    0.788512152760756   0.0180025528542109
  0.0162357520312071 0.000133312999205581     0.67045621613384  0.00671327826880056    0.719987309579075   0.0156585103264329
  0.0166802443563938 0.000136528270739724    0.591525446996473  0.00612721112464954    0.630564605672029   0.0136416442701174
  0.0171130411326885 0.000139662318733363    0.475386311041537  0.00523255764363016    0.526429055486822   0.0119938393504883
   0.017560450360179 0.000142905475587019    0.372946012202883  0.00443816910617917    0.407433946812958   0.0105544495797508
  0.0179932322353125 0.000146045583051335    0.267906748090492  0.00358082214890883    0.293269920370695  0.00936952294709432
  0.0184377077966929 0.000149209254178506    0.171668765252974  0.00270715959558421    0.191774098205865  0.00832695278680033
  0.0188646260648966 0.000151801556972429     0.11058454572889  0.00211337857362894    0.120493366992812  0.00746328019011855
  0.0193120259791613 0.000154533594037251   0.0720097300352674  0.00167285249287101   0.0771093325894882  0.00667905776758419
  0.0197477731853724 0.000157208795985361    0.061388383689342  0.00153405059584355   0.0615903622256199  0.00601466981598414
  0.0201951861381531  0.00015996959148726   0.0618670039554854  0.00153913410418245   0.0648479552892796  0.00541877706618474
  0.0206309147179127 0.000162671192538097   0.0710467625468238  0.00164739127783172    0.078330583417288  0.00490956221543172
  0.0210695490241051  0.00016540306052953   0.0881360856284563  0.00185667107189336   0.0957996486421888  0.00445758237942931
  0.0214994288980961 0.000168091752173905    0.105712900714044  0.00207021457418792    0.112631345481861  0.00406532200121438
  0.0219438672065735 0.000191024916855853    0.114271598341552  0.00119455010819887    0.126898780465371  0.00370889702351603
   0.022826986387372 0.000198723759050931    0.133882521254535  0.00130159723754277     0.14379258641373  0.00310863895705629
  0.0236926041543484 0.000206280972437685    0.142154104482979  0.00134188022251288    0.144837875545537  0.00263346623283016
  0.0245756395161152 0.000213943333204586    0.135284269773611  0.00128523629718637    0.132584955496568  0.00224033030588699
  0.0254470705986023 0.000221703758271679    0.118046843737756  0.00116276930699132    0.111540835803296  0.00192281374809641
  0.0263243243098259 0.000229126501304735   0.0922130510145352 0.000983205476991476   0.0859609193513321  0.00165888915790918
  0.0272073857486248 0.000236824829377245    0.069141724126706 0.000817271621782076   0.0601638879710147  0.00143797602434298
  0.0280759036540985 0.000244636988825078   0.0446861819689107 0.000624230371706679   0.0382358889972164  0.00125594281376752
  0.0289560649544001 0.000251971954910976   0.0253876976220391 0.000451518179591262   0.0216721378033384  0.00110028608722349
  0.0298362318426371 0.000259631686068077   0.0136551252278589 0.000322009292374698   0.0114565451486784 0.000968265612100411
  0.0307105109095573 0.000267484313766815  0.00751250936378801 0.000234027142282274   0.0069277224243663 0.000856379381514152
  0.0315906777977943 0.000274945517941933  0.00719943567005599 0.000226433356378762   0.0065084389393094 0.000759763949517721
  0.0324679352343082 0.000282819204045126  0.00758370521811663 0.000205151662514663  0.00844068670271006 0.000676779352821717
  0.0333451293408871 0.000290530053358959   0.0107466877482524 0.000243584764137924   0.0111175560092221 0.000604928692956734
  0.0342194251716137 0.000297859367903768   0.0137013402991662 0.000273661219649434   0.0133551994167085 0.000542641074516836
  0.0350995548069477 0.000305680888721688   0.0158814080025576 0.000293586039348406   0.0144930280931333 0.000487892456372766
  0.0359680019319057 0.000313131412610365   0.0157730181201977  0.00028905394112798   0.0142955703410756 0.000440527894227056
   0.036848146468401 0.000320898964609113   0.0146090652247543 0.000276269208454799   0.0128815564905847 0.000398290993370808
  0.0377136319875717 0.000328581073906534  0.00979029471755316 0.000201360302714875   0.0106420806495189 0.000361617394630911
  0.0385996252298355 0.000336064958535839  0.00757553208024251 0.000174638043004409   0.0079312913578894 0.000328375846100915
  0.0394767932593822 0.000343721171088787  0.00540158150313791 0.000145457947915826  0.00528038725212181 0.000299161694743702
  0.0403481386601925 0.000351336175408717  0.00283433745361905  0.00010373226200909  0.00303483013364961  0.00027331177291346
  0.0412253364920616 0.000358902151028724  0.00128704629684119 6.93355014269003e-05  0.00138629243206517 0.000250066381958135
  0.0421054288744927 0.000366759464370773  0.00040544865594708 3.90646700294597e-05 0.000421825922081551 0.000229187348296195
  0.0429767481982708 0.000374265823618197 0.000256411905247594 3.12555708927451e-05 8.93636785124653e-05 0.000210632916302783
  0.0438642874360085 0.000381937821992783 0.000504528185814026 2.09669257414046e-05 0.000231050780186122 0.000193632979859019
  0.0447332412004471 0.000389656090610967  0.00103260361610264 3.42615759746028e-05 0.000641325817498733 0.000178625818009564
  0.0456104166805744 0.000396996319571379   0.0016307718067498 4.27651936811048e-05  0.00113150293457045 0.000164932048422373
  0.0464897826313972 0.000404775785562643  0.00223448935078351  4.9621352271978e-05   0.0015373570691661 0.000152501810338226
  0.0473691187798977 0.000412555145529936  0.00243660675347302 5.14398884092591e-05  0.00175449753570067 0.000141226044112371
  0.0482462495565414 0.000420030094266406  0.00237729900579418 5.04832849746871e-05  0.00174590740337638 0.000131001937375681
  0.0491189770400524 0.000427816833237014    0.001769724710851 4.08655526862124e-05  0.00153540922720935 0.000121735746455498
  0.0499983131885529 0.000435469701608782  0.00140454900114673 3.59829926883125e-05  0.00118450816159808 0.000113216741054323
  0.0508732311427593 0.000443001028970592 0.000986610567679581 2.97792191801564e-05 0.000784001107241009 0.000105469748751104
  0.0517459735274315 0.000450760671609349 0.000588773480997378 2.28880204347431e-05 0.000420949273782645  9.8394228444353e-05
  0.0526274517178535  0.00045807665981244 0.000288771996986586 1.60474842404083e-05 0.000163141181162757 9.18423426537556e-05
  0.0535089559853077 0.000465870805770564 0.000159870926504618 1.20131039092111e-05 5.79569676521804e-05 8.58279118057708e-05
  0.0543794669210911 0.000473601055160108  0.00020266867272996 1.32813695579776e-05 0.000113362529321506 8.03659451835279e-05
   0.055258747190237 0.000481131201869689 0.000424026959550512 1.77925853716899e-05  0.00030751339654001 7.52847334276153e-05
  0.0561380349099636 0.000488909562985035 0.000732091805536619 2.32874376214759e-05 0.000593943988804126 7.05997459877522e-05
  0.0570129118859768 0.000496422168328545   0.0010931797481838  2.8411553650038e-05 0.000911786459322479  6.6295683003061e-05
  0.0578943639993668 0.000503981286620987  0.00135869284659102 3.15531692966417e-05  0.00120509331574033 6.22870788560382e-05
  0.0587779954075813 0.000511929998997927  0.00166414252508605  3.4881433407966e-05  0.00142152926620916 5.85687533063169e-05
  0.0596550591289997  0.00051944423633691  0.00175379568565181  3.5659950691851e-05  0.00152714508822866 5.51489447377593e-05
  0.0605233274400234 0.000527018239980929  0.00183396767123933 3.63519019572081e-05  0.00151322384095721 5.20067831418769e-05
     0.0614003688097 0.000534780354995215  0.00154713803562099 3.14277082230204e-05  0.00138880942358916 4.90576070599799e-05
   0.062277402728796 0.000542091412725664  0.00125724967858225 2.80355469096779e-05  0.00117961184058413  4.6314992684605e-05
   0.063158817589283  0.00054999246479794 0.000997726401314707  2.4721306288123e-05 0.000920700711145938 4.37496318447056e-05
  0.0640402138233185  0.00055767688717241 0.000751487265896993 2.12510654869015e-05 0.000653374333444296  4.1359821645971e-05
  0.0649194270372391 0.000565138392464289 0.000456864705209044 1.63491518830624e-05 0.000414821250489175 3.91365846039303e-05
  0.0657898336648941 0.000573042700514805 0.000291007173557588 1.29833220915659e-05 0.000233216646610791 3.70812850884543e-05
  0.0666624680161476  0.00058055676323067 0.000144507733083991 8.66666510380245e-06 0.000120094470476628 3.51548028501613e-05
  0.0675394311547279 0.000588083312930543 0.000101833999430655 7.27416313944906e-06  7.7426807380103e-05 3.33434746599683e-05
  0.0684208050370217 0.000595875401853738 0.000109339770129026 7.48277474341955e-06 9.59989711773078e-05 3.16392870469112e-05
  0.0692999586462975 0.000603390235595893 0.000197505751566912 9.95677536607525e-06 0.000157176500006454 3.00466413802401e-05
  0.0701782405376434 0.000610970989148389 0.000293699709126666 1.08161559238738e-05 0.000238077348558091 2.85545399620873e-05
  0.0710429102182388 0.000618644928252258 0.000314817659725223  2.4668309078921e-05  0.00031519502604204 2.71752253726155e-05
  0.0719198510050774 0.000626170959677605 0.000445851817203578 2.92221192186519e-05 0.000372823120154745 2.58605906507612e-05
  0.0727967917919159 0.000633931375764587 0.000438033735692377 2.76863266144777e-05 0.000398220315766403 2.46246318095405e-05
  0.0736737176775932 0.000641457069474327  0.00047157808585938 2.85582267291665e-05 0.000387568100323742 2.34618440145389e-05
  0.0745681747794151 0.000649232766318501 0.000397474395668184 2.61559011223326e-05 0.000343384954851723 2.23457393971872e-05
  0.0754450783133507 0.000656992649376847 0.000305831181595133  2.2850965220598e-05 0.000276963854654732 2.13152466862436e-05
  0.0763219818472862 0.000664518016020624 0.000205801557645289 1.86916980607079e-05 0.000200394216047812 2.03435761054817e-05
  0.0771813243627548 0.000672153768129233 0.000154409644850908 1.61831923369152e-05 0.000128346429043096 1.94446192136847e-05
  0.0780582129955292 0.000679913318352049 9.04659065901447e-05 1.19018995649804e-05 6.90452577595245e-05 1.85780955624218e-05
  0.0789350792765617 0.000687221685847663 3.97715357237387e-05 8.17245397986894e-06 3.15934795090479e-05 1.77593697952306e-05
  0.0798207074403763 0.000695042709469325 1.74146402792219e-05 5.76325998534662e-06 1.87985692435079e-05 1.69778246473243e-05
  0.0806975588202477 0.000702567289054565 3.44626483228305e-05 7.57283374656378e-06 2.89045366558107e-05 1.62459315516007e-05
  0.0815744027495384 0.000710091707532509 6.14549502391355e-05 9.78768321740443e-06 5.58028485620903e-05 1.55531622084851e-05
  0.0824512392282486 0.000717958524291722 0.000117464292884958 1.32082639891367e-05 9.11580321947113e-05  1.4896984965291e-05
  0.0833280608057976 0.000725608756498315  0.00016395570232214 1.54443585583384e-05 0.000126051553987444 1.42751009324398e-05
  0.0842048674821853 0.000733132690026783 0.000180453557118768 1.55812237818113e-05  0.00015266248387986 1.36853745234689e-05
    0.08507289737463  0.00074082897842469 0.000185650721619041 1.56961887211175e-05 0.000165551301021843 1.31313091287002e-05
  0.0859496966004372 0.000748244351944654 0.000192869110843379 1.59773393423753e-05 0.000162868347673089  1.2599864994936e-05
  0.0868264585733414 0.000756002097739825 0.000191908054454346 1.58592796765601e-05 0.000145640117933503 1.20950939039331e-05
  0.0877032354474068 0.000763759744406773 0.000149062705197457 1.39929857239275e-05 0.000117989920657748 1.16153712641313e-05
  0.0885799899697304 0.000771174614259751 0.000119160176616683 1.24885544521643e-05 8.59579695581453e-05 1.11592361331658e-05
  0.0894567370414734 0.000779040073475705 9.09775615286178e-05 1.04647523223046e-05 5.62562313551432e-05 1.07253211159097e-05
  0.0903422459959984  0.00078653452335277 7.04351275968331e-05 9.23991341016138e-06 3.48183029946361e-05 1.03082765090019e-05
  0.0912189707159996 0.000794165225219649 3.82946927841156e-05 6.91568752076741e-06 2.65062270400265e-05  9.9151689878238e-06
  0.0920956805348396 0.000801921955857266 2.78505261134124e-05 5.93855248593272e-06 3.30334552884003e-05 9.54065897310321e-06
  0.0929723829030991 0.000809335964945284 5.21022136985373e-05 7.84844661828113e-06 5.37016552677478e-05 9.18368659568032e-06
  0.0938490852713585 0.000817092341801329 7.60938812604537e-05 9.35472443832366e-06 8.54034833200094e-05 8.84327884577529e-06
  0.0947257727384568 0.000824956755440019 7.87563110564165e-05 9.45780481611336e-06 0.000123226932192601 8.51852153404834e-06
  0.0956024304032326 0.000832370122225134 0.000132080257069999   1.171600593266e-05 0.000161372910795366 8.20855306211153e-06
  0.0964703261852264 0.000840064031323786 0.000156083551060735 1.26587991173331e-05  0.00019384968968229 7.91547140471127e-06
  0.0973469614982605 0.000847477074380011 0.000192056255180765 1.39778712258177e-05 0.000216654548637409 7.63261295872896e-06
  0.0982236117124558 0.000855124323642849 0.000198513154188767 1.41489329512934e-05 0.000226398702801989 7.36228599595746e-06
  0.0991002172231674 0.000862987699147389 0.000179966265750087 1.34128870487093e-05 0.000222106629227502 7.10384866605821e-06
  0.0999768376350403 0.000870400156478637  0.00016346071748318 1.27532466832207e-05 0.000204871226421415 6.85665697893513e-06
   0.100853428244591  0.00087815495752589  0.00015368719281497 1.19493380567617e-05 0.000177505621391664 6.62014764919925e-06
   0.101738780736923 0.000885863233723654 0.000131353433577323 1.10348722428501e-05 0.000143658393045348 6.39154291367776e-06
   0.102615356445312 0.000893275220422789 8.17252243948509e-05 8.70950368052169e-06 0.000108488974087078 6.17484535282979e-06
    0.10349190980196 0.000901029341146389 7.95417140126893e-05 8.56708399888852e-06 7.58805574780783e-05 5.96727430465191e-06
   0.104368470609188 0.000908765396030782 3.80010495833143e-05 5.97442753247328e-06  4.9159738603851e-05 5.76835701707153e-06
   0.105245001614094 0.000916302845745748 3.34080622262107e-05 5.60645377152658e-06 3.03761455686932e-05 5.57767228135223e-06
   0.106121525168419  0.00092405637597025 2.77124818368399e-05  5.1224138761382e-06 2.01436074603689e-05 5.39481272635132e-06
    0.10698926448822 0.000931297316063017 1.33739965544734e-05 3.55440003922034e-06 1.77016922463196e-05 5.22110880832714e-06
   0.107874527573586 0.000939094247716413 2.28008212755051e-05 4.49699571935825e-06  2.1268867563129e-05 5.05105882690909e-06
   0.108742244541645 0.000946785311014563 2.08609809428127e-05 4.31517736269315e-06 2.82883297764777e-05 4.89105561242215e-06
   0.109618715941906 0.000954195621819516  2.6071156980143e-05 4.76781272119242e-06 3.63349312075428e-05 4.73581533427768e-06
   0.110495172441006 0.000961948029016448 3.43214691508308e-05 5.40214617521587e-06  4.3068519901656e-05 4.58669685958431e-06
   0.111371606588364 0.000969700260590969 3.79650140371209e-05 5.66504401472248e-06 4.68519805565562e-05 4.44341101067428e-06
   0.112256810069084 0.000977171752561482 2.58000497470681e-05 4.74720521127102e-06 4.68800755731998e-05 4.30432706844628e-06
   0.113141991198063 0.000985093529094203 3.23477694659857e-05 5.25225740810336e-06 4.31813347060007e-05 4.17065041949916e-06
   0.114018388092518 0.000992628805360403 2.05137797660455e-05 4.12821785633081e-06  3.6683701674774e-05 4.04337507596967e-06
   0.114894777536392  0.00100014591858546 2.86433738757027e-05 4.75074785201616e-06 2.86792026118399e-05 3.92092352669242e-06
   0.115771144628525  0.00100789699219947 1.51329680179255e-05 3.60461942426952e-06 2.06587650404469e-05 3.80308094891448e-06
   0.116647519171238  0.00101541369914175 7.98850465172275e-06 2.81873537415311e-06 1.39809424303992e-05 3.68963248185158e-06
   0.117523863911629  0.00102305626770995 9.23432034293212e-06 2.96524560148011e-06 9.62529276557673e-06 3.58038971852336e-06
   0.118382669985294  0.00103068298194799 5.64181082697015e-06 2.51295218534107e-06  8.0419597598613e-06 3.47723282265846e-06
   0.119258977472782  0.00103819891712789 1.02703703725521e-05 3.08210516928832e-06 9.04274884662715e-06 3.37577880691401e-06
    0.12013528496027  0.00104594888367646 1.27652537336384e-05 3.34753194662427e-06 1.20683605650931e-05 3.27800140353126e-06
   0.121011562645435  0.00105346433856415 1.46099499888479e-05 3.53645805989152e-06 1.61587916013998e-05 3.18374219537763e-06
   0.121887840330601  0.00106110561179863 2.55395619199694e-05 4.44208821147479e-06 2.02312830502442e-05  3.0928493494842e-06
   0.122764103114605  0.00106885484523493 2.01072248285973e-05 4.03195498326807e-06 2.32986479822503e-05 3.00518188386371e-06
   0.123640343546867   0.0010761534389457  2.9906127845852e-05 4.46235459753822e-06 2.46617927640172e-05 2.92060043639473e-06
   0.124516569077969   0.0010840101714109 2.21695892734605e-05  3.8828736180684e-06 2.40268669076988e-05 2.83897940390339e-06
   0.125392779707909   0.0010916505851846 2.61679968313305e-05 4.14184396565624e-06 2.15529611064839e-05 2.76019218619092e-06
   0.126268982887268  0.00109905656516266 2.15493856124721e-05 3.78008244099132e-06 1.77967086307712e-05 2.68412074253444e-06
   0.127145171165466   0.0011069125630896 1.45802751789359e-05 3.17066201406761e-06 1.35941374264395e-05 2.61065649932224e-06
   0.128021329641342  0.00111453413468837 8.89877707366889e-06   2.580895396889e-06 9.89377692075159e-06 2.53969165865859e-06
   0.128897488117218   0.0011219573782649 1.24276053926695e-05 2.93039538925548e-06 7.57218643796901e-06 2.47112260801587e-06
   0.129773616790771  0.00112981260211824 1.35845397919506e-05 3.02111942469229e-06 7.27509558248053e-06 2.40485662941261e-06
   0.130649745464325  0.00113732539427272 2.14097075743643e-05 3.65894558995767e-06 9.29412730085079e-06 2.34079779785971e-06
   0.131525844335556  0.00114496392936325 1.19872705511626e-05 2.84125616897436e-06 1.35245942918532e-05 2.27886156861761e-06
   0.132401943206787  0.00115269233027195 1.57086392555461e-05 3.16244582280388e-06  1.9480562802998e-05 2.21896201142325e-06
   0.133277997374535   0.0011601142303092 2.23035168900952e-05 3.68805291945022e-06 2.63812279160081e-05 2.16102026280087e-06
   0.134162828326225  0.00116779588434973 2.82642093331064e-05   3.944075672574e-06 3.33506368818823e-05 2.10440891403125e-06
    0.13503885269165  0.00117543342882649 3.61908087897952e-05 4.41490838670224e-06 3.92918836331612e-05 2.05017450239332e-06
   0.135914877057076  0.00118307063138039 3.39751142655316e-05 4.27265029429077e-06 4.34635546077559e-05 1.99768074397974e-06
   0.136790886521339  0.00119079769329416 3.88019431898143e-05 4.53930860248971e-06  4.5329510431846e-05 1.94685520108076e-06
   0.137675642967224  0.00119838810238381 4.49942477706998e-05  4.8554040919641e-06 4.46597386664973e-05 1.89715251596645e-06
   0.138542860746384  0.00120594483151482  3.4317057565356e-05  4.2610702207491e-06 4.16505520911962e-05 1.84996585066645e-06
   0.139418810606003  0.00121379709612724 3.20623470780154e-05 4.11408921324427e-06 3.66952279286387e-05 1.80378553799863e-06
   0.140294745564461  0.00122121689534303 2.40956413752926e-05 3.60431937217315e-06 3.04885404487581e-05 1.75903808345149e-06
   0.141170665621758  0.00122872643658211 2.05681349982049e-05 3.33313330468981e-06  2.3811865980608e-05 1.71567118202014e-06
   0.142046570777893  0.00123646980625395 2.43305668289314e-05 3.57774695819366e-06 1.74329536507877e-05 1.67363432010528e-06
   0.142922461032867  0.00124397878941547   1.466371381439e-05  2.8358460912274e-06  1.1991834536096e-05 1.63287775360976e-06
   0.143798321485519  0.00125172154158749 1.31908167948114e-05 2.69365998693478e-06 7.92126652597569e-06 1.59335678260322e-06
   0.144674181938171  0.00125946404891257 8.90407491265385e-06 2.14355620027897e-06 5.40181348358609e-06 1.55502476346224e-06
   0.145541250705719  0.00126680244004521 7.17810276266604e-06 1.95233746891043e-06 4.36853044915677e-06 1.51820616372065e-06
   0.146417081356049  0.00127454440541542  9.3453364395899e-06 2.17274361012481e-06   4.528283560295e-06 1.48211661573504e-06
   0.147292882204056  0.00128205204747274 5.46833893453264e-06 1.74094618557192e-06 5.48314634205623e-06 1.44709437498262e-06
   0.148168653249741  0.00128979333054881 1.14290920613481e-05 2.35543460989227e-06 6.76513248536538e-06 1.41310237723323e-06
   0.149044424295425  0.00129753440829828 8.41308484396252e-06 2.06048536755495e-06 7.93650504049587e-06 1.38010314863602e-06
   0.149920165538788  0.00130482507259771 5.86690797340402e-06 1.76638744674924e-06 8.66132717256962e-06 1.34806231748653e-06
   0.150795891880989  0.00131256552394302 7.12821700756676e-06 1.89726029665041e-06 8.74859800326799e-06 1.31694768364112e-06
   0.151671603322029  0.00132007164039063 1.08530084614666e-05 2.26179490414899e-06 8.17027235872211e-06 1.28672606515483e-06
   0.152547284960747  0.00132770345439524  8.7591091246736e-06 2.04685915242501e-06 7.04383297075049e-06 1.25736792743823e-06
   0.153427362442017   0.0013355819701663 6.87048256466045e-06 1.31011554205939e-06  5.5868349333304e-06 1.22870191336887e-06
    0.15429861843586  0.00134294817369663 5.22614165053485e-06 1.16716091069219e-06 4.09979446103098e-06 1.20112302154646e-06
   0.155174240469933  0.00135063308329191  2.3751360539347e-06 8.78794819060013e-07 2.83077599537387e-06 1.17418197667341e-06
   0.156054243445396  0.00135845665828922  9.5782831329695e-07 6.92928331939428e-07 1.99674432806753e-06  1.1478635456874e-06
   0.156929820775986  0.00136574490313905 3.41918071339033e-06 9.93850443838104e-07 1.72203262098058e-06 1.12240459036798e-06
   0.157805413007736  0.00137348279870563 1.19602116476094e-06 7.37843695083743e-07 2.00633043265679e-06 1.09764815062962e-06
   0.158685341477394  0.00138117928248457 2.28786008325158e-06 8.73821268547318e-07 2.75226472384715e-06 1.07345298277435e-06
   0.159556493163109  0.00138855303680872 4.17078775503474e-06 1.07008357217172e-06 3.76478727968145e-06 1.05015221629345e-06
   0.160432040691376  0.00139646093895767 4.64009173656934e-06 1.11770573859727e-06  4.8353477680592e-06 1.02736836975622e-06
   0.161307498812676  0.00140401762602356 3.51406938375989e-06 1.01892279085377e-06 5.74006118675973e-06 1.00520102719772e-06
   0.162187367677689   0.0014114968881992 4.38658261615147e-06 9.99997102112075e-07 6.30614300793142e-06 9.83521833740531e-07
   0.163058429956436  0.00141931012732298 1.77540122651918e-06 7.63594703163838e-07 6.42729919030043e-06 9.62634226368539e-07
   0.163938283920288  0.00142675279665239 3.33508619874276e-06 9.31016710257274e-07 6.10033823814306e-06 9.42093892908868e-07
   0.164813697338104  0.00143453305898043 3.04310525613705e-06 9.18113874858701e-07 5.40634306576341e-06 9.22198571314157e-07
    0.16568911075592   0.0014422052372934 2.30154849512249e-06 8.70454434431395e-07 4.49714051386951e-06  9.0282579182283e-07
   0.166564494371414  0.00144959813289586  2.6730242399217e-06 9.22779678227337e-07 3.56568551990808e-06 8.83959614773721e-07
   0.167435452342033   0.0014571937350225  1.3880501880571e-06 7.82170018447704e-07 2.81303135253896e-06 8.65675758637394e-07
   0.168310806155205   0.0014647657244421 3.00914568779533e-06 9.20351239009418e-07 2.39795578839479e-06 8.47773621868904e-07
   0.169186145067215  0.00147231976621025 3.34561813431777e-06 9.38723078322183e-07 2.43220346335227e-06 8.30332387161002e-07
    0.17006142437458  0.00148016094485582 2.53631304866803e-06 8.56090320021489e-07 2.94570061336365e-06 8.13337003751803e-07
   0.170936703681946  0.00148755228625561 3.50931565651656e-06 9.37013070922691e-07 3.88528546292786e-06 7.96777720284745e-07
   0.171811953186989   0.0014952850314556  3.1770232605319e-06 9.03334425839827e-07 5.12754595489872e-06 7.80635330772186e-07
   0.172687202692032  0.00150301726189307  6.8103720510676e-06 1.17828456854893e-06 6.49568207130855e-06 7.64905783422867e-07
   0.173562407493591  0.00151029953435209 7.92033955063336e-06 1.25259949757435e-06  7.7904792606762e-06 7.49571325169071e-07
   0.174437582492828  0.00151803127177902 8.18691319232011e-06 1.26938205593383e-06 8.82343586171062e-06 7.34631981956174e-07
   0.175309836864471   0.0015258138455345 7.06554492352368e-06 7.47396800403329e-07 9.45083167058377e-06 7.20112173877209e-07
   0.177060857415199  0.00154097472555977 5.97858932517667e-06 8.09834517399342e-07 9.27032067688246e-06 6.92030994771916e-07
     0.1788110435009  0.00155598532062747 5.83292540131633e-06 7.89934255260939e-07 7.40346834351564e-06 6.65295841477562e-07
   0.180561169981957  0.00157110250959662 4.46037762699748e-06 7.18567402297469e-07 4.74739127851697e-06 6.39832142862662e-07
   0.182304620742798  0.00158662119982217 3.49839179616979e-06 6.75919470686904e-07 2.41835399391453e-06 6.15670360288889e-07
   0.184058904647827  0.00160176604507678 2.39180219585788e-06 6.40284395690991e-07 1.09860840047753e-06 5.92494952139523e-07
   0.185815304517746   0.0016167992013447 1.45267450803745e-06 4.97010461623938e-07 8.20065394644298e-07 5.70373714148376e-07
   0.187565088272095  0.00163203635830612 2.17717401299404e-06 5.29446930042745e-07  1.0737013628213e-06 5.49353174074068e-07
   0.189314737915993  0.00164749655908401 1.99182000352423e-06  5.1906473229464e-07 1.27001127441957e-06 5.29294162437799e-07
   0.191064298152924  0.00166257791524433 1.50151308197014e-06 5.04282856354325e-07 1.12521957001464e-06   5.101434988999e-07
   0.192813754081726  0.00167768468063597 5.06944930732881e-07 4.71067164229899e-07 7.61928286251713e-07 4.91852501663398e-07
   0.194565325975418  0.00169293110587007 1.03126716010072e-06 4.70175004254782e-07 5.20295622872412e-07 4.74353539152089e-07
   0.196314617991447  0.00170814263647755 7.90075472300532e-07 4.30857367184664e-07 6.53724686553175e-07 4.57647301741038e-07
   0.198057264089584  0.00172319859219011 3.19995600277348e-07 3.88692706208351e-07 1.12757319404185e-06 4.41729685062529e-07
   0.199806332588196  0.00173843388047153 8.30139036072063e-07 4.37083229859794e-07 1.66135378325511e-06 4.26443614076014e-07
   0.201555341482162  0.00175361378894887 7.90143246875228e-07 4.59652281880274e-07 1.92680395823682e-06 4.11813627988315e-07
   0.203304201364517  0.00176894452290883 8.62439201946782e-07 4.26897144864692e-07 1.78367881503094e-06 3.97807047291931e-07
   0.205053016543388  0.00178393264872433  1.4814169636613e-06  4.4328258049487e-07 1.36852722470835e-06  3.8439136618659e-07
   0.206799522042274  0.00179903840652928 1.25650161309897e-06  4.1319519017767e-07 9.95641188232023e-07 3.71553259516992e-07
   0.208554700016975  0.00181447355482835 2.04833110400063e-06 4.23222071467799e-07 9.46203627043707e-07 3.59187130498639e-07
   0.210303172469139  0.00182979786804342 1.69197937452302e-06 4.09112427364541e-07 1.29214607390959e-06  3.4737544194718e-07
   0.212047219276428  0.00184451535961606 2.73891383012428e-06 4.64195424587172e-07 1.85384343122738e-06 3.36073346355562e-07
   0.213795483112335  0.00185971056523674 2.73950448453196e-06 4.66485377235115e-07 2.32490127428857e-06 3.25201840342615e-07
    0.21553710103035  0.00187509127864629 2.38919288289848e-06 4.58906917066638e-07 2.44570863547491e-06 3.14805294300864e-07
   0.217289566993713  0.00189042161081801 2.09434012826344e-06 4.64468956499725e-07 2.14583818149847e-06 3.04761014249449e-07
   0.219037532806396  0.00190539651232437 1.50072478407521e-06 4.63006567444754e-07 1.56144252196419e-06 2.95137675752147e-07
   0.220785424113274   0.0019204505156948 1.02461750345727e-06 4.01785928615545e-07 9.33197647106706e-07 2.85891670615787e-07
   0.222533166408539   0.0019358972796315 1.25712033319624e-06 3.91598394380572e-07 4.69364589428522e-07 2.77005830451656e-07
   0.224280849099159  0.00195097465946074 8.42987309555021e-07 3.49750225853629e-07 2.48910800555009e-07   2.684628377977e-07
   0.226028352975845   0.0019660500647159 1.02979619178792e-06  3.6124317084268e-07 2.16360254628566e-07 2.60247564230923e-07
   0.227773606777191  0.00198121598596622 6.27539694307869e-07 3.44671175809942e-07 2.51385270554874e-07 2.52354238944624e-07
    0.22952963411808  0.00199645683116465 6.35695050102642e-07 3.26152474356687e-07  2.5784201722409e-07 2.44711953555044e-07
   0.231276884675026  0.00201165272231854  2.3458311736982e-07 2.61502883459159e-07 2.14276454356972e-07 2.37392870273242e-07
   0.233023971319199  0.00202672104192361 4.99032643355208e-07 2.85783384197587e-07  1.6432960042397e-07 2.30346071204381e-07
   0.234770938754082  0.00204189507081635 4.61776201815058e-07 2.97006501466561e-07 1.64492432620012e-07 2.23559356818445e-07
   0.236517816781998  0.00205728229355822 1.27720098380112e-07 2.96997336188326e-07 2.33595819890074e-07 2.17021180827602e-07
   0.238266751170158  0.00207225297805897 1.43071469337456e-07  2.7229004329706e-07 3.37499733389717e-07 2.10712968078525e-07
   0.240013375878334  0.00208731375694461 4.94904127620217e-07 2.83666946992409e-07   4.142093388953e-07 2.04640242573686e-07
   0.241759896278381   0.0021024040277055 2.98926238902785e-07 2.64346516092129e-07  4.1906882916893e-07  1.9878510508242e-07
   0.243508443236351  0.00211786626801814 3.13272829817163e-07  2.7241821104567e-07 3.55059002808057e-07 1.93131542557479e-07
   0.245252579450607  0.00213282537663107 4.94104526118149e-07  3.0277852205061e-07 2.71116028192887e-07 1.87691019202178e-07
   0.246998742222786  0.00214785183336348 8.27976168460948e-07 3.05104595207663e-07 2.29044839538259e-07 1.82434779454457e-07
   0.248744785785675  0.00216292978541809  1.1124059233811e-06 3.12170104570562e-07 2.65315102909133e-07  1.7736163155131e-07
   0.250490695238113  0.00217842709363404 1.35923064540125e-06 3.25359536106131e-07  3.6868476391317e-07 1.72464050224988e-07
   0.252229958772659  0.00219342842609347 1.59961146312347e-06 3.45082265612305e-07 4.87454907604085e-07 1.67752032286988e-07
   0.253975629806519  0.00220836630164204 1.19908846613612e-06 3.11334035670767e-07 5.61497540799396e-07 1.63183396169034e-07
   0.255721181631088  0.00222362464696004 1.19559950130953e-06 2.93868564489794e-07 5.52210716140388e-07 1.58769585091517e-07
   0.257466614246368  0.00223877327092034 1.18362528913613e-06 2.79570810756926e-07 4.62053530802384e-07 1.54504283592419e-07
   0.259211927652359  0.00225390690918548 7.52301759771115e-07 2.43896301282823e-07 3.28039445528398e-07 1.50381550036905e-07
   0.260946214199066  0.00226887189206264 7.10043422089744e-07 2.42686416208663e-07 1.99599171158787e-07  1.4642018005717e-07
   0.262693405151367  0.00228405655821673 1.09462170171806e-06 2.76537043685191e-07 1.10455457783949e-07 1.42560435844972e-07
   0.264438331127167  0.00229919720163188 6.60485262097093e-07  2.4044334945602e-07 7.08142575055502e-08 1.38831787959692e-07
   0.266183137893677  0.00231422826223159  5.8249435622936e-07 2.36176744299343e-07 6.60711590135078e-08 1.35224504385298e-07
   0.267927765846252  0.00232925721554001 8.49991815301153e-08 2.07614418662141e-07 7.25170846959774e-08 1.31733990925243e-07
   0.269672304391861  0.00234462400341084 3.56214960317056e-07 2.47336973622528e-07 7.25714609422251e-08 1.28355611794499e-07
    0.27141672372818  0.00235975624513175 2.41017103533335e-07  2.6386099607848e-07 6.25005473089273e-08 1.25085346856324e-07
    0.27316752076149  0.00237471751125241 2.95603158114936e-07 2.53916598058754e-07 4.97817537158589e-08 1.21906903327983e-07
   0.274911671876907  0.00238973794397427  2.1358968637515e-07 2.45924653855776e-07 4.44432520817794e-08 1.18840295457815e-07
   0.276655673980713  0.00240509597543311 -1.26060103286514e-07 2.08441121789559e-07 5.03220909134231e-08 1.15869799818803e-07
   0.278406083583832  0.00242026547956208 -2.27642634682295e-07 2.20596844863272e-07 6.27807032134056e-08 1.12981127390786e-07
   0.280149817466736  0.00243525297883659 -3.61086244444344e-07 2.41283701106567e-07 7.24213901937729e-08 1.10192423116716e-07
   0.281895577907562  0.00245019910082103 3.16803374801318e-08 2.61117067044109e-07 7.24084691203091e-08 1.07486145545483e-07
   0.283641219139099  0.00246563951718363 -1.20033625775631e-07 2.48402149110443e-07 6.33285946103669e-08 1.04862657888905e-07
   0.285382360219955  0.00247900181963081 -1.89158575662778e-07 2.21825607154127e-07 5.31976646769311e-08 1.02325070001924e-07
   0.287125527858734  0.00249124398464532  6.9070938329713e-10 2.27084571462381e-07 5.23112912374266e-08 9.98609016575315e-08
   0.288868576288223  0.00250349064892193 2.54113015306581e-07 2.35211663562029e-07 6.69006076408877e-08  9.7470635421426e-08
     0.2906114757061  0.00251574164240866 2.59967754986474e-07 2.32411169253234e-07 9.48180140829696e-08 9.51516649380262e-08
   0.292354226112366  0.00252799661724662 2.19104711550512e-08 2.18613305208999e-07 1.26149696174884e-07 9.29014458141401e-08
   0.294096827507019  0.00254025592690792 2.93118212892242e-07 2.28028277496944e-07 1.48177964704478e-07 9.07175490388651e-08
   0.295833081007004  0.00255247533808181 7.38888303304465e-08 2.15012309982002e-07 1.51839858689258e-07 8.86050637703632e-08
   0.297575384378433  0.00256474258698441 2.03976398724564e-07 2.18323167637488e-07 1.36052001027176e-07 8.65466836312633e-08
   0.299316346645355  0.00257700490361768 -9.56851958076796e-08 2.00911168480928e-07 1.07724951629914e-07 8.45492521894131e-08
   0.301058381795883  0.00258927980015098 9.42319817586325e-08 2.07612869012423e-07 7.78598416822378e-08 8.26079396570029e-08
   0.302800238132477  0.00260155817195043 -6.13429437682056e-08  1.9712045550682e-07 5.60126938188364e-08 8.07222228807731e-08
   0.304533302783966   0.0026137788887939 2.72969519871295e-08 1.99056774776596e-07 4.60203620426754e-08 7.88991204534685e-08
   0.306274920701981  0.00262606439390846 -6.74638309015287e-08 1.91617287446856e-07 4.51252140491501e-08 7.71186013930921e-08
   0.308016330003738  0.00263835331840239 -2.2480136932586e-07 1.80380778300495e-07 4.69106388328772e-08  7.5388228906493e-08
   0.309757649898529  0.00265064586791309 -2.19078083702553e-07 1.78147925274199e-07 4.52979247485134e-08  7.3706212575223e-08
   0.311499983072281  0.00266294989869852 -4.82452598361193e-08 1.85450537970699e-07 3.79513148120529e-08  7.2069918476543e-08
    0.31324103474617  0.00267524873926222 -6.20775475039585e-08 1.82462878165079e-07 2.69881195221279e-08 7.04799339217035e-08
   0.314988046884537  0.00268759460140635 -2.39126948921779e-07 1.70062872876145e-07 1.69309969211561e-08 6.89283424891447e-08
    0.31672877073288  0.00269989962788194 -1.46814519877706e-07 3.68761988739734e-07 1.17171516433062e-08 6.74245754796758e-08
   0.318477988243103  0.00271226911393039 -3.93375762591315e-07 2.83225897409919e-07  1.2213190311264e-08 6.59545561236582e-08
     0.3202183842659  0.00272457988046414 -2.57151168249776e-07 3.11134796420217e-07 1.62412877584034e-08 6.45315006978266e-08
   0.321949869394302  0.00273683190328997 -2.50496444764231e-07 3.10967277823951e-07 2.04577922068148e-08 6.31536021944632e-08
    0.32368990778923  0.00274914819185337 1.53057391506357e-07 3.85945689317749e-07 2.29136406557448e-08 6.18057685155906e-08
   0.325447261333466  0.00276159040934529 -3.71437896057117e-07 2.79756299607159e-07 2.42722169911074e-08 6.04808390998523e-08
   0.327178299427032  0.00277385074959592 -6.2833048666183e-07 2.08170109206932e-07 2.72516477673103e-08 5.92102469754579e-08
   0.328926563262939  0.00278623642862527 -3.58165353798228e-07 2.79498670240267e-07 3.46309461917836e-08 5.79607207242854e-08
   0.330657333135605  0.00279850156087293 4.37540064371834e-07 4.26339002868934e-07 4.67191119614679e-08 5.67559884015936e-08
   0.332396566867828  0.00281083067486063 -3.43981423803643e-07 2.79780722483444e-07 6.10990119575464e-08 5.55768486107704e-08
   0.334135681390762  0.00282316208620862 -7.62611805187307e-08 3.35425385807438e-07 7.32823600074001e-08 5.44281594205339e-08
   0.335883289575577  0.00283555761627162 -2.02014561492343e-07 3.08444099576049e-07 7.93186162372551e-08 5.33036009445562e-08
   0.337622106075287  0.00284789354126825 4.61950366730232e-07 4.26333620240619e-07 7.78274152797336e-08 5.22133746636357e-08
   0.339360684156418    0.002860231671723 7.34755331832405e-08  3.6009391752963e-07 7.08026836883249e-08 5.11510269006396e-08
   0.341090440750122  0.00287251033060724 3.47188061148615e-07 4.06742105091821e-07 6.22374118016358e-08  5.0120750254571e-08
   0.342828720808029  0.00288485259427338  8.4640732539434e-08 3.59814212351535e-07 5.57050745367315e-08 4.91114039513048e-08
   0.344566851854324  0.00289719697880785 6.14792779167259e-07 4.45409144146833e-07 5.27209808161637e-08 4.81274231244313e-08
    0.34630474448204  0.00290954306909302 -3.47200007761849e-08 3.35555915325111e-07 5.20875137427974e-08 4.71680941689801e-08
   0.348042547702789   0.0029218912575689  4.9843137398331e-07 4.26939201275246e-07 5.10965305084561e-08 4.62325961834053e-08
   0.349771499633789  0.00293417946045534 -2.25571475060791e-08  3.3611855793904e-07 4.75065224821136e-08 4.53247692002171e-08
   0.351517587900162   0.0029465927269742 -5.43012277963473e-07 2.09589993617711e-07 4.09028957696928e-08 4.44304531895709e-08
    0.35324615240097  0.00295888444678261 3.85582188085737e-07 4.07335442864929e-07 3.31558145830541e-08 4.35667326658249e-08
   0.354983270168304  0.00297123949451529  7.9201493427448e-07 4.68837871363589e-07 2.68449294750125e-08 4.27197828946923e-08
   0.356720209121704  0.00298359601827773 3.18596150216232e-09 3.38745779103818e-07 2.40143981796578e-08 4.18933990898492e-08
   0.358456909656525  0.00299595423299374 1.37058295874322e-07 3.62814559655707e-07 2.49142762550611e-08 4.10870128943761e-08
   0.360202193260193  0.00300837584609837 -2.53700022441443e-07 2.82280405849057e-07 2.81685409574399e-08 4.02960955260518e-08
   0.361929923295975  0.00302067542099441 5.40072927350929e-07 4.28841692665409e-07 3.17872318494678e-08 3.95317880674973e-08
   0.363666146993637  0.00303303779137106 8.06112397678454e-07 4.67009910808513e-07 3.46444677052387e-08 3.87830414541548e-08
   0.365402162075043   0.0030454017431705 4.16001563065028e-07 4.08300432272297e-07 3.69018806264434e-08  3.8057754315832e-08
   0.367138028144836  0.00305776687737812 1.52942210961835e-08 3.12509710625988e-07 3.96076980519924e-08 3.73707318107753e-08
   0.368882387876511  0.00307019505465897 2.63623020931779e-07 3.57054719447008e-07 4.35300294332986e-08 3.67495385445385e-08
   0.370617866516113  0.00308256259702767 7.54510150355238e-07 4.32703550861751e-07 4.83456706393793e-08 3.62349267232738e-08
   0.372361898422241  0.00309499343294659 1.41111747308437e-07 3.33596849128671e-07 5.32033567593046e-08 3.58374409080614e-08
   0.374096989631653  0.00310736337509369 8.79128998762168e-07  4.4877758812086e-07 5.73623204625976e-08 3.55504161910421e-08
