#      z (A) rho (1e-6/A2) irho (1e-6/A2)
-42.84232562  20.07646257   0.46777133
-42.74232562  20.07661272   0.46799834
-42.64232562  20.07676604   0.46823016
-42.54232562  20.07692260   0.46846688
-42.44232562  20.07708246   0.46870859
-42.34232562  20.07724569   0.46895539
-42.24232562  20.07741233   0.46920736
-42.14232562  20.07758247   0.46946460
-42.04232562  20.07775616   0.46972721
-41.94232562  20.07793346   0.46999530
-41.84232562  20.07811446   0.47026895
-41.74232562  20.07829920   0.47054828
-41.64232562  20.07848776   0.47083339
-41.54232562  20.07868021   0.47112437
-41.44232562  20.07887662   0.47142134
-41.34232562  20.07907707   0.47172441
-41.24232562  20.07928162   0.47203369
-41.14232562  20.07949035   0.47234928
-41.04232562  20.07970333   0.47267131
-40.94232562  20.07992064   0.47299988
-40.84232562  20.08014236   0.47333511
-40.74232562  20.08036856   0.47367713
-40.64232562  20.08059932   0.47402605
-40.54232562  20.08083474   0.47438199
-40.44232562  20.08107488   0.47474507
-40.34232562  20.08131982   0.47511543
-40.24232562  20.08156967   0.47549319
-40.14232562  20.08182449   0.47587848
-40.04232562  20.08208437   0.47627142
-39.94232562  20.08234941   0.47667216
-39.84232562  20.08261969   0.47708082
-39.74232562  20.08289531   0.47749754
-39.64232562  20.08317634   0.47792247
-39.54232562  20.08346290   0.47835573
-39.44232562  20.08375506   0.47879748
-39.34232562  20.08405293   0.47924785
-39.24232562  20.08435660   0.47970700
-39.14232562  20.08466617   0.48017507
-39.04232562  20.08498174   0.48065221
-38.94232562  20.08530341   0.48113857
-38.84232562  20.08563128   0.48163430
-38.74232562  20.08596546   0.48213957
-38.64232562  20.08630604   0.48265453
-38.54232562  20.08665314   0.48317934
-38.44232562  20.08700686   0.48371416
-38.34232562  20.08736731   0.48425916
-38.24232562  20.08773460   0.48481450
-38.14232562  20.08810885   0.48538035
-38.04232562  20.08849016   0.48595689
-37.94232562  20.08887865   0.48654428
-37.84232562  20.08927443   0.48714270
-37.74232562  20.08967763   0.48775233
-37.64232562  20.09008836   0.48837335
-37.54232562  20.09050674   0.48900593
-37.44232562  20.09093289   0.48965027
-37.34232562  20.09136694   0.49030654
-37.24232562  20.09180901   0.49097495
-37.14232562  20.09225923   0.49165567
-37.04232562  20.09271772   0.49234890
-36.94232562  20.09318461   0.49305484
-36.84232562  20.09366004   0.49377369
-36.74232562  20.09414414   0.49450563
-36.64232562  20.09463704   0.49525089
-36.54232562  20.09513887   0.49600965
-36.44232562  20.09564977   0.49678214
-36.34232562  20.09616989   0.49756855
-36.24232562  20.09669936   0.49836910
-36.14232562  20.09723832   0.49918400
-36.04232562  20.09778692   0.50001348
-35.94232562  20.09834530   0.50085774
-35.84232562  20.09891361   0.50171701
-35.74232562  20.09949199   0.50259152
-35.64232562  20.10008060   0.50348150
-35.54232562  20.10067959   0.50438716
-35.44232562  20.10128911   0.50530874
-35.34232562  20.10190931   0.50624648
-35.24232562  20.10254036   0.50720061
-35.14232562  20.10318240   0.50817138
-35.04232562  20.10383561   0.50915901
-34.94232562  20.10450013   0.51016377
-34.84232562  20.10517614   0.51118588
-34.74232562  20.10586380   0.51222561
-34.64232562  20.10656327   0.51328320
-34.54232562  20.10727472   0.51435891
-34.44232562  20.10799833   0.51545300
-34.34232562  20.10873426   0.51656572
-34.24232562  20.10948269   0.51769734
-34.14232562  20.11024379   0.51884811
-34.04232562  20.11101775   0.52001832
-33.94232562  20.11180472   0.52120822
-33.84232562  20.11260491   0.52241809
-33.74232562  20.11341848   0.52364820
-33.64232562  20.11424563   0.52489884
-33.54232562  20.11508654   0.52617028
-33.44232562  20.11594139   0.52746280
-33.34232562  20.11681037   0.52877669
-33.24232562  20.11769368   0.53011224
-33.14232562  20.11859150   0.53146974
-33.04232562  20.11950403   0.53284948
-32.94232562  20.12043147   0.53425175
-32.84232562  20.12137401   0.53567686
-32.74232562  20.12233185   0.53712511
-32.64232562  20.12330520   0.53859679
-32.54232562  20.12429425   0.54009222
-32.44232562  20.12529920   0.54161170
-32.34232562  20.12632027   0.54315555
-32.24232562  20.12735767   0.54472407
-32.14232562  20.12841159   0.54631759
-32.04232562  20.12948226   0.54793643
-31.94232562  20.13056988   0.54958089
-31.84232562  20.13167467   0.55125132
-31.74232562  20.13279684   0.55294804
-31.64232562  20.13393662   0.55467137
-31.54232562  20.13509422   0.55642164
-31.44232562  20.13626986   0.55819920
-31.34232562  20.13746377   0.56000437
-31.24232562  20.13867617   0.56183750
-31.14232562  20.13990728   0.56369893
-31.04232562  20.14115734   0.56558900
-30.94232562  20.14242657   0.56750806
-30.84232562  20.14371520   0.56945646
-30.74232562  20.14502347   0.57143455
-30.64232562  20.14635162   0.57344269
-30.54232562  20.14769986   0.57548122
-30.44232562  20.14906845   0.57755051
-30.34232562  20.15045763   0.57965092
-30.24232562  20.15186762   0.58178282
-30.14232562  20.15329868   0.58394656
-30.04232562  20.15475105   0.58614252
-29.94232562  20.15622497   0.58837107
-29.84232562  20.15772069   0.59063259
-29.74232562  20.15923846   0.59292743
-29.64232562  20.16077852   0.59525599
-29.54232562  20.16234114   0.59761864
-29.44232562  20.16392655   0.60001577
-29.34232562  20.16553502   0.60244775
-29.24232562  20.16716679   0.60491497
-29.14232562  20.16882214   0.60741783
-29.04232562  20.17050130   0.60995671
-28.94232562  20.17220455   0.61253200
-28.84232562  20.17393215   0.61514410
-28.74232562  20.17568435   0.61779340
-28.64232562  20.17746141   0.62048031
-28.54232562  20.17926362   0.62320522
-28.44232562  20.18109122   0.62596853
-28.34232562  20.18294449   0.62877065
-28.24232562  20.18482369   0.63161199
-28.14232562  20.18672910   0.63449294
-28.04232562  20.18866099   0.63741393
-27.94232562  20.19061962   0.64037535
-27.84232562  20.19260527   0.64337763
-27.74232562  20.19461822   0.64642118
-27.64232562  20.19665874   0.64950642
-27.54232562  20.19872710   0.65263376
-27.44232562  20.20082358   0.65580361
-27.34232562  20.20294847   0.65901641
-27.24232562  20.20510203   0.66227258
-27.14232562  20.20728456   0.66557253
-27.04232562  20.20949632   0.66891669
-26.94232562  20.21173761   0.67230549
-26.84232562  20.21400871   0.67573936
-26.74232562  20.21630989   0.67921872
-26.64232562  20.21864145   0.68274401
-26.54232562  20.22100367   0.68631565
-26.44232562  20.22339683   0.68993408
-26.34232562  20.22582122   0.69359973
-26.24232562  20.22827713   0.69731304
-26.14232562  20.23076485   0.70107443
-26.04232562  20.23328466   0.70488435
-25.94232562  20.23583685   0.70874324
-25.84232562  20.23842172   0.71265152
-25.74232562  20.24103954   0.71660965
-25.64232562  20.24369063   0.72061805
-25.54232562  20.24637525   0.72467717
-25.44232562  20.24909371   0.72878744
-25.34232562  20.25184629   0.73294932
-25.24232562  20.25463330   0.73716323
-25.14232562  20.25745501   0.74142962
-25.04232562  20.26031172   0.74574894
-24.94232562  20.26320373   0.75012162
-24.84232562  20.26613133   0.75454811
-24.74232562  20.26909480   0.75902885
-24.64232562  20.27209445   0.76356427
-24.54232562  20.27513056   0.76815484
-24.44232562  20.27820343   0.77280098
-24.34232562  20.28131335   0.77750314
-24.24232562  20.28446061   0.78226176
-24.14232562  20.28764551   0.78707728
-24.04232562  20.29086833   0.79195015
-23.94232562  20.29412937   0.79688080
-23.84232562  20.29742892   0.80186968
-23.74232562  20.30076727   0.80691722
-23.64232562  20.30414471   0.81202387
-23.54232562  20.30756154   0.81719007
-23.44232562  20.31101803   0.82241624
-23.34232562  20.31451449   0.82770284
-23.24232562  20.31805119   0.83305029
-23.14232562  20.32162843   0.83845903
-23.04232562  20.32524650   0.84392950
-22.94232562  20.32890567   0.84946213
-22.84232562  20.33260625   0.85505735
-22.74232562  20.33634850   0.86071559
-22.64232562  20.34013272   0.86643728
-22.54232562  20.34395918   0.87222285
-22.44232562  20.34782818   0.87807272
-22.34232562  20.35173998   0.88398732
-22.24232562  20.35569488   0.88996707
-22.14232562  20.35969315   0.89601240
-22.04232562  20.36373506   0.90212372
-21.94232562  20.36782089   0.90830145
-21.84232562  20.37195092   0.91454601
-21.74232562  20.37612543   0.92085781
-21.64232562  20.38034467   0.92723725
-21.54232562  20.38460893   0.93368476
-21.44232562  20.38891847   0.94020073
-21.34232562  20.39327356   0.94678557
-21.24232562  20.39767447   0.95343969
-21.14232562  20.40212145   0.96016347
-21.04232562  20.40661478   0.96695732
-20.94232562  20.41115471   0.97382164
-20.84232562  20.41574149   0.98075680
-20.74232562  20.42037540   0.98776320
-20.64232562  20.42505667   0.99484123
-20.54232562  20.42978557   1.00199126
-20.44232562  20.43456233   1.00921368
-20.34232562  20.43938723   1.01650885
-20.24232562  20.44426048   1.02387716
-20.14232562  20.44918235   1.03131896
-20.04232562  20.45415307   1.03883463
-19.94232562  20.45917289   1.04642452
-19.84232562  20.46424202   1.05408899
-19.74232562  20.46936072   1.06182840
-19.64232562  20.47452921   1.06964309
-19.54232562  20.47974772   1.07753342
-19.44232562  20.48501648   1.08549971
-19.34232562  20.49033570   1.09354231
-19.24232562  20.49570562   1.10166155
-19.14232562  20.50112644   1.10985777
-19.04232562  20.50659838   1.11813127
-18.94232562  20.51212165   1.12648239
-18.84232562  20.51769646   1.13491143
-18.74232562  20.52332302   1.14341872
-18.64232562  20.52900152   1.15200454
-18.54232562  20.53473217   1.16066921
-18.44232562  20.54051516   1.16941302
-18.34232562  20.54635068   1.17823625
-18.24232562  20.55223892   1.18713920
-18.14232562  20.55818007   1.19612215
-18.04232562  20.56417431   1.20518535
-17.94232562  20.57022181   1.21432910
-17.84232562  20.57632275   1.22355365
-17.74232562  20.58247730   1.23285925
-17.64232562  20.58868563   1.24224616
-17.54232562  20.59494789   1.25171463
-17.44232562  20.60126426   1.26126489
-17.34232562  20.60763487   1.27089718
-17.24232562  20.61405989   1.28061174
-17.14232562  20.62053947   1.29040877
-17.04232562  20.62707373   1.30028850
-16.94232562  20.63366283   1.31025113
-16.84232562  20.64030689   1.32029687
-16.74232562  20.64700606   1.33042592
-16.64232562  20.65376044   1.34063846
-16.54232562  20.66057017   1.35093469
-16.44232562  20.66743536   1.36131476
-16.34232562  20.67435612   1.37177887
-16.24232562  20.68133256   1.38232716
-16.14232562  20.68836478   1.39295979
-16.04232562  20.69545289   1.40367692
-15.94232562  20.70259697   1.41447869
-15.84232562  20.70979712   1.42536522
-15.74232562  20.71705342   1.43633665
-15.64232562  20.72436594   1.44739310
-15.54232562  20.73173477   1.45853467
-15.44232562  20.73915997   1.46976148
-15.34232562  20.74664161   1.48107362
-15.24232562  20.75417974   1.49247119
-15.14232562  20.76177442   1.50395425
-15.04232562  20.76942571   1.51552289
-14.94232562  20.77713363   1.52717718
-14.84232562  20.78489824   1.53891717
-14.74232562  20.79271956   1.55074291
-14.64232562  20.80059762   1.56265445
-14.54232562  20.80853246   1.57465181
-14.44232562  20.81652407   1.58673503
-14.34232562  20.82457248   1.59890412
-14.24232562  20.83267768   1.61115909
-14.14232562  20.84083969   1.62349995
-14.04232562  20.84905850   1.63592668
-13.94232562  20.85733409   1.64843926
-13.84232562  20.86566645   1.66103769
-13.74232562  20.87405555   1.67372191
-13.64232562  20.88250138   1.68649190
-13.54232562  20.89100390   1.69934759
-13.44232562  20.89956306   1.71228894
-13.34232562  20.90817882   1.72531586
-13.24232562  20.91685113   1.73842829
-13.14232562  20.92557994   1.75162614
-13.04232562  20.93436518   1.76490931
-12.94232562  20.94320678   1.77827771
-12.84232562  20.95210468   1.79173120
-12.74232562  20.96105877   1.80526969
-12.64232562  20.97006899   1.81889303
-12.54232562  20.97913524   1.83260108
-12.44232562  20.98825741   1.84639369
-12.34232562  20.99743541   1.86027071
-12.24232562  21.00666913   1.87423197
-12.14232562  21.01595843   1.88827729
-12.04232562  21.02530321   1.90240648
-11.94232562  21.03470334   1.91661934
-11.84232562  21.04415866   1.93091568
-11.74232562  21.05366906   1.94529527
-11.64232562  21.06323436   1.95975790
-11.54232562  21.07285443   1.97430333
-11.44232562  21.08252910   1.98893131
-11.34232562  21.09225821   2.00364159
-11.24232562  21.10204157   2.01843391
-11.14232562  21.11187901   2.03330800
-11.04232562  21.12177035   2.04826358
-10.94232562  21.13171539   2.06330035
-10.84232562  21.14171393   2.07841802
-10.74232562  21.15176577   2.09361627
-10.64232562  21.16187069   2.10889479
-10.54232562  21.17202849   2.12425325
-10.44232562  21.18223893   2.13969131
-10.34232562  21.19250178   2.15520861
-10.24232562  21.20281681   2.17080481
-10.14232562  21.21318377   2.18647953
-10.04232562  21.22360242   2.20223239
 -9.94232562  21.23407250   2.21806302
 -9.84232562  21.24459375   2.23397101
 -9.74232562  21.25516589   2.24995596
 -9.64232562  21.26578866   2.26601746
 -9.54232562  21.27646177   2.28215507
 -9.44232562  21.28718494   2.29836836
 -9.34232562  21.29795787   2.31465690
 -9.24232562  21.30878026   2.33102022
 -9.14232562  21.31965182   2.34745787
 -9.04232562  21.33057221   2.36396937
 -8.94232562  21.34154113   2.38055424
 -8.84232562  21.35255825   2.39721199
 -8.74232562  21.36362325   2.41394212
 -8.64232562  21.37473577   2.43074413
 -8.54232562  21.38589549   2.44761748
 -8.44232562  21.39710205   2.46456166
 -8.34232562  21.40835510   2.48157612
 -8.24232562  21.41965427   2.49866033
 -8.14232562  21.43099920   2.51581372
 -8.04232562  21.44238952   2.53303574
 -7.94232562  21.45382484   2.55032580
 -7.84232562  21.46530478   2.56768333
 -7.74232562  21.47682895   2.58510773
 -7.64232562  21.48839696   2.60259841
 -7.54232562  21.50000839   2.62015475
 -7.44232562  21.51166285   2.63777615
 -7.34232562  21.52335991   2.65546196
 -7.24232562  21.53509917   2.67321156
 -7.14232562  21.54688018   2.69102431
 -7.04232562  21.55870253   2.70889955
 -6.94232562  21.57056577   2.72683662
 -6.84232562  21.58246946   2.74483485
 -6.74232562  21.59441316   2.76289357
 -6.64232562  21.60639641   2.78101210
 -6.54232562  21.61841875   2.79918972
 -6.44232562  21.63047972   2.81742576
 -6.34232562  21.64257885   2.83571949
 -6.24232562  21.65471566   2.85407021
 -6.14232562  21.66688968   2.87247717
 -6.04232562  21.67910043   2.89093966
 -5.94232562  21.69134740   2.90945693
 -5.84232562  21.70363011   2.92802824
 -5.74232562  21.71594806   2.94665282
 -5.64232562  21.72830074   2.96532991
 -5.54232562  21.74068764   2.98405875
 -5.44232562  21.75310825   3.00283856
 -5.34232562  21.76556205   3.02166855
 -5.24232562  21.77804851   3.04054793
 -5.14232562  21.79056712   3.05947590
 -5.04232562  21.80311733   3.07845166
 -4.94232562  21.81569860   3.09747439
 -4.84232562  21.82831041   3.11654328
 -4.74232562  21.84095219   3.13565750
 -4.64232562  21.85362341   3.15481622
 -4.54232562  21.86632350   3.17401860
 -4.44232562  21.87905191   3.19326379
 -4.34232562  21.89180807   3.21255095
 -4.24232562  21.90459143   3.23187922
 -4.14232562  21.91740140   3.25124774
 -4.04232562  21.93023742   3.27065564
 -3.94232562  21.94309890   3.29010205
 -3.84232562  21.95598528   3.30958608
 -3.74232562  21.96889595   3.32910686
 -3.64232562  21.98183034   3.34866349
 -3.54232562  21.99478784   3.36825508
 -3.44232562  22.00776788   3.38788073
 -3.34232562  22.02076984   3.40753953
 -3.24232562  22.03379313   3.42723057
 -3.14232562  22.04683713   3.44695295
 -3.04232562  22.05990126   3.46670574
 -2.94232562  22.07298488   3.48648802
 -2.84232562  22.08608740   3.50629885
 -2.74232562  22.09920818   3.52613732
 -2.64232562  22.11234663   3.54600248
 -2.54232562  22.12550210   3.56589340
 -2.44232562  22.13867399   3.58580913
 -2.34232562  22.15186166   3.60574872
 -2.24232562  22.16506449   3.62571123
 -2.14232562  22.17828184   3.64569569
 -2.04232562  22.19151308   3.66570116
 -1.94232562  22.20475758   3.68572668
 -1.84232562  22.21801469   3.70577128
 -1.74232562  22.23128379   3.72583399
 -1.64232562  22.24456423   3.74591385
 -1.54232562  22.25785537   3.76600988
 -1.44232562  22.27115657   3.78612112
 -1.34232562  22.28446717   3.80624659
 -1.24232562  22.29778654   3.82638531
 -1.14232562  22.31111403   3.84653630
 -1.04232562  22.32444898   3.86669858
 -0.94232562  22.33779075   3.88687117
 -0.84232562  22.35113869   3.90705308
 -0.74232562  22.36449214   3.92724333
 -0.64232562  22.37785045   3.94744093
 -0.54232562  22.39121297   3.96764489
 -0.44232562  22.40457904   3.98785422
 -0.34232562  22.41794801   4.00806794
 -0.24232562  22.43131923   4.02828505
 -0.14232562  22.44469203   4.04850457
 -0.04232562  22.45806577   4.06872549
  0.05767438  22.47143979   4.08894684
  0.15767438  22.48481342   4.10916761
  0.25767438  22.49818603   4.12938682
  0.35767438  22.51155694   4.14960347
  0.45767438  22.52492551   4.16981658
  0.55767438  22.53829108   4.19002516
  0.65767438  22.55165300   4.21022821
  0.75767438  22.56501060   4.23042474
  0.85767438  22.57836325   4.25061377
  0.95767438  22.59171028   4.27079432
  1.05767438  22.60505105   4.29096539
  1.15767438  22.61838490   4.31112600
  1.25767438  22.63171118   4.33127517
  1.35767438  22.64502924   4.35141192
  1.45767438  22.65833845   4.37153527
  1.55767438  22.67163814   4.39164423
  1.65767438  22.68492768   4.41173785
  1.75767438  22.69820642   4.43181514
  1.85767438  22.71147372   4.45187514
  1.95767438  22.72472895   4.47191687
  2.05767438  22.73797145   4.49193937
  2.15767438  22.75120060   4.51194168
  2.25767438  22.76441576   4.53192284
  2.35767438  22.77761630   4.55188189
  2.45767438  22.79080159   4.57181788
  2.55767438  22.80397100   4.59172986
  2.65767438  22.81712390   4.61161688
  2.75767438  22.83025968   4.63147801
  2.85767438  22.84337770   4.65131230
  2.95767438  22.85647736   4.67111881
  3.05767438  22.86955803   4.69089662
  3.15767438  22.88261910   4.71064480
  3.25767438  22.89565997   4.73036243
  3.35767438  22.90868002   4.75004859
  3.45767438  22.92167866   4.76970236
  3.55767438  22.93465527   4.78932284
  3.65767438  22.94760927   4.80890912
  3.75767438  22.96054005   4.82846030
  3.85767438  22.97344704   4.84797550
  3.95767438  22.98632963   4.86745382
  4.05767438  22.99918724   4.88689437
  4.15767438  23.01201930   4.90629628
  4.25767438  23.02482522   4.92565868
  4.35767438  23.03760444   4.94498069
  4.45767438  23.05035638   4.96426147
  4.55767438  23.06308048   4.98350015
  4.65767438  23.07577618   5.00269588
  4.75767438  23.08844291   5.02184782
  4.85767438  23.10108013   5.04095514
  4.95767438  23.11368728   5.06001700
  5.05767438  23.12626383   5.07903257
  5.15767438  23.13880922   5.09800105
  5.25767438  23.15132292   5.11692161
  5.35767438  23.16380441   5.13579346
  5.45767438  23.17625315   5.15461580
  5.55767438  23.18866862   5.17338784
  5.65767438  23.20105030   5.19210879
  5.75767438  23.21339768   5.21077787
  5.85767438  23.22571026   5.22939432
  5.95767438  23.23798751   5.24795738
  6.05767438  23.25022896   5.26646629
  6.15767438  23.26243409   5.28492031
  6.25767438  23.27460244   5.30331869
  6.35767438  23.28673350   5.32166070
  6.45767438  23.29882680   5.33994563
  6.55767438  23.31088187   5.35817274
  6.65767438  23.32289824   5.37634135
  6.75767438  23.33487545   5.39445073
  6.85767438  23.34681304   5.41250021
  6.95767438  23.35871055   5.43048910
  7.05767438  23.37056754   5.44841673
  7.15767438  23.38238357   5.46628242
  7.25767438  23.39415821   5.48408551
  7.35767438  23.40589101   5.50182537
  7.45767438  23.41758156   5.51950133
  7.55767438  23.42922944   5.53711278
  7.65767438  23.44083424   5.55465909
  7.75767438  23.45239554   5.57213963
  7.85767438  23.46391295   5.58955381
  7.95767438  23.47538607   5.60690102
  8.05767438  23.48681451   5.62418068
  8.15767438  23.49819788   5.64139220
  8.25767438  23.50953581   5.65853501
  8.35767438  23.52082793   5.67560854
  8.45767438  23.53207386   5.69261226
  8.55767438  23.54327326   5.70954560
  8.65767438  23.55442575   5.72640804
  8.75767438  23.56553101   5.74319904
  8.85767438  23.57658868   5.75991810
  8.95767438  23.58759842   5.77656469
  9.05767438  23.59855992   5.79313833
  9.15767438  23.60947283   5.80963853
  9.25767438  23.62033686   5.82606480
  9.35767438  23.63115168   5.84241667
  9.45767438  23.64191699   5.85869369
  9.55767438  23.65263250   5.87489540
  9.65767438  23.66329790   5.89102135
  9.75767438  23.67391292   5.90707113
  9.85767438  23.68447727   5.92304429
  9.95767438  23.69499068   5.93894043
 10.05767438  23.70545288   5.95475915
 10.15767438  23.71586361   5.97050005
 10.25767438  23.72622262   5.98616274
 10.35767438  23.73652966   6.00174685
 10.45767438  23.74678448   6.01725202
 10.55767438  23.75698685   6.03267788
 10.65767438  23.76713655   6.04802409
 10.75767438  23.77723334   6.06329031
 10.85767438  23.78727701   6.07847621
 10.95767438  23.79726735   6.09358149
 11.05767438  23.80720416   6.10860582
 11.15767438  23.81708724   6.12354890
 11.25767438  23.82691639   6.13841046
 11.35767438  23.83669144   6.15319021
 11.45767438  23.84641220   6.16788788
 11.55767438  23.85607850   6.18250320
 11.65767438  23.86569017   6.19703593
 11.75767438  23.87524706   6.21148583
 11.85767438  23.88474901   6.22585266
 11.95767438  23.89419588   6.24013620
 12.05767438  23.90358751   6.25433623
 12.15767438  23.91292379   6.26845256
 12.25767438  23.92220457   6.28248499
 12.35767438  23.93142974   6.29643333
 12.45767438  23.94059918   6.31029740
 12.55767438  23.94971277   6.32407705
 12.65767438  23.95877043   6.33777211
 12.75767438  23.96777204   6.35138243
 12.85767438  23.97671751   6.36490788
 12.95767438  23.98560677   6.37834832
 13.05767438  23.99443973   6.39170364
 13.15767438  24.00321631   6.40497373
 13.25767438  24.01193645   6.41815847
 13.35767438  24.02060009   6.43125778
 13.45767438  24.02920717   6.44427158
 13.55767438  24.03775764   6.45719978
 13.65767438  24.04625145   6.47004232
 13.75767438  24.05468857   6.48279914
 13.85767438  24.06306897   6.49547020
 13.95767438  24.07139262   6.50805545
 14.05767438  24.07965950   6.52055487
 14.15767438  24.08786958   6.53296842
 14.25767438  24.09602288   6.54529609
 14.35767438  24.10411936   6.55753788
 14.45767438  24.11215905   6.56969379
 14.55767438  24.12014195   6.58176383
 14.65767438  24.12806807   6.59374802
 14.75767438  24.13593742   6.60564638
 14.85767438  24.14375004   6.61745896
 14.95767438  24.15150594   6.62918579
 15.05767438  24.15920517   6.64082693
 15.15767438  24.16684776   6.65238243
 15.25767438  24.17443376   6.66385237
 15.35767438  24.18196322   6.67523681
 15.45767438  24.18943619   6.68653585
 15.55767438  24.19685273   6.69774957
 15.65767438  24.20421292   6.70887807
 15.75767438  24.21151681   6.71992146
 15.85767438  24.21876448   6.73087986
 15.95767438  24.22595602   6.74175337
 16.05767438  24.23309150   6.75254213
 16.15767438  24.24017103   6.76324628
 16.25767438  24.24719468   6.77386596
 16.35767438  24.25416257   6.78440132
 16.45767438  24.26107480   6.79485252
 16.55767438  24.26793146   6.80521971
 16.65767438  24.27473269   6.81550308
 16.75767438  24.28147859   6.82570280
 16.85767438  24.28816929   6.83581905
 16.95767438  24.29480491   6.84585202
 17.05767438  24.30138558   6.85580191
 17.15767438  24.30791145   6.86566894
 17.25767438  24.31438264   6.87545329
 17.35767438  24.32079930   6.88515521
 17.45767438  24.32716158   6.89477489
 17.55767438  24.33346964   6.90431259
 17.65767438  24.33972362   6.91376852
 17.75767438  24.34592368   6.92314293
 17.85767438  24.35207000   6.93243608
 17.95767438  24.35816273   6.94164820
 18.05767438  24.36420205   6.95077957
 18.15767438  24.37018814   6.95983044
 18.25767438  24.37612116   6.96880109
 18.35767438  24.38200131   6.97769178
 18.45767438  24.38782877   6.98650280
 18.55767438  24.39360373   6.99523444
 18.65767438  24.39932638   7.00388699
 18.75767438  24.40499692   7.01246074
 18.85767438  24.41061555   7.02095599
 18.95767438  24.41618247   7.02937305
 19.05767438  24.42169789   7.03771223
 19.15767438  24.42716201   7.04597384
 19.25767438  24.43257506   7.05415821
 19.35767438  24.43793724   7.06226566
 19.45767438  24.44324877   7.07029652
 19.55767438  24.44850989   7.07825112
 19.65767438  24.45372081   7.08612980
 19.75767438  24.45888176   7.09393290
 19.85767438  24.46399297   7.10166077
 19.95767438  24.46905469   7.10931375
 20.05767438  24.47406714   7.11689220
 20.15767438  24.47903057   7.12439648
 20.25767438  24.48394522   7.13182695
 20.35767438  24.48881134   7.13918397
 20.45767438  24.49362919   7.14646791
 20.55767438  24.49839901   7.15367914
 20.65767438  24.50312106   7.16081804
 20.75767438  24.50779561   7.16788498
 20.85767438  24.51242292   7.17488034
 20.95767438  24.51700325   7.18180451
 21.05767438  24.52153689   7.18865787
 21.15767438  24.52602411   7.19544082
 21.25767438  24.53046519   7.20215374
 21.35767438  24.53486041   7.20879702
 21.45767438  24.53921008   7.21537107
 21.55767438  24.54351449   7.22187628
 21.65767438  24.54777395   7.22831305
 21.75767438  24.55198876   7.23468179
 21.85767438  24.55615924   7.24098289
 21.95767438  24.56028573   7.24721676
 22.05767438  24.56436855   7.25338381
 22.15767438  24.56840806   7.25948444
 22.25767438  24.57240460   7.26551907
 22.35767438  24.57635856   7.27148809
 22.45767438  24.58027031   7.27739193
 22.55767438  24.58414025   7.28323098
 22.65767438  24.58796879   7.28900566
 22.75767438  24.59175637   7.29471637
 22.85767438  24.59550343   7.30036352
 22.95767438  24.59921046   7.30594753
 23.05767438  24.60287796   7.31146878
 23.15767438  24.60650645   7.31692768
 23.25767438  24.61009650   7.32232464
 23.35767438  24.61364870   7.32766005
 23.45767438  24.61716369   7.33293431
 23.55767438  24.62064214   7.33814779
 23.65767438  24.62408477   7.34330089
 23.75767438  24.62749237   7.34839398
 23.85767438  24.63086577   7.35342743
 23.95767438  24.63420587   7.35840161
 24.05767438  24.63751364   7.36331688
 24.15767438  24.64079014   7.36817358
 24.25767438  24.64403650   7.37297205
 24.35767438  24.64725396   7.37771261
 24.45767438  24.65044387   7.38239558
 24.55767438  24.65360768   7.38702126
 24.65767438  24.65674698   7.39158992
 24.75767438  24.65986350   7.39610183
 24.85767438  24.66295912   7.40055724
 24.95767438  24.66603591   7.40495637
 25.05767438  24.66909611   7.40929943
 25.15767438  24.67214217   7.41358659
 25.25767438  24.67517676   7.41781800
 25.35767438  24.67820279   7.42199378
 25.45767438  24.68122346   7.42611401
 25.55767438  24.68424224   7.43017874
 25.65767438  24.68726293   7.43418798
 25.75767438  24.69028965   7.43814170
 25.85767438  24.69332693   7.44203981
 25.95767438  24.69637969   7.44588219
 26.05767438  24.69945328   7.44966864
 26.15767438  24.70255354   7.45339893
 26.25767438  24.70568682   7.45707273
 26.35767438  24.70886003   7.46068967
 26.45767438  24.71208069   7.46424930
 26.55767438  24.71535694   7.46775107
 26.65767438  24.71869766   7.47119437
 26.75767438  24.72211244   7.47457847
 26.85767438  24.72561169   7.47790257
 26.95767438  24.72920668   7.48116573
 27.05767438  24.73290961   7.48436691
 27.15767438  24.73673367   7.48750496
 27.25767438  24.74069310   7.49057857
 27.35767438  24.74480327   7.49358632
 27.45767438  24.74908075   7.49652661
 27.55767438  24.75354338   7.49939770
 27.65767438  24.75821038   7.50219769
 27.75767438  24.76310238   7.50492447
 27.85767438  24.76824158   7.50757577
 27.95767438  24.77365177   7.51014910
 28.05767438  24.77935845   7.51264176
 28.15767438  24.78538893   7.51505084
 28.25767438  24.79177244   7.51737317
 28.35767438  24.79854019   7.51960536
 28.45767438  24.80572550   7.52174372
 28.55767438  24.81336390   7.52378433
 28.65767438  24.82149326   7.52572296
 28.75767438  24.83015384   7.52755506
 28.85767438  24.83938843   7.52927581
 28.95767438  24.84924250   7.53088002
 29.05767438  24.85976421   7.53236219
 29.15767438  24.87100462   7.53371644
 29.25767438  24.88301774   7.53493656
 29.35767438  24.89586064   7.53601591
 29.45767438  24.90959356   7.53694749
 29.55767438  24.92428005   7.53772390
 29.65767438  24.93998698   7.53833729
 29.75767438  24.95678473   7.53877941
 29.85767438  24.97474721   7.53904156
 29.95767438  24.99395198   7.53911458
 30.05767438  25.01448031   7.53898885
 30.15767438  25.03641727   7.53865431
 30.25767438  25.05985177   7.53810037
 30.35767438  25.08487662   7.53731601
 30.45767438  25.11158859   7.53628969
 30.55767438  25.14008843   7.53500938
 30.65767438  25.17048087   7.53346257
 30.75767438  25.20287468   7.53163622
 30.85767438  25.23738261   7.52951683
 30.95767438  25.27412143   7.52709039
 31.05767438  25.31321185   7.52434240
 31.15767438  25.35477847   7.52125787
 31.25767438  25.39894974   7.51782134
 31.35767438  25.44585788   7.51401689
 31.45767438  25.49563873   7.50982814
 31.55767438  25.54843168   7.50523828
 31.65767438  25.60437950   7.50023007
 31.75767438  25.66362816   7.49478587
 31.85767438  25.72632668   7.48888768
 31.95767438  25.79262692   7.48251713
 32.05767438  25.86268333   7.47565554
 32.15767438  25.93665269   7.46828392
 32.25767438  26.01469389   7.46038305
 32.35767438  26.09696756   7.45193345
 32.45767438  26.18363581   7.44291550
 32.55767438  26.27486185   7.43330942
 32.65767438  26.37080966   7.42309531
 32.75767438  26.47164356   7.41225327
 32.85767438  26.57752782   7.40076337
 32.95767438  26.68862626   7.38860575
 33.05767438  26.80510175   7.37576065
 33.15767438  26.92711577   7.36220849
 33.25767438  27.05482792   7.34792992
 33.35767438  27.18839541   7.33290587
 33.45767438  27.32797253   7.31711764
 33.55767438  27.47371016   7.30054693
 33.65767438  27.62575518   7.28317596
 33.75767438  27.78424990   7.26498749
 33.85767438  27.94933156   7.24596489
 33.95767438  28.12113171   7.22609226
 34.05767438  28.29977563   7.20535444
 34.15767438  28.48538179   7.18373713
 34.25767438  28.67806123   7.16122693
 34.35767438  28.87791702   7.13781142
 34.45767438  29.08504367   7.11347923
 34.55767438  29.29952657   7.08822014
 34.65767438  29.52144145   7.06202507
 34.75767438  29.75085387   7.03488623
 34.85767438  29.98781862   7.00679713
 34.95767438  30.23237931   6.97775268
 35.05767438  30.48456783   6.94774920
 35.15767438  30.74440394   6.91678453
 35.25767438  31.01189482   6.88485806
 35.35767438  31.28703465   6.85197074
 35.45767438  31.56980431   6.81812521
 35.55767438  31.86017101   6.78332576
 35.65767438  32.15808801   6.74757840
 35.75767438  32.46349435   6.71089090
 35.85767438  32.77631470   6.67327279
 35.95767438  33.09645913   6.63473540
 36.05767438  33.42382304   6.59529187
 36.15767438  33.75828707   6.55495714
 36.25767438  34.09971708   6.51374800
 36.35767438  34.44796418   6.47168302
 36.45767438  34.80286484   6.42878261
 36.55767438  35.16424097   6.38506893
 36.65767438  35.53190015   6.34056594
 36.75767438  35.90563583   6.29529932
 36.85767438  36.28522767   6.24929646
 36.95767438  36.67044181   6.20258640
 37.05767438  37.06103134   6.15519978
 37.15767438  37.45673670   6.10716883
 37.25767438  37.85728617   6.05852725
 37.35767438  38.26239643   6.00931017
 37.45767438  38.67177313   5.95955408
 37.55767438  39.08511154   5.90929674
 37.65767438  39.50209721   5.85857714
 37.75767438  39.92240667   5.80743532
 37.85767438  40.34570822   5.75591238
 37.95767438  40.77166267   5.70405033
 38.05767438  41.19992419   5.65189199
 38.15767438  41.63014112   5.59948089
 38.25767438  42.06195686   5.54686118
 38.35767438  42.49501075   5.49407750
 38.45767438  42.92893897   5.44117489
 38.55767438  43.36337549   5.38819864
 38.65767438  43.79795293   5.33519421
 38.75767438  44.23230357   5.28220712
 38.85767438  44.66606021   5.22928279
 38.95767438  45.09885719   5.17646648
 39.05767438  45.53033122   5.12380314
 39.15767438  45.96012236   5.07133729
 39.25767438  46.38787492   5.01911296
 39.35767438  46.81323830   4.96717352
 39.45767438  47.23586790   4.91556160
 39.55767438  47.65542592   4.86431902
 39.65767438  48.07158220   4.81348662
 39.75767438  48.48401499   4.76310421
 39.85767438  48.89241165   4.71321049
 39.95767438  49.29646944   4.66384293
 40.05767438  49.69589610   4.61503770
 40.15767438  50.09041051   4.56682960
 40.25767438  50.47974330   4.51925197
 40.35767438  50.86363731   4.47233667
 40.45767438  51.24184812   4.42611395
 40.55767438  51.61414450   4.38061245
 40.65767438  51.98030873   4.33585916
 40.75767438  52.34013700   4.29187933
 40.85767438  52.69343965   4.24869647
 40.95767438  53.04004138   4.20633231
 41.05767438  53.37978150   4.16480681
 41.15767438  53.71251396   4.12413807
 41.25767438  54.03810747   4.08434241
 41.35767438  54.35644554   4.04543432
 41.45767438  54.66742639   4.00742646
 41.55767438  54.97096292   3.97032969
 41.65767438  55.26698257   3.93415306
 41.75767438  55.55542714   3.89890388
 41.85767438  55.83625258   3.86458767
 41.95767438  56.10942874   3.83120827
 42.05767438  56.37493906   3.79876783
 42.15767438  56.63278026   3.76726686
 42.25767438  56.88296192   3.73670430
 42.35767438  57.12550613   3.70707751
 42.45767438  57.36044706   3.67838240
 42.55767438  57.58783044   3.65061342
 42.65767438  57.80771315   3.62376368
 42.75767438  58.02016268   3.59782493
 42.85767438  58.22525659   3.57278773
 42.95767438  58.42308203   3.54864143
 43.05767438  58.61373513   3.52537426
 43.15767438  58.79732044   3.50297344
 43.25767438  58.97395042   3.48142519
 43.35767438  59.14374478   3.46071485
 43.45767438  59.30682999   3.44082692
 43.55767438  59.46333862   3.42174513
 43.65767438  59.61340882   3.40345255
 43.75767438  59.75718374   3.38593161
 43.85767438  59.89481094   3.36916421
 43.95767438  60.02644187   3.35313176
 44.05767438  60.15223131   3.33781526
 44.15767438  60.27233684   3.32319537
 44.25767438  60.38691831   3.30925245
 44.35767438  60.49613737   3.29596666
 44.45767438  60.60015697   3.28331799
 44.55767438  60.69914088   3.27128631
 44.65767438  60.79325327   3.25985148
 44.75767438  60.88265827   3.24899332
 44.85767438  60.96751955   3.23869172
 44.95767438  61.04799999   3.22892670
 45.05767438  61.12426124   3.21967837
 45.15767438  61.19646347   3.21092707
 45.25767438  61.26476498   3.20265335
 45.35767438  61.32932195   3.19483801
 45.45767438  61.39028816   3.18746218
 45.55767438  61.44781472   3.18050727
 45.65767438  61.50204990   3.17395508
 45.75767438  61.55313888   3.16778777
 45.85767438  61.60122356   3.16198791
 45.95767438  61.64644247   3.15653847
 46.05767438  61.68893054   3.15142288
 46.15767438  61.72881906   3.14662502
 46.25767438  61.76623552   3.14212923
 46.35767438  61.80130358   3.13792030
 46.45767438  61.83414296   3.13398355
 46.55767438  61.86486943   3.13030475
 46.65767438  61.89359475   3.12687017
 46.75767438  61.92042669   3.12366658
 46.85767438  61.94546899   3.12068124
 46.95767438  61.96882138   3.11790191
 47.05767438  61.99057965   3.11531683
 47.15767438  62.01083560   3.11291473
 47.25767438  62.02967718   3.11068480
 47.35767438  62.04718846   3.10861674
 47.45767438  62.06344977   3.10670069
 47.55767438  62.07853770   3.10492724
 47.65767438  62.09252525   3.10328744
 47.75767438  62.10548185   3.10177278
 47.85767438  62.11747350   3.10037516
 47.95767438  62.12856283   3.09908689
 48.05767438  62.13880923   3.09790071
 48.15767438  62.14826892   3.09680971
 48.25767438  62.15699508   3.09580739
 48.35767438  62.16503795   3.09488757
 48.45767438  62.17244491   3.09404447
 48.55767438  62.17926064   3.09327261
 48.65767438  62.18552720   3.09256683
 48.75767438  62.19128410   3.09192231
 48.85767438  62.19656851   3.09133449
 48.95767438  62.20141524   3.09079912
 49.05767438  62.20585696   3.09031221
 49.15767438  62.20992423   3.08987001
 49.25767438  62.21364563   3.08946903
 49.35767438  62.21704784   3.08910603
 49.45767438  62.22015578   3.08877795
 49.55767438  62.22299266   3.08848197
 49.65767438  62.22558008   3.08821545
 49.75767438  62.22793814   3.08797594
 49.85767438  62.23008552   3.08776116
 49.95767438  62.23203953   3.08756902
 50.05767438  62.23381625   3.08739755
 50.15767438  62.23543055   3.08724496
 50.25767438  62.23689618   3.08710956
 50.35767438  62.23822588   3.08698981
 50.45767438  62.23943137   3.08688430
 50.55767438  62.24052348   3.08679172
 50.65767438  62.24151220   3.08671085
 50.75767438  62.24240669   3.08664058
 50.85767438  62.24321541   3.08657991
 50.95767438  62.24394610   3.08652790
 51.05767438  62.24460588   3.08648368
 51.15767438  62.24520127   3.08644649
 51.25767438  62.24573824   3.08641560
 51.35767438  62.24622225   3.08639037
 51.45767438  62.24665830   3.08637019
 51.55767438  62.24705094   3.08635452
 51.65767438  62.24740432   3.08634288
 51.75767438  62.24772225   3.08633481
 51.85767438  62.24800816   3.08632990
 51.95767438  62.24826520   3.08632779
 52.05767438  62.24849620   3.08632815
 52.15767438  62.24870377   3.08633067
 52.25767438  62.24889023   3.08633509
 52.35767438  62.24905773   3.08634114
 52.45767438  62.24920817   3.08634862
 52.55767438  62.24934331   3.08635733
 52.65767438  62.24946470   3.08636709
 52.75767438  62.24957378   3.08637774
 52.85767438  62.24967181   3.08638913
 52.95767438  62.24975995   3.08640114
 53.05767438  62.24983924   3.08641365
 53.15767438  62.24991061   3.08642657
 53.25767438  62.24997489   3.08643981
 53.35767438  62.25003284   3.08645327
 53.45767438  62.25008514   3.08646691
 53.55767438  62.25013238   3.08648064
 53.65767438  62.25017512   3.08649443
 53.75767438  62.25021383   3.08650822
 53.85767438  62.25024894   3.08652197
 53.95767438  62.25028085   3.08653564
 54.05767438  62.25030990   3.08654920
 54.15767438  62.25033639   3.08656263
 54.25767438  62.25036061   3.08657591
 54.35767438  62.25038279   3.08658900
 54.45767438  62.25040315   3.08660191
 54.55767438  62.25042189   3.08661461
 54.65767438  62.25043918   3.08662709
 54.75767438  62.25045517   3.08663935
 54.85767438  62.25046999   3.08665137
 54.95767438  62.25048378   3.08666315
 55.05767438  62.25049662   3.08667470
 55.15767438  62.25050863   3.08668599
 55.25767438  62.25051988   3.08669704
 55.35767438  62.25053044   3.08670784
 55.45767438  62.25054039   3.08671839
 55.55767438  62.25054978   3.08672869
 55.65767438  62.25055866   3.08673875
 55.75767438  62.25056708   3.08674856
 55.85767438  62.25057509   3.08675814
 55.95767438  62.25058270   3.08676747
 56.05767438  62.25058997   3.08677658
 56.15767438  62.25059691   3.08678545
 56.25767438  62.25060355   3.08679409
 56.35767438  62.25060991   3.08680251
 56.45767438  62.25061602   3.08681071
 56.55767438  62.25062189   3.08681869
 56.65767438  62.25062754   3.08682647
 56.75767438  62.25063298   3.08683404
 56.85767438  62.25063822   3.08684140
 56.95767438  62.25064328   3.08684857
 57.05767438  62.25064817   3.08685555
 57.15767438  62.25065289   3.08686233
 57.25767438  62.25065746   3.08686894
 57.35767438  62.25066187   3.08687536
 57.45767438  62.25066615   3.08688160
 57.55767438  62.25067029   3.08688768
 57.65767438  62.25067430   3.08689359
 57.75767438  62.25067819   3.08689933
 57.85767438  62.25068196   3.08690492
 57.95767438  62.25068562   3.08691034
 58.05767438  62.25068916   3.08691562
 58.15767438  62.25069261   3.08692075
 58.25767438  62.25069594   3.08692574
 58.35767438  62.25069918   3.08693059
 58.45767438  62.25070233   3.08693530
 58.55767438  62.25070538   3.08693988
 58.65767438  62.25070834   3.08694433
 58.75767438  62.25071122   3.08694865
 58.85767438  62.25071401   3.08695285
 58.95767438  62.25071672   3.08695694
 59.05767438  62.25071936   3.08696090
 59.15767438  62.25072191   3.08696475
 59.25767438  62.25072440   3.08696850
 59.35767438  62.25072681   3.08697213
 59.45767438  62.25072915   3.08697566
 59.55767438  62.25073142   3.08697909
 59.65767438  62.25073363   3.08698242
 59.75767438  62.25073577   3.08698566
 59.85767438  62.25073785   3.08698880
 59.95767438  62.25073987   3.08699185
 60.05767438  62.25074183   3.08699482
 60.15767438  62.25074373   3.08699769
 60.25767438  62.25074558   3.08700049
 60.35767438  62.25074738   3.08700320
 60.45767438  62.25074912   3.08700583
 60.55767438  62.25075081   3.08700839
 60.65767438  62.25075245   3.08701087
 60.75767438  62.25075405   3.08701328
 60.85767438  62.25075559   3.08701561
 60.95767438  62.25075709   3.08701788
 61.05767438  62.25075855   3.08702008
 61.15767438  62.25075996   3.08702222
 61.25767438  62.25076134   3.08702430
 61.35767438  62.25076267   3.08702631
 61.45767438  62.25076396   3.08702826
 61.55767438  62.25076521   3.08703016
 61.65767438  62.25076643   3.08703200
 61.75767438  62.25076761   3.08703378
 61.85767438  62.25076875   3.08703551
 61.95767438  62.25076986   3.08703719
 62.05767438  62.25077094   3.08703882
 62.15767438  62.25077199   3.08704040
 62.25767438  62.25077300   3.08704193
 62.35767438  62.25077398   3.08704342
 62.45767438  62.25077494   3.08704486
 62.55767438  62.25077586   3.08704626
 62.65767438  62.25077676   3.08704761
 62.75767438  62.25077763   3.08704893
 62.85767438  62.25077847   3.08705020
 62.95767438  62.25077929   3.08705144
 63.05767438  62.25078008   3.08705264
 63.15767438  62.25078085   3.08705380
 63.25767438  62.25078160   3.08705493
 63.35767438  62.25078232   3.08705602
 63.45767438  62.25078302   3.08705708
 63.55767438  62.25078370   3.08705811
 63.65767438  62.25078436   3.08705910
 63.75767438  62.25078499   3.08706007
 63.85767438  62.25078561   3.08706100
 63.95767438  62.25078621   3.08706191
 64.05767438  62.25078679   3.08706279
 64.15767438  62.25078736   3.08706364
 64.25767438  62.25078790   3.08706446
 64.35767438  62.25078843   3.08706526
 64.45767438  62.25078894   3.08706603
 64.55767438  62.25078944   3.08706678
 64.65767438  62.25078992   3.08706751
 64.75767438  62.25079038   3.08706822
 64.85767438  62.25079084   3.08706890
 64.95767438  62.25079127   3.08706956
 65.05767438  62.25079170   3.08707020
 65.15767438  62.25079211   3.08707082
 65.25767438  62.25079250   3.08707142
 65.35767438  62.25079289   3.08707200
 65.45767438  62.25079326   3.08707256
 65.55767438  62.25079362   3.08707311
 65.65767438  62.25079397   3.08707364
 65.75767438  62.25079431   3.08707415
 65.85767438  62.25079464   3.08707464
 65.95767438  62.25079495   3.08707512
 66.05767438  62.25079526   3.08707559
 66.15767438  62.25079556   3.08707604
 66.25767438  62.25079584   3.08707647
 66.35767438  62.25079612   3.08707689
 66.45767438  62.25079639   3.08707730
 66.55767438  62.25079665   3.08707769
 66.65767438  62.25079691   3.08707808
 66.75767438  62.25079715   3.08707845
 66.85767438  62.25079739   3.08707880
 66.95767438  62.25079762   3.08707915
 67.05767438  62.25079784   3.08707948
 67.15767438  62.25079805   3.08707981
 67.25767438  62.25079826   3.08708012
 67.35767438  62.25079846   3.08708043
 67.45767438  62.25079865   3.08708072
 67.55767438  62.25079884   3.08708100
 67.65767438  62.25079902   3.08708128
 67.75767438  62.25079920   3.08708154
 67.85767438  62.25079937   3.08708180
 67.95767438  62.25079953   3.08708205
 68.05767438  62.25079969   3.08708229
 68.15767438  62.25079985   3.08708252
 68.25767438  62.25080000   3.08708275
 68.35767438  62.25080014   3.08708297
 68.45767438  62.25080028   3.08708318
 68.55767438  62.25080041   3.08708338
 68.65767438  62.25080054   3.08708358
 68.75767438  62.25080067   3.08708377
 68.85767438  62.25080079   3.08708395
 68.95767438  62.25080091   3.08708413
 69.05767438  62.25080102   3.08708430
 69.15767438  62.25080113   3.08708447
 69.25767438  62.25080124   3.08708463
 69.35767438  62.25080134   3.08708478
 69.45767438  62.25080144   3.08708493
 69.55767438  62.25080154   3.08708508
 69.65767438  62.25080163   3.08708522
 69.75767438  62.25080172   3.08708535
 69.85767438  62.25080181   3.08708549
 69.95767438  62.25080189   3.08708561
 70.05767438  62.25080197   3.08708573
 70.15767438  62.25080205   3.08708585
 70.25767438  62.25080212   3.08708597
 70.35767438  62.25080220   3.08708608
 70.45767438  62.25080227   3.08708618
 70.55767438  62.25080234   3.08708629
 70.65767438  62.25080240   3.08708639
 70.75767438  62.25080247   3.08708648
 70.85767438  62.25080253   3.08708657
 70.95767438  62.25080259   3.08708666
 71.05767438  62.25080264   3.08708675
 71.15767438  62.25080270   3.08708683
 71.25767438  62.25080275   3.08708691
 71.35767438  62.25080280   3.08708699
 71.45767438  62.25080285   3.08708707
 71.55767438  62.25080290   3.08708714
 71.65767438  62.25080295   3.08708721
 71.75767438  62.25080299   3.08708728
 71.85767438  62.25080304   3.08708734
 71.95767438  62.25080308   3.08708741
 72.05767438  62.25080312   3.08708747
 72.15767438  62.25080316   3.08708753
 72.25767438  62.25080319   3.08708758
 72.35767438  62.25080323   3.08708764
 72.45767438  62.25080327   3.08708769
 72.55767438  62.25080330   3.08708774
 72.65767438  62.25080333   3.08708779
 72.75767438  62.25080336   3.08708784
 72.85767438  62.25080339   3.08708789
 72.95767438  62.25080342   3.08708793
 73.05767438  62.25080345   3.08708797
 73.15767438  62.25080348   3.08708801
 73.25767438  62.25080350   3.08708805
 73.35767438  62.25080353   3.08708809
 73.45767438  62.25080355   3.08708813
 73.55767438  62.25080358   3.08708816
 73.65767438  62.25080360   3.08708820
 73.75767438  62.25080362   3.08708823
 73.85767438  62.25080364   3.08708826
 73.95767438  62.25080366   3.08708829
 74.05767438  62.25080368   3.08708832
 74.15767438  62.25080370   3.08708835
 74.25767438  62.25080372   3.08708838
 74.35767438  62.25080374   3.08708841
 74.45767438  62.25080376   3.08708843
 74.55767438  62.25080377   3.08708846
 74.65767438  62.25080379   3.08708848
 74.75767438  62.25080380   3.08708851
 74.85767438  62.25080382   3.08708853
 74.95767438  62.25080383   3.08708855
 75.05767438  62.25080385   3.08708857
 75.15767438  62.25080386   3.08708859
 75.25767438  62.25080387   3.08708861
 75.35767438  62.25080388   3.08708863
 75.45767438  62.25080390   3.08708865
 75.55767438  62.25080391   3.08708866
 75.65767438  62.25080392   3.08708868
 75.75767438  62.25080393   3.08708869
 75.85767438  62.25080394   3.08708871
 75.95767438  62.25080395   3.08708873
 76.05767438  62.25080396   3.08708874
 76.15767438  62.25080397   3.08708875
 76.25767438  62.25080398   3.08708877
 76.35767438  62.25080398   3.08708878
 76.45767438  62.25080399   3.08708879
 76.55767438  62.25080400   3.08708880
 76.65767438  62.25080401   3.08708881
 76.75767438  62.25080402   3.08708883
 76.85767438  62.25080402   3.08708884
 76.95767438  62.25080403   3.08708885
 77.05767438  62.25080404   3.08708886
 77.15767438  62.25080404   3.08708887
 77.25767438  62.25080405   3.08708887
 77.35767438  62.25080405   3.08708888
 77.45767438  62.25080406   3.08708889
 77.55767438  62.25080406   3.08708890
 77.65767438  62.25080407   3.08708891
 77.75767438  62.25080407   3.08708892
 77.85767438  62.25080408   3.08708892
 77.95767438  62.25080408   3.08708893
 78.05767438  62.25080409   3.08708894
 78.15767438  62.25080409   3.08708894
 78.25767438  62.25080410   3.08708895
 78.35767438  62.25080410   3.08708895
 78.45767438  62.25080410   3.08708896
 78.55767438  62.25080411   3.08708897
 78.65767438  62.25080411   3.08708897
 78.75767438  62.25080412   3.08708898
 78.85767438  62.25080412   3.08708898
 78.95767438  62.25080412   3.08708899
 79.05767438  62.25080412   3.08708899
 79.15767438  62.25080413   3.08708900
 79.25767438  62.25080413   3.08708900
 79.35767438  62.25080413   3.08708900
 79.45767438  62.25080414   3.08708901
 79.55767438  62.25080414   3.08708901
 79.65767438  62.25080414   3.08708901
 79.75767438  62.25080414   3.08708902
 79.85767438  62.25080415   3.08708902
 79.95767438  62.25080415   3.08708902
 80.05767438  62.25080415   3.08708903
 80.15767438  62.25080415   3.08708903
 80.25767438  62.25080415   3.08708903
 80.35767438  62.25080415   3.08708904
 80.45767438  62.25080416   3.08708904
 80.55767438  62.25080416   3.08708904
 80.65767438  62.25080416   3.08708904
 80.75767438  62.25080416   3.08708905
 80.85767438  62.25080416   3.08708905
 80.95767438  62.25080416   3.08708905
 81.05767438  62.25080417   3.08708905
 81.15767438  62.25080417   3.08708906
 81.25767438  62.25080417   3.08708906
 81.35767438  62.25080417   3.08708906
 81.45767438  62.25080417   3.08708906
 81.55767438  62.25080417   3.08708906
 81.65767438  62.25080417   3.08708906
 81.75767438  62.25080417   3.08708907
 81.85767438  62.25080418   3.08708907
 81.95767438  62.25080418   3.08708907
 82.05767438  62.25080418   3.08708907
 82.15767438  62.25080418   3.08708907
 82.25767438  62.25080418   3.08708907
 82.35767438  62.25080418   3.08708907
 82.45767438  62.25080418   3.08708907
 82.55767438  62.25080418   3.08708908
 82.65767438  62.25080418   3.08708908
 82.75767438  62.25080418   3.08708908
 82.85767438  62.25080418   3.08708908
 82.95767438  62.25080418   3.08708908
 83.05767438  62.25080418   3.08708908
 83.15767438  62.25080418   3.08708908
 83.25767438  62.25080419   3.08708908
 83.35767438  62.25080419   3.08708908
 83.45767438  62.25080419   3.08708908
 83.55767438  62.25080419   3.08708909
 83.65767438  62.25080419   3.08708909
 83.75767438  62.25080419   3.08708909
 83.85767438  62.25080419   3.08708909
 83.95767438  62.25080419   3.08708909
 84.05767438  62.25080419   3.08708909
 84.15767438  62.25080419   3.08708909
 84.25767438  62.25080419   3.08708909
 84.35767438  62.25080419   3.08708909
 84.45767438  62.25080419   3.08708909
 84.55767438  62.25080419   3.08708909
 84.65767438  62.25080419   3.08708909
 84.75767438  62.25080419   3.08708909
 84.85767438  62.25080419   3.08708909
 84.95767438  62.25080419   3.08708909
 85.05767438  62.25080419   3.08708909
 85.15767438  62.25080419   3.08708909
 85.25767438  62.25080419   3.08708909
 85.35767438  62.25080419   3.08708909
 85.45767438  62.25080419   3.08708910
 85.55767438  62.25080419   3.08708910
 85.65767438  62.25080419   3.08708910
 85.75767438  62.25080419   3.08708910
 85.85767438  62.25080419   3.08708910
 85.95767438  62.25080419   3.08708910
 86.05767438  62.25080419   3.08708910
 86.15767438  62.25080419   3.08708910
 86.25767438  62.25080420   3.08708910
 86.35767438  62.25080420   3.08708910
 86.45767438  62.25080420   3.08708910
 86.55767438  62.25080420   3.08708910
 86.65767438  62.25080420   3.08708910
 86.75767438  62.25080420   3.08708910
 86.85767438  62.25080420   3.08708910
 86.95767438  62.25080420   3.08708910
 87.05767438  62.25080420   3.08708910
 87.15767438  62.25080420   3.08708910
 87.25767438  62.25080420   3.08708910
 87.35767438  62.25080420   3.08708910
 87.45767438  62.25080420   3.08708910
 87.55767438  62.25080420   3.08708910
 87.65767438  62.25080420   3.08708910
 87.75767438  62.25080420   3.08708910
 87.85767438  62.25080420   3.08708910
 87.95767438  62.25080420   3.08708910
 88.05767438  62.25080420   3.08708910
 88.15767438  62.25080420   3.08708910
 88.25767438  62.25080420   3.08708910
 88.35767438  62.25080420   3.08708910
 88.45767438  62.25080420   3.08708910
 88.55767438  62.25080420   3.08708910
 88.65767438  62.25080420   3.08708910
 88.75767438  62.25080420   3.08708910
 88.85767438  62.25080420   3.08708910
 88.95767438  62.25080420   3.08708910
 89.05767438  62.25080420   3.08708910
 89.15767438  62.25080420   3.08708910
 89.25767438  62.25080420   3.08708910
 89.35767438  62.25080420   3.08708910
 89.45767438  62.25080420   3.08708910
 89.55767438  62.25080420   3.08708910
 89.65767438  62.25080420   3.08708910
 89.75767438  62.25080420   3.08708910
 89.85767438  62.25080420   3.08708910
 89.95767438  62.25080420   3.08708910
 90.05767438  62.25080420   3.08708910
 90.15767438  62.25080420   3.08708910
 90.25767438  62.25080420   3.08708910
 90.35767438  62.25080420   3.08708910
 90.45767438  62.25080420   3.08708910
 90.55767438  62.25080420   3.08708910
 90.65767438  62.25080420   3.08708910
 90.75767438  62.25080420   3.08708910
 90.85767438  62.25080420   3.08708910
 90.95767438  62.25080420   3.08708910
 91.05767438  62.25080420   3.08708910
 91.15767438  62.25080420   3.08708910
 91.25767438  62.25080420   3.08708910
 91.35767438  62.25080420   3.08708910
 91.45767438  62.25080420   3.08708910
 91.55767438  62.25080420   3.08708910
 91.65767438  62.25080420   3.08708910
 91.75767438  62.25080420   3.08708910
 91.85767438  62.25080420   3.08708910
 91.95767438  62.25080420   3.08708910
 92.05767438  62.25080420   3.08708910
 92.15767438  62.25080420   3.08708910
 92.25767438  62.25080420   3.08708910
 92.35767438  62.25080420   3.08708910
 92.45767438  62.25080420   3.08708910
 92.55767438  62.25080420   3.08708910
 92.65767438  62.25080420   3.08708910
 92.75767438  62.25080420   3.08708910
 92.85767438  62.25080420   3.08708910
 92.95767438  62.25080420   3.08708910
 93.05767438  62.25080420   3.08708910
 93.15767438  62.25080420   3.08708910
 93.25767438  62.25080420   3.08708910
 93.35767438  62.25080420   3.08708910
 93.45767438  62.25080420   3.08708910
 93.55767438  62.25080420   3.08708910
 93.65767438  62.25080420   3.08708910
 93.75767438  62.25080420   3.08708910
 93.85767438  62.25080420   3.08708910
 93.95767438  62.25080420   3.08708910
 94.05767438  62.25080420   3.08708910
 94.15767438  62.25080420   3.08708910
 94.25767438  62.25080420   3.08708910
 94.35767438  62.25080420   3.08708910
 94.45767438  62.25080420   3.08708910
 94.55767438  62.25080420   3.08708910
 94.65767438  62.25080420   3.08708910
 94.75767438  62.25080420   3.08708910
 94.85767438  62.25080420   3.08708910
 94.95767438  62.25080420   3.08708910
 95.05767438  62.25080420   3.08708910
 95.15767438  62.25080420   3.08708910
 95.25767438  62.25080420   3.08708910
 95.35767438  62.25080420   3.08708910
 95.45767438  62.25080420   3.08708910
 95.55767438  62.25080420   3.08708910
 95.65767438  62.25080420   3.08708910
 95.75767438  62.25080420   3.08708910
 95.85767438  62.25080420   3.08708910
 95.95767438  62.25080420   3.08708910
 96.05767438  62.25080420   3.08708910
 96.15767438  62.25080420   3.08708910
 96.25767438  62.25080420   3.08708910
 96.35767438  62.25080420   3.08708910
 96.45767438  62.25080420   3.08708910
 96.55767438  62.25080420   3.08708910
 96.65767438  62.25080420   3.08708910
 96.75767438  62.25080420   3.08708910
 96.85767438  62.25080420   3.08708910
 96.95767438  62.25080420   3.08708910
 97.05767438  62.25080420   3.08708910
 97.15767438  62.25080420   3.08708910
 97.25767438  62.25080420   3.08708910
 97.35767438  62.25080420   3.08708910
 97.45767438  62.25080420   3.08708910
 97.55767438  62.25080420   3.08708910
 97.65767438  62.25080420   3.08708910
 97.75767438  62.25080420   3.08708910
 97.85767438  62.25080420   3.08708910
 97.95767438  62.25080420   3.08708910
 98.05767438  62.25080420   3.08708910
 98.15767438  62.25080420   3.08708910
 98.25767438  62.25080420   3.08708910
 98.35767438  62.25080420   3.08708910
 98.45767438  62.25080420   3.08708910
 98.55767438  62.25080420   3.08708910
 98.65767438  62.25080420   3.08708910
 98.75767438  62.25080420   3.08708910
 98.85767438  62.25080420   3.08708910
 98.95767438  62.25080420   3.08708910
 99.05767438  62.25080420   3.08708910
 99.15767438  62.25080420   3.08708910
 99.25767438  62.25080420   3.08708910
 99.35767438  62.25080420   3.08708910
 99.45767438  62.25080420   3.08708910
 99.55767438  62.25080420   3.08708910
 99.65767438  62.25080420   3.08708910
 99.75767438  62.25080420   3.08708910
 99.85767438  62.25080420   3.08708910
 99.95767438  62.25080420   3.08708910
100.05767438  62.25080420   3.08708910
100.15767438  62.25080420   3.08708910
100.25767438  62.25080420   3.08708910
100.35767438  62.25080420   3.08708910
100.45767438  62.25080420   3.08708910
100.55767438  62.25080420   3.08708910
100.65767438  62.25080420   3.08708910
100.75767438  62.25080420   3.08708910
100.85767438  62.25080420   3.08708910
100.95767438  62.25080420   3.08708910
101.05767438  62.25080420   3.08708910
101.15767438  62.25080420   3.08708910
101.25767438  62.25080420   3.08708910
101.35767438  62.25080420   3.08708910
101.45767438  62.25080420   3.08708910
101.55767438  62.25080420   3.08708910
101.65767438  62.25080420   3.08708910
101.75767438  62.25080420   3.08708910
101.85767438  62.25080420   3.08708910
101.95767438  62.25080420   3.08708910
102.05767438  62.25080420   3.08708910
102.15767438  62.25080420   3.08708910
102.25767438  62.25080420   3.08708910
102.35767438  62.25080420   3.08708910
102.45767438  62.25080420   3.08708910
102.55767438  62.25080420   3.08708910
102.65767438  62.25080420   3.08708910
102.75767438  62.25080420   3.08708910
102.85767438  62.25080420   3.08708910
102.95767438  62.25080420   3.08708910
103.05767438  62.25080420   3.08708910
103.15767438  62.25080420   3.08708910
103.25767438  62.25080420   3.08708910
103.35767438  62.25080420   3.08708910
103.45767438  62.25080420   3.08708910
103.55767438  62.25080420   3.08708910
103.65767438  62.25080420   3.08708910
103.75767438  62.25080420   3.08708910
103.85767438  62.25080420   3.08708910
103.95767438  62.25080420   3.08708910
104.05767438  62.25080420   3.08708910
104.15767438  62.25080420   3.08708910
104.25767438  62.25080420   3.08708910
104.35767438  62.25080420   3.08708910
104.45767438  62.25080420   3.08708910
104.55767438  62.25080420   3.08708910
104.65767438  62.25080421   3.08708910
104.75767438  62.25080421   3.08708910
104.85767438  62.25080421   3.08708910
104.95767438  62.25080421   3.08708910
105.05767438  62.25080421   3.08708910
105.15767438  62.25080421   3.08708910
105.25767438  62.25080421   3.08708910
105.35767438  62.25080421   3.08708910
105.45767438  62.25080421   3.08708910
105.55767438  62.25080422   3.08708910
105.65767438  62.25080422   3.08708911
105.75767438  62.25080422   3.08708911
105.85767438  62.25080422   3.08708911
105.95767438  62.25080422   3.08708911
106.05767438  62.25080423   3.08708911
106.15767438  62.25080423   3.08708911
106.25767438  62.25080423   3.08708911
106.35767438  62.25080423   3.08708911
106.45767438  62.25080424   3.08708911
106.55767438  62.25080424   3.08708911
106.65767438  62.25080425   3.08708911
106.75767438  62.25080425   3.08708911
106.85767438  62.25080426   3.08708911
106.95767438  62.25080426   3.08708911
107.05767438  62.25080427   3.08708911
107.15767438  62.25080427   3.08708911
107.25767438  62.25080428   3.08708911
107.35767438  62.25080429   3.08708911
107.45767438  62.25080430   3.08708911
107.55767438  62.25080431   3.08708912
107.65767438  62.25080432   3.08708912
107.75767438  62.25080433   3.08708912
107.85767438  62.25080434   3.08708912
107.95767438  62.25080436   3.08708912
108.05767438  62.25080437   3.08708912
108.15767438  62.25080439   3.08708912
108.25767438  62.25080440   3.08708913
108.35767438  62.25080442   3.08708913
108.45767438  62.25080445   3.08708913
108.55767438  62.25080447   3.08708913
108.65767438  62.25080449   3.08708914
108.75767438  62.25080452   3.08708914
108.85767438  62.25080455   3.08708914
108.95767438  62.25080459   3.08708915
109.05767438  62.25080462   3.08708915
109.15767438  62.25080466   3.08708916
109.25767438  62.25080470   3.08708916
109.35767438  62.25080475   3.08708917
109.45767438  62.25080480   3.08708917
109.55767438  62.25080486   3.08708918
109.65767438  62.25080492   3.08708919
109.75767438  62.25080499   3.08708920
109.85767438  62.25080506   3.08708920
109.95767438  62.25080514   3.08708921
110.05767438  62.25080522   3.08708922
110.15767438  62.25080531   3.08708923
110.25767438  62.25080541   3.08708925
110.35767438  62.25080552   3.08708926
110.45767438  62.25080564   3.08708927
110.55767438  62.25080577   3.08708929
110.65767438  62.25080591   3.08708930
110.75767438  62.25080607   3.08708932
110.85767438  62.25080623   3.08708934
110.95767438  62.25080641   3.08708936
111.05767438  62.25080661   3.08708939
111.15767438  62.25080682   3.08708941
111.25767438  62.25080705   3.08708944
111.35767438  62.25080730   3.08708947
111.45767438  62.25080758   3.08708950
111.55767438  62.25080787   3.08708953
111.65767438  62.25080819   3.08708957
111.75767438  62.25080854   3.08708961
111.85767438  62.25080891   3.08708966
111.95767438  62.25080932   3.08708970
112.05767438  62.25080976   3.08708976
112.15767438  62.25081024   3.08708981
112.25767438  62.25081075   3.08708987
112.35767438  62.25081131   3.08708994
112.45767438  62.25081192   3.08709001
112.55767438  62.25081258   3.08709009
112.65767438  62.25081328   3.08709017
112.75767438  62.25081405   3.08709026
112.85767438  62.25081488   3.08709036
112.95767438  62.25081577   3.08709046
113.05767438  62.25081674   3.08709057
113.15767438  62.25081779   3.08709070
113.25767438  62.25081892   3.08709083
113.35767438  62.25082014   3.08709097
113.45767438  62.25082146   3.08709113
113.55767438  62.25082288   3.08709129
113.65767438  62.25082442   3.08709147
113.75767438  62.25082607   3.08709167
113.85767438  62.25082786   3.08709188
113.95767438  62.25082979   3.08709210
114.05767438  62.25083186   3.08709235
114.15767438  62.25083410   3.08709261
114.25767438  62.25083652   3.08709289
114.35767438  62.25083912   3.08709320
114.45767438  62.25084192   3.08709353
114.55767438  62.25084494   3.08709388
114.65767438  62.25084819   3.08709426
114.75767438  62.25085168   3.08709467
114.85767438  62.25085545   3.08709512
114.95767438  62.25085950   3.08709559
115.05767438  62.25086386   3.08709610
115.15767438  62.25086854   3.08709665
115.25767438  62.25087358   3.08709724
115.35767438  62.25087900   3.08709788
115.45767438  62.25088482   3.08709856
115.55767438  62.25089107   3.08709929
115.65767438  62.25089779   3.08710008
115.75767438  62.25090501   3.08710093
115.85767438  62.25091276   3.08710184
115.95767438  62.25092107   3.08710281
116.05767438  62.25093000   3.08710386
116.15767438  62.25093958   3.08710498
116.25767438  62.25094986   3.08710619
116.35767438  62.25096088   3.08710748
116.45767438  62.25097269   3.08710887
116.55767438  62.25098536   3.08711035
116.65767438  62.25099894   3.08711195
116.75767438  62.25101348   3.08711365
116.85767438  62.25102907   3.08711548
116.95767438  62.25104576   3.08711744
117.05767438  62.25106363   3.08711954
117.15767438  62.25108276   3.08712178
117.25767438  62.25110324   3.08712418
117.35767438  62.25112515   3.08712675
117.45767438  62.25114858   3.08712950
117.55767438  62.25117365   3.08713244
117.65767438  62.25120045   3.08713559
117.75767438  62.25122911   3.08713895
117.85767438  62.25125973   3.08714254
117.95767438  62.25129245   3.08714638
118.05767438  62.25132741   3.08715048
118.15767438  62.25136474   3.08715486
118.25767438  62.25140461   3.08715954
118.35767438  62.25144717   3.08716453
118.45767438  62.25149259   3.08716986
118.55767438  62.25154105   3.08717554
118.65767438  62.25159276   3.08718161
118.75767438  62.25164790   3.08718808
118.85767438  62.25170670   3.08719497
118.95767438  62.25176939   3.08720233
119.05767438  62.25183619   3.08721017
119.15767438  62.25190738   3.08721852
119.25767438  62.25198322   3.08722741
119.35767438  62.25206399   3.08723689
119.45767438  62.25215000   3.08724698
119.55767438  62.25224156   3.08725772
119.65767438  62.25233901   3.08726915
119.75767438  62.25244270   3.08728131
119.85767438  62.25255302   3.08729426
119.95767438  62.25267034   3.08730802
120.05767438  62.25279510   3.08732265
120.15767438  62.25292773   3.08733821
120.25767438  62.25306869   3.08735475
120.35767438  62.25321848   3.08737232
120.45767438  62.25337761   3.08739099
120.55767438  62.25354661   3.08741081
120.65767438  62.25372608   3.08743187
120.75767438  62.25391660   3.08745422
120.85767438  62.25411881   3.08747794
120.95767438  62.25433338   3.08750311
121.05767438  62.25456101   3.08752981
121.15767438  62.25480244   3.08755813
121.25767438  62.25505845   3.08758817
121.35767438  62.25532986   3.08762000
121.45767438  62.25561751   3.08765375
121.55767438  62.25592233   3.08768951
121.65767438  62.25624525   3.08772739
121.75767438  62.25658728   3.08776751
121.85767438  62.25694945   3.08781000
121.95767438  62.25733286   3.08785497
122.05767438  62.25773868   3.08790258
122.15767438  62.25816810   3.08795296
122.25767438  62.25862239   3.08800625
122.35767438  62.25910289   3.08806262
122.45767438  62.25961098   3.08812222
122.55767438  62.26014814   3.08818523
122.65767438  62.26071588   3.08825183
122.75767438  62.26131581   3.08832221
122.85767438  62.26194961   3.08839656
122.95767438  62.26261904   3.08847509
123.05767438  62.26332593   3.08855802
123.15767438  62.26407220   3.08864556
123.25767438  62.26485988   3.08873796
123.35767438  62.26569106   3.08883547
123.45767438  62.26656795   3.08893834
123.55767438  62.26749283   3.08904683
123.65767438  62.26846812   3.08916124
123.75767438  62.26949632   3.08928186
123.85767438  62.27058006   3.08940899
123.95767438  62.27172205   3.08954296
124.05767438  62.27292517   3.08968410
124.15767438  62.27419238   3.08983275
124.25767438  62.27552679   3.08998929
124.35767438  62.27693164   3.09015409
124.45767438  62.27841030   3.09032755
124.55767438  62.27996630   3.09051008
124.65767438  62.28160329   3.09070212
124.75767438  62.28332510   3.09090410
124.85767438  62.28513569   3.09111650
124.95767438  62.28703921   3.09133980
125.05767438  62.28903996   3.09157451
125.15767438  62.29114242   3.09182115
125.25767438  62.29335124   3.09208026
125.35767438  62.29567128   3.09235242
125.45767438  62.29810756   3.09263822
125.55767438  62.30066531   3.09293827
125.65767438  62.30334998   3.09325320
125.75767438  62.30616720   3.09358369
125.85767438  62.30912283   3.09393041
125.95767438  62.31222296   3.09429409
126.05767438  62.31547390   3.09467545
126.15767438  62.31888218   3.09507527
126.25767438  62.32245460   3.09549435
126.35767438  62.32619820   3.09593351
126.45767438  62.33012027   3.09639360
126.55767438  62.33422835   3.09687552
126.65767438  62.33853029   3.09738018
126.75767438  62.34303418   3.09790852
126.85767438  62.34774840   3.09846155
126.95767438  62.35268164   3.09904026
127.05767438  62.35784288   3.09964572
127.15767438  62.36324140   3.10027902
127.25767438  62.36888680   3.10094127
127.35767438  62.37478900   3.10163366
127.45767438  62.38095825   3.10235737
127.55767438  62.38740515   3.10311365
127.65767438  62.39414062   3.10390378
127.75767438  62.40117594   3.10472909
127.85767438  62.40852278   3.10559094
127.95767438  62.41619313   3.10649074
128.05767438  62.42419939   3.10742995
128.15767438  62.43255434   3.10841006
128.25767438  62.44127113   3.10943262
128.35767438  62.45036332   3.11049922
128.45767438  62.45984490   3.11161149
128.55767438  62.46973024   3.11277113
128.65767438  62.48003415   3.11397988
128.75767438  62.49077185   3.11523951
128.85767438  62.50195902   3.11655186
128.95767438  62.51361177   3.11791884
129.05767438  62.52574666   3.11934237
129.15767438  62.53838071   3.12082446
129.25767438  62.55153141   3.12236716
129.35767438  62.56521670   3.12397257
129.45767438  62.57945502   3.12564286
129.55767438  62.59426528   3.12738023
129.65767438  62.60966689   3.12918698
129.75767438  62.62567974   3.13106544
129.85767438  62.64232422   3.13301799
129.95767438  62.65962126   3.13504709
130.05767438  62.67759225   3.13715525
130.15767438  62.69625914   3.13934505
130.25767438  62.71564438   3.14161911
130.35767438  62.73577093   3.14398014
130.45767438  62.75666231   3.14643089
130.55767438  62.77834255   3.14897418
130.65767438  62.80083622   3.15161290
130.75767438  62.82416843   3.15434998
130.85767438  62.84836484   3.15718844
130.95767438  62.87345163   3.16013135
131.05767438  62.89945553   3.16318185
131.15767438  62.92640383   3.16634313
131.25767438  62.95432435   3.16961846
131.35767438  62.98324546   3.17301117
131.45767438  63.01319606   3.17652465
131.55767438  63.04420562   3.18016236
131.65767438  63.07630414   3.18392781
131.75767438  63.10952214   3.18782458
131.85767438  63.14389071   3.19185633
131.95767438  63.17944145   3.19602676
132.05767438  63.21620650   3.20033964
132.15767438  63.25421852   3.20479880
132.25767438  63.29351070   3.20940813
132.35767438  63.33411673   3.21417159
132.45767438  63.37607082   3.21909319
132.55767438  63.41940766   3.22417700
132.65767438  63.46416246   3.22942714
132.75767438  63.51037090   3.23484782
132.85767438  63.55806912   3.24044326
132.95767438  63.60729374   3.24621775
133.05767438  63.65808184   3.25217566
133.15767438  63.71047092   3.25832138
133.25767438  63.76449893   3.26465936
133.35767438  63.82020421   3.27119410
133.45767438  63.87762552   3.27793015
133.55767438  63.93680200   3.28487209
133.65767438  63.99777316   3.29202457
133.75767438  64.06057888   3.29939225
133.85767438  64.12525933   3.30697986
133.95767438  64.19185506   3.31479215
134.05767438  64.26040686   3.32283391
134.15767438  64.33095584   3.33110995
134.25767438  64.40354335   3.33962513
134.35767438  64.47821098   3.34838433
134.45767438  64.55500053   3.35739244
134.55767438  64.63395400   3.36665441
134.65767438  64.71511353   3.37617517
134.75767438  64.79852143   3.38595968
134.85767438  64.88422012   3.39601292
134.95767438  64.97225209   3.40633988
135.05767438  65.06265992   3.41694554
135.15767438  65.15548618   3.42783491
135.25767438  65.25077349   3.43901299
135.35767438  65.34856441   3.45048476
135.45767438  65.44890145   3.46225521
135.55767438  65.55182705   3.47432933
135.65767438  65.65738349   3.48671207
135.75767438  65.76561294   3.49940837
135.85767438  65.87655735   3.51242317
135.95767438  65.99025846   3.52576135
136.05767438  66.10675776   3.53942778
136.15767438  66.22609642   3.55342730
136.25767438  66.34831533   3.56776470
136.35767438  66.47345495   3.58244473
136.45767438  66.60155541   3.59747208
136.55767438  66.73265633   3.61285142
136.65767438  66.86679690   3.62858734
136.75767438  67.00401577   3.64468437
136.85767438  67.14435105   3.66114698
136.95767438  67.28784023   3.67797958
137.05767438  67.43452018   3.69518648
137.15767438  67.58442709   3.71277194
137.25767438  67.73759644   3.73074010
137.35767438  67.89406294   3.74909506
137.45767438  68.05386052   3.76784078
137.55767438  68.21702225   3.78698114
137.65767438  68.38358033   3.80651993
137.75767438  68.55356604   3.82646081
137.85767438  68.72700971   3.84680735
137.95767438  68.90394064   3.86756296
138.05767438  69.08438711   3.88873099
138.15767438  69.26837630   3.91031461
138.25767438  69.45593427   3.93231687
138.35767438  69.64708592   3.95474072
138.45767438  69.84185494   3.97758891
138.55767438  70.04026378   4.00086408
138.65767438  70.24233359   4.02456872
138.75767438  70.44808422   4.04870516
138.85767438  70.65753415   4.07327555
138.95767438  70.87070045   4.09828191
139.05767438  71.08759877   4.12372607
139.15767438  71.30824327   4.14960969
139.25767438  71.53264664   4.17593426
139.35767438  71.76081998   4.20270109
139.45767438  71.99277285   4.22991128
139.55767438  72.22851319   4.25756579
139.65767438  72.46804729   4.28566533
139.75767438  72.71137977   4.31421046
139.85767438  72.95851357   4.34320152
139.95767438  73.20944988   4.37263865
140.05767438  73.46418812   4.40252178
140.15767438  73.72272596   4.43285063
140.25767438  73.98505923   4.46362473
140.35767438  74.25118193   4.49484336
140.45767438  74.52108622   4.52650561
140.55767438  74.79476238   4.55861033
140.65767438  75.07219876   4.59115616
140.75767438  75.35338184   4.62414151
140.85767438  75.63829615   4.65756457
140.95767438  75.92692426   4.69142329
141.05767438  76.21924679   4.72571540
141.15767438  76.51524240   4.76043840
141.25767438  76.81488775   4.79558954
141.35767438  77.11815752   4.83116587
141.45767438  77.42502439   4.86716416
141.55767438  77.73545904   4.90358099
141.65767438  78.04943013   4.94041267
141.75767438  78.36690433   4.97765531
141.85767438  78.68784632   5.01530474
141.95767438  79.01221874   5.05335660
142.05767438  79.33998225   5.09180626
142.15767438  79.67109553   5.13064888
142.25767438  80.00551526   5.16987938
142.35767438  80.34319615   5.20949245
142.45767438  80.68409096   5.24948253
142.55767438  81.02815048   5.28984386
142.65767438  81.37532359   5.33057045
142.75767438  81.72555725   5.37165607
142.85767438  82.07879652   5.41309427
142.95767438  82.43498460   5.45487840
143.05767438  82.79406285   5.49700156
143.15767438  83.15597078   5.53945668
143.25767438  83.52064613   5.58223644
143.35767438  83.88802487   5.62533333
143.45767438  84.25804124   5.66873964
143.55767438  84.63062777   5.71244746
143.65767438  85.00571533   5.75644866
143.75767438  85.38323317   5.80073497
143.85767438  85.76310895   5.84529788
143.95767438  86.14526877   5.89012872
144.05767438  86.52963724   5.93521867
144.15767438  86.91613748   5.98055869
144.25767438  87.30469123   6.02613960
144.35767438  87.69521882   6.07195207
144.45767438  88.08763930   6.11798658
144.55767438  88.48187040   6.16423350
144.65767438  88.87782868   6.21068304
144.75767438  89.27542948   6.25732525
144.85767438  89.67458708   6.30415010
144.95767438  90.07521465   6.35114738
145.05767438  90.47722439   6.39830681
145.15767438  90.88052754   6.44561796
145.25767438  91.28503446   6.49307033
145.35767438  91.69065469   6.54065330
145.45767438  92.09729699   6.58835617
145.55767438  92.50486942   6.63616815
145.65767438  92.91327940   6.68407838
145.75767438  93.32243378   6.73207594
145.85767438  93.73223888   6.78014983
145.95767438  94.14260058   6.82828902
146.05767438  94.55342435   6.87648241
146.15767438  94.96461538   6.92471889
146.25767438  95.37607857   6.97298729
146.35767438  95.78771865   7.02127644
146.45767438  96.19944022   7.06957515
146.55767438  96.61114782   7.11787223
146.65767438  97.02274600   7.16615646
146.75767438  97.43413940   7.21441668
146.85767438  97.84523279   7.26264170
146.95767438  98.25593114   7.31082038
147.05767438  98.66613972   7.35894160
147.15767438  99.07576412   7.40699430
147.25767438  99.48471033   7.45496744
147.35767438  99.89288484   7.50285005
147.45767438 100.30019463   7.55063122
147.55767438 100.70654732   7.59830011
147.65767438 101.11185116   7.64584596
147.75767438 101.51601514   7.69325810
147.85767438 101.91894903   7.74052594
147.95767438 102.32056344   7.78763899
148.05767438 102.72076988   7.83458687
148.15767438 103.11948084   7.88135932
148.25767438 103.51660981   7.92794619
148.35767438 103.91207135   7.97433745
148.45767438 104.30578119   8.02052322
148.55767438 104.69765619   8.06649375
148.65767438 105.08761448   8.11223943
148.75767438 105.47557548   8.15775081
148.85767438 105.86145992   8.20301859
148.95767438 106.24518995   8.24803364
149.05767438 106.62668911   8.29278698
149.15767438 107.00588244   8.33726984
149.25767438 107.38269651   8.38147358
149.35767438 107.75705943   8.42538978
149.45767438 108.12890091   8.46901019
149.55767438 108.49815232   8.51232676
149.65767438 108.86474667   8.55533164
149.75767438 109.22861872   8.59801717
149.85767438 109.58970494   8.64037589
149.95767438 109.94794360   8.68240057
150.05767438 110.30327473   8.72408416
150.15767438 110.65564025   8.76541987
150.25767438 111.00498387   8.80640107
150.35767438 111.35125123   8.84702141
150.45767438 111.69438984   8.88727471
150.55767438 112.03434914   8.92715505
150.65767438 112.37108050   8.96665672
150.75767438 112.70453723   9.00577426
150.85767438 113.03467464   9.04450240
150.95767438 113.36144998   9.08283614
151.05767438 113.68482251   9.12077070
151.15767438 114.00475346   9.15830153
151.25767438 114.32120609   9.19542432
151.35767438 114.63414565   9.23213500
151.45767438 114.94353938   9.26842972
151.55767438 115.24935654   9.30430488
151.65767438 115.55156841   9.33975710
151.75767438 115.85014824   9.37478325
151.85767438 116.14507129   9.40938042
151.95767438 116.43631482   9.44354596
152.05767438 116.72385805   9.47727741
152.15767438 117.00768217   9.51057258
152.25767438 117.28777034   9.54342949
152.35767438 117.56410766   9.57584639
152.45767438 117.83668114   9.60782176
152.55767438 118.10547971   9.63935429
152.65767438 118.37049421   9.67044292
152.75767438 118.63171733   9.70108679
152.85767438 118.88914361   9.73128525
152.95767438 119.14276943   9.76103788
153.05767438 119.39259296   9.79034447
153.15767438 119.63861415   9.81920501
153.25767438 119.88083470   9.84761970
153.35767438 120.11925805   9.87558894
153.45767438 120.35388930   9.90311334
153.55767438 120.58473525   9.93019368
153.65767438 120.81180429   9.95683096
153.75767438 121.03510645   9.98302635
153.85767438 121.25465330  10.00878120
153.95767438 121.47045796  10.03409707
154.05767438 121.68253502  10.05897565
154.15767438 121.89090056  10.08341883
154.25767438 122.09557207  10.10742868
154.35767438 122.29656843  10.13100739
154.45767438 122.49390987  10.15415735
154.55767438 122.68761793  10.17688108
154.65767438 122.87771543  10.19918125
154.75767438 123.06422641  10.22106070
154.85767438 123.24717612  10.24252237
154.95767438 123.42659094  10.26356938
155.05767438 123.60249839  10.28420493
155.15767438 123.77492705  10.30443239
155.25767438 123.94390653  10.32425523
155.35767438 124.10946743  10.34367703
155.45767438 124.27164130  10.36270151
155.55767438 124.43046062  10.38133247
155.65767438 124.58595870  10.39957381
155.75767438 124.73816971  10.41742955
155.85767438 124.88712858  10.43490379
155.95767438 125.03287101  10.45200071
156.05767438 125.17543339  10.46872457
156.15767438 125.31485278  10.48507974
156.25767438 125.45116686  10.50107062
156.35767438 125.58441388  10.51670170
156.45767438 125.71463268  10.53197755
156.55767438 125.84186255  10.54690277
156.65767438 125.96614330  10.56148203
156.75767438 126.08751512  10.57572004
156.85767438 126.20601863  10.58962157
156.95767438 126.32169479  10.60319142
157.05767438 126.43458488  10.61643445
157.15767438 126.54473045  10.62935551
157.25767438 126.65217332  10.64195951
157.35767438 126.75695551  10.65425140
157.45767438 126.85911920  10.66623610
157.55767438 126.95870675  10.67791860
157.65767438 127.05576061  10.68930387
157.75767438 127.15032330  10.70039689
157.85767438 127.24243742  10.71120268
157.95767438 127.33214556  10.72172621
158.05767438 127.41949032  10.73197249
158.15767438 127.50451423  10.74194651
158.25767438 127.58725977  10.75165325
158.35767438 127.66776934  10.76109767
158.45767438 127.74608519  10.77028475
158.55767438 127.82224942  10.77921941
158.65767438 127.89630399  10.78790658
158.75767438 127.96829064  10.79635116
158.85767438 128.03825087  10.80455800
158.95767438 128.10622599  10.81253195
159.05767438 128.17225699  10.82027783
159.15767438 128.23638461  10.82780040
159.25767438 128.29864928  10.83510442
159.35767438 128.35909110  10.84219458
159.45767438 128.41774984  10.84907554
159.55767438 128.47466489  10.85575193
159.65767438 128.52987529  10.86222831
159.75767438 128.58341967  10.86850923
159.85767438 128.63533627  10.87459916
159.95767438 128.68566290  10.88050254
160.05767438 128.73443694  10.88622374
160.15767438 128.78169533  10.89176710
160.25767438 128.82747456  10.89713688
160.35767438 128.87181063  10.90233733
160.45767438 128.91473909  10.90737258
160.55767438 128.95629498  10.91224676
160.65767438 128.99651287  10.91696390
160.75767438 129.03542680  10.92152801
160.85767438 129.07307033  10.92594300
160.95767438 129.10947648  10.93021274
161.05767438 129.14467776  10.93434104
161.15767438 129.17870615  10.93833164
161.25767438 129.21159311  10.94218821
161.35767438 129.24336954  10.94591438
161.45767438 129.27406582  10.94951370
161.55767438 129.30371180  10.95298965
161.65767438 129.33233677  10.95634565
161.75767438 129.35996947  10.95958507
161.85767438 129.38663811  10.96271119
161.95767438 129.41237036  10.96572724
162.05767438 129.43719333  10.96863639
162.15767438 129.46113359  10.97144172
162.25767438 129.48421716  10.97414627
162.35767438 129.50646954  10.97675301
162.45767438 129.52791567  10.97926482
162.55767438 129.54857996  10.98168455
162.65767438 129.56848629  10.98401497
162.75767438 129.58765799  10.98625878
162.85767438 129.60611789  10.98841862
162.95767438 129.62388827  10.99049706
163.05767438 129.64099091  10.99249661
163.15767438 129.65744707  10.99441973
163.25767438 129.67327748  10.99626879
163.35767438 129.68850240  10.99804612
163.45767438 129.70314156  10.99975397
163.55767438 129.71721421  11.00139453
163.65767438 129.73073911  11.00296995
163.75767438 129.74373455  11.00448229
163.85767438 129.75621830  11.00593355
163.95767438 129.76820772  11.00732570
164.05767438 129.77971967  11.00866061
164.15767438 129.79077055  11.00994011
164.25767438 129.80137633  11.01116597
164.35767438 129.81155254  11.01233990
164.45767438 129.82131425  11.01346354
164.55767438 129.83067612  11.01453849
164.65767438 129.83965239  11.01556627
164.75767438 129.84825687  11.01654835
164.85767438 129.85650299  11.01748616
164.95767438 129.86440376  11.01838103
165.05767438 129.87197181  11.01923428
165.15767438 129.87921937  11.02004713
165.25767438 129.88615832  11.02082077
165.35767438 129.89280016  11.02155632
165.45767438 129.89915602  11.02225484
165.55767438 129.90523668  11.02291735
165.65767438 129.91105258  11.02354479
165.75767438 129.91661383  11.02413804
165.85767438 129.92193019  11.02469795
165.95767438 129.92701110  11.02522528
166.05767438 129.93186569  11.02572075
166.15767438 129.93650279  11.02618500
166.25767438 129.94093091  11.02661864
166.35767438 129.94515828  11.02702219
166.45767438 129.94919283  11.02739612
166.55767438 129.95304221  11.02774084
166.65767438 129.95671381  11.02805669
166.75767438 129.96021475  11.02834396
166.85767438 129.96355187  11.02860286
166.95767438 129.96673177  11.02883353
167.05767438 129.96976082  11.02903606
167.15767438 129.97264512  11.02921045
167.25767438 129.97539055  11.02935665
167.35767438 129.97800277  11.02947453
167.45767438 129.98048719  11.02956388
167.55767438 129.98284902  11.02962441
167.65767438 129.98509328  11.02965578
167.75767438 129.98722474  11.02965754
167.85767438 129.98924800  11.02962917
167.95767438 129.99116747  11.02957008
168.05767438 129.99298735  11.02947956
168.15767438 129.99471166  11.02935685
168.25767438 129.99634426  11.02920108
168.35767438 129.99788881  11.02901127
168.45767438 129.99934882  11.02878638
168.55767438 130.00072761  11.02852524
168.65767438 130.00202837  11.02822658
168.75767438 130.00325411  11.02788905
168.85767438 130.00440769  11.02751115
168.95767438 130.00549183  11.02709130
169.05767438 130.00650911  11.02662778
169.15767438 130.00746194  11.02611876
169.25767438 130.00835261  11.02556230
169.35767438 130.00918330  11.02495629
169.45767438 130.00995601  11.02429853
169.55767438 130.01067264  11.02358665
169.65767438 130.01133497  11.02281816
169.75767438 130.01194464  11.02199042
169.85767438 130.01250318  11.02110062
169.95767438 130.01301200  11.02014581
170.05767438 130.01347240  11.01912287
170.15767438 130.01388556  11.01802853
170.25767438 130.01425256  11.01685933
170.35767438 130.01457436  11.01561163
170.45767438 130.01485182  11.01428163
170.55767438 130.01508570  11.01286532
170.65767438 130.01527664  11.01135850
170.75767438 130.01542522  11.00975678
170.85767438 130.01553186  11.00805555
170.95767438 130.01559694  11.00625000
171.05767438 130.01562072  11.00433511
171.15767438 130.01560334  11.00230561
171.25767438 130.01554490  11.00015602
171.35767438 130.01544536  10.99788062
171.45767438 130.01530461  10.99547345
171.55767438 130.01512244  10.99292830
171.65767438 130.01489857  10.99023871
171.75767438 130.01463260  10.98739796
171.85767438 130.01432407  10.98439905
171.95767438 130.01397242  10.98123473
172.05767438 130.01357699  10.97789746
172.15767438 130.01313707  10.97437942
172.25767438 130.01265182  10.97067249
172.35767438 130.01212034  10.96676826
172.45767438 130.01154164  10.96265804
172.55767438 130.01091466  10.95833280
172.65767438 130.01023823  10.95378321
172.75767438 130.00951110  10.94899964
172.85767438 130.00873196  10.94397213
172.95767438 130.00789939  10.93869038
173.05767438 130.00701191  10.93314376
173.15767438 130.00606793  10.92732134
173.25767438 130.00506581  10.92121181
173.35767438 130.00400381  10.91480354
173.45767438 130.00288010  10.90808454
173.55767438 130.00169279  10.90104249
173.65767438 130.00043990  10.89366472
173.75767438 129.99911936  10.88593817
173.85767438 129.99772904  10.87784948
173.95767438 129.99626672  10.86938489
174.05767438 129.99473010  10.86053032
174.15767438 129.99311681  10.85127129
174.25767438 129.99142439  10.84159301
174.35767438 129.98965032  10.83148030
174.45767438 129.98779199  10.82091764
174.55767438 129.98584672  10.80988915
174.65767438 129.98381177  10.79837862
174.75767438 129.98168431  10.78636947
174.85767438 129.97946144  10.77384478
174.95767438 129.97714020  10.76078731
175.05767438 129.97471756  10.74717948
175.15767438 129.97219041  10.73300335
175.25767438 129.96955560  10.71824071
175.35767438 129.96680988  10.70287301
175.45767438 129.96394998  10.68688140
175.55767438 129.96097253  10.67024673
175.65767438 129.95787414  10.65294956
175.75767438 129.95465133  10.63497019
175.85767438 129.95130060  10.61628864
175.95767438 129.94781836  10.59688469
176.05767438 129.94420101  10.57673788
176.15767438 129.94044488  10.55582751
176.25767438 129.93654627  10.53413269
176.35767438 129.93250144  10.51163233
176.45767438 129.92830660  10.48830515
176.55767438 129.92395795  10.46412973
176.65767438 129.91945164  10.43908449
176.75767438 129.91478380  10.41314774
176.85767438 129.90995054  10.38629769
176.95767438 129.90494796  10.35851245
177.05767438 129.89977213  10.32977010
177.15767438 129.89441911  10.30004865
177.25767438 129.88888497  10.26932611
177.35767438 129.88316577  10.23758053
177.45767438 129.87725756  10.20478995
177.55767438 129.87115641  10.17093250
177.65767438 129.86485840  10.13598640
177.75767438 129.85835964  10.09992997
177.85767438 129.85165622  10.06274169
177.95767438 129.84474431  10.02440021
178.05767438 129.83762007   9.98488438
178.15767438 129.83027970   9.94417328
178.25767438 129.82271947   9.90224626
178.35767438 129.81493567   9.85908297
178.45767438 129.80692464   9.81466338
178.55767438 129.79868279   9.76896781
178.65767438 129.79020658   9.72197700
178.75767438 129.78149253   9.67367208
178.85767438 129.77253725   9.62403466
178.95767438 129.76333740   9.57304684
179.05767438 129.75388973   9.52069123
179.15767438 129.74419108   9.46695101
179.25767438 129.73423836   9.41180996
179.35767438 129.72402859   9.35525247
179.45767438 129.71355887   9.29726360
179.55767438 129.70282639   9.23782910
179.65767438 129.69182846   9.17693546
179.75767438 129.68056248   9.11456990
179.85767438 129.66902595   9.05072047
179.95767438 129.65721647   8.98537602
180.05767438 129.64513176   8.91852629
180.15767438 129.63276964   8.85016187
180.25767438 129.62012803   8.78027429
180.35767438 129.60720495   8.70885606
180.45767438 129.59399851   8.63590062
180.55767438 129.58050695   8.56140246
180.65767438 129.56672857   8.48535710
180.75767438 129.55266175   8.40776112
180.85767438 129.53830498   8.32861220
180.95767438 129.52365679   8.24790914
181.05767438 129.50871579   8.16565186
181.15767438 129.49348062   8.08184148
181.25767438 129.47794995   7.99648029
181.35767438 129.46212251   7.90957178
181.45767438 129.44599697   7.82112069
181.55767438 129.42957204   7.73113297
181.65767438 129.41284635   7.63961587
181.75767438 129.39581848   7.54657790
181.85767438 129.37848692   7.45202884
181.95767438 129.36085003   7.35597979
182.05767438 129.34290602   7.25844318
182.15767438 129.32465292   7.15943272
182.25767438 129.30608851   7.05896347
182.35767438 129.28721029   6.95705182
182.45767438 129.26801546   6.85371549
182.55767438 129.24850084   6.74897355
182.65767438 129.22866280   6.64284639
182.75767438 129.20849723   6.53535574
182.85767438 129.18799946   6.42652466
182.95767438 129.16716419   6.31637755
183.05767438 129.14598543   6.20494011
183.15767438 129.12445636   6.09223937
183.25767438 129.10256932   5.97830364
183.35767438 129.08031566   5.86316252
183.45767438 129.05768566   5.74684690
183.55767438 129.03466841   5.62938891
183.65767438 129.01125171   5.51082193
183.75767438 128.98742193   5.39118055
183.85767438 128.96316389   5.27050058
183.95767438 128.93846071   5.14881900
184.05767438 128.91329368   5.02617393
184.15767438 128.88764210   4.90260464
184.25767438 128.86148308   4.77815150
184.35767438 128.83479143   4.65285595
184.45767438 128.80753942   4.52676049
184.55767438 128.77969664   4.39990862
184.65767438 128.75122973   4.27234485
184.75767438 128.72210224   4.14411463
184.85767438 128.69227438   4.01526433
184.95767438 128.66170278   3.88584121
185.05767438 128.63034026   3.75589340
185.15767438 128.59813560   3.62546983
185.25767438 128.56503324   3.49462022
185.35767438 128.53097307   3.36339502
185.45767438 128.49589008   3.23184541
185.55767438 128.45971417   3.10002323
185.65767438 128.42236977   2.96798096
185.75767438 128.38377558   2.83577166
185.85767438 128.34384429   2.70344896
185.95767438 128.30248219   2.57106700
186.05767438 128.25958894   2.43868041
186.15767438 128.21505717   2.30634424
186.25767438 128.16877223   2.17411395
186.35767438 128.12061176   2.04204538
186.45767438 128.07044545   1.91019468
186.55767438 128.01813466   1.77861827
186.65767438 127.96353209   1.64737286
186.75767438 127.90648147   1.51651533
186.85767438 127.84681720   1.38610275
186.95767438 127.78436406   1.25619234
187.05767438 127.71893687   1.12684138
187.15767438 127.65034020   0.99810726
187.25767438 127.57836808   0.87004735
187.35767438 127.50280369   0.74271905
187.45767438 127.42341912   0.61617969
187.55767438 127.33997511   0.49048652
187.65767438 127.25222081   0.36569667
187.75767438 127.15989358   0.24186713
187.85767438 127.06271882   0.11905470
187.95767438 126.96040978  -0.00268405
188.05767438 126.85266744  -0.12329281
188.15767438 126.73918044  -0.24271555
188.25767438 126.61962498  -0.36089659
188.35767438 126.49366483  -0.47778058
188.45767438 126.36095131  -0.59331260
188.55767438 126.22112337  -0.70743815
188.65767438 126.07380771  -0.82010321
188.75767438 125.91861886  -0.93125425
188.85767438 125.75515947  -1.04083832
188.95767438 125.58302050  -1.14880303
189.05767438 125.40178155  -1.25509660
189.15767438 125.21101121  -1.35966796
189.25767438 125.01026750  -1.46246669
189.35767438 124.79909833  -1.56344315
189.45767438 124.57704209  -1.66254848
189.55767438 124.34362819  -1.75973465
189.65767438 124.09837779  -1.85495452
189.75767438 123.84080451  -1.94816186
189.85767438 123.57041525  -2.03931140
189.95767438 123.28671105  -2.12835893
190.05767438 122.98918803  -2.21526128
190.15767438 122.67733841  -2.29997642
190.25767438 122.35065155  -2.38246347
190.35767438 122.00861511  -2.46268282
190.45767438 121.65071625  -2.54059611
190.55767438 121.27644288  -2.61616635
190.65767438 120.88528498  -2.68935793
190.75767438 120.47673598  -2.76013672
190.85767438 120.05029418  -2.82847009
190.95767438 119.60546426  -2.89432702
191.05767438 119.14175880  -2.95767810
191.15767438 118.65869982  -3.01849564
191.25767438 118.15582044  -3.07675373
191.35767438 117.63266650  -3.13242828
191.45767438 117.08879822  -3.18549710
191.55767438 116.52379193  -3.23593993
191.65767438 115.93724174  -3.28373858
191.75767438 115.32876131  -3.32887690
191.85767438 114.69798553  -3.37134089
191.95767438 114.04457227  -3.41111877
192.05767438 113.36820409  -3.44820100
192.15767438 112.66858992  -3.48258035
192.25767438 111.94546676  -3.51425199
192.35767438 111.19860127  -3.54321348
192.45767438 110.42779138  -3.56946487
192.55767438 109.63286788  -3.59300871
192.65767438 108.81369583  -3.61385012
192.75767438 107.97017605  -3.63199681
192.85767438 107.10224643  -3.64745912
192.95767438 106.20988324  -3.66025008
193.05767438 105.29310225  -3.67038535
193.15767438 104.35195987  -3.67788335
193.25767438 103.38655413  -3.68276521
193.35767438 102.39702553  -3.68505477
193.45767438 101.38355780  -3.68477862
193.55767438 100.34637857  -3.68196611
193.65767438  99.28575984  -3.67664927
193.75767438  98.20201837  -3.66886288
193.85767438  97.09551594  -3.65864438
193.95767438  95.96665942  -3.64603390
194.05767438  94.81590073  -3.63107417
194.15767438  93.64373665  -3.61381051
194.25767438  92.45070847  -3.59429080
194.35767438  91.23740150  -3.57256536
194.45767438  90.00444442  -3.54868694
194.55767438  88.75250846  -3.52271064
194.65767438  87.48230651  -3.49469382
194.75767438  86.19459192  -3.46469603
194.85767438  84.89015734  -3.43277890
194.95767438  83.56983328  -3.39900606
195.05767438  82.23448658  -3.36344302
195.15767438  80.88501874  -3.32615708
195.25767438  79.52236413  -3.28721720
195.35767438  78.14748802  -3.24669387
195.45767438  76.76138460  -3.20465902
195.55767438  75.36507472  -3.16118584
195.65767438  73.95960373  -3.11634868
195.75767438  72.54603903  -3.07022289
195.85767438  71.12546768  -3.02288470
195.95767438  69.69899385  -2.97441105
196.05767438  68.26773622  -2.92487944
196.15767438  66.83282532  -2.87436781
196.25767438  65.39540086  -2.82295435
196.35767438  63.95660898  -2.77071738
196.45767438  62.51759945  -2.71773517
196.55767438  61.07952297  -2.66408580
196.65767438  59.64352830  -2.60984701
196.75767438  58.21075955  -2.55509604
196.85767438  56.78235341  -2.49990948
196.95767438  55.35943639  -2.44436312
197.05767438  53.94312219  -2.38853184
197.15767438  52.53450903  -2.33248942
197.25767438  51.13467710  -2.27630842
197.35767438  49.74468604  -2.22006006
197.45767438  48.36557254  -2.16381409
197.55767438  46.99834799  -2.10763865
197.65767438  45.64399627  -2.05160015
197.75767438  44.30347165  -1.99576322
197.85767438  42.97769671  -1.94019050
197.95767438  41.66756054  -1.88494264
198.05767438  40.37391693  -1.83007816
198.15767438  39.09758276  -1.77565337
198.25767438  37.83933652  -1.72172232
198.35767438  36.59991696  -1.66833668
198.45767438  35.38002191  -1.61554574
198.55767438  34.18030719  -1.56339633
198.65767438  33.00138577  -1.51193276
198.75767438  31.84382698  -1.46119682
198.85767438  30.70815593  -1.41122771
198.95767438  29.59485308  -1.36206206
199.05767438  28.50435393  -1.31373389
199.15767438  27.43704888  -1.26627462
199.25767438  26.39328325  -1.21971307
199.35767438  25.37335741  -1.17407547
199.45767438  24.37752706  -1.12938547
199.55767438  23.40600369  -1.08566419
199.65767438  22.45895511  -1.04293023
199.75767438  21.53650609  -1.00119971
199.85767438  20.63873925  -0.96048631
199.95767438  19.76569588  -0.92080136
200.05767438  18.91737701  -0.88215385
200.15767438  18.09374451  -0.84455049
200.25767438  17.29472232  -0.80799584
200.35767438  16.52019771  -0.77249230
200.45767438  15.77002269  -0.73804022
200.55767438  15.04401543  -0.70463800
200.65767438  14.34196178  -0.67228214
200.75767438  13.66361682  -0.64096734
200.85767438  13.00870645  -0.61068656
200.95767438  12.37692908  -0.58143116
201.05767438  11.76795723  -0.55319094
201.15767438  11.18143932  -0.52595426
201.25767438  10.61700128  -0.49970811
201.35767438  10.07424835  -0.47443825
201.45767438   9.55276676  -0.45012922
201.55767438   9.05212543  -0.42676451
201.65767438   8.57187774  -0.40432663
201.75767438   8.11156311  -0.38279718
201.85767438   7.67070875  -0.36215693
201.95767438   7.24883124  -0.34238597
202.05767438   6.84543812  -0.32346372
202.15767438   6.46002947  -0.30536907
202.25767438   6.09209939  -0.28808044
202.35767438   5.74113750  -0.27157585
202.45767438   5.40663027  -0.25583300
202.55767438   5.08806246  -0.24082936
202.65767438   4.78491837  -0.22654222
202.75767438   4.49668306  -0.21294878
202.85767438   4.22284358  -0.20002617
202.95767438   3.96289000  -0.18775158
203.05767438   3.71631653  -0.17610225
203.15767438   3.48262243  -0.16505556
203.25767438   3.26131299  -0.15458907
203.35767438   3.05190030  -0.14468057
203.45767438   2.85390412  -0.13530812
203.55767438   2.66685249  -0.12645009
203.65767438   2.49028247  -0.11808522
203.75767438   2.32374067  -0.11019261
203.85767438   2.16678379  -0.10275178
203.95767438   2.01897908  -0.09574270
204.05767438   1.87990475  -0.08914578
204.15767438   1.74915029  -0.08294193
204.25767438   1.62631679  -0.07711258
204.35767438   1.51101714  -0.07163965
204.45767438   1.40287626  -0.06650561
204.55767438   1.30153118  -0.06169345
204.65767438   1.20663119  -0.05718674
204.75767438   1.11783783  -0.05296957
204.85767438   1.03482491  -0.04902661
204.95767438   0.95727852  -0.04534307
205.05767438   0.88489689  -0.04190474
205.15767438   0.81739035  -0.03869795
205.25767438   0.75448114  -0.03570958
205.35767438   0.69590330  -0.03292705
205.45767438   0.64140245  -0.03033833
205.55767438   0.59073559  -0.02793191
205.65767438   0.54367086  -0.02569681
205.75767438   0.49998732  -0.02362254
205.85767438   0.45947463  -0.02169913
205.95767438   0.42193284  -0.01991709
206.05767438   0.38717205  -0.01826738
206.15767438   0.35501211  -0.01674144
206.25767438   0.32528234  -0.01533117
206.35767438   0.29782118  -0.01402887
206.45767438   0.27247593  -0.01282727
206.55767438   0.24910233  -0.01171951
206.65767438   0.22756435  -0.01069911
206.75767438   0.20773377  -0.00975995
206.85767438   0.18948991  -0.00889629
206.95767438   0.17271931  -0.00810272
