# intensity: 1.01637445455683
# background: 8.24920927317141e-09
#           Q (1/A)             dQ (1/A)                    R                   dR               theory              fresnel
     0.0483642315116 0.000750702739851845       0.951434579138     0.00501003519873    0.930773407542094   0.0187966261601578
     0.0497866914682 0.000750709007438337        0.94044560157     0.00496697431537    0.926077674009352   0.0171685415412368
     0.0512091499082 0.000750715456630211        0.92483593417     0.00490572657895    0.917813068832726   0.0149306964054826
     0.0526316067882    0.000750722087422        0.91507948482      0.0048673956524    0.907658509119998    0.012992218610763
      0.054054062065 0.000750728899808085       0.891642996968     0.00477516962074    0.895376198805019   0.0113716555670751
     0.0554765156953 0.000750735893782693       0.876236096925     0.00471441470647    0.880300150764968   0.0100060484002866
     0.0568989676356 0.000750743069339895       0.854327123245     0.00462784251127    0.861559749266209  0.00884701076860403
     0.0583214178427 0.000750750426473612       0.832076973197     0.00453970038522    0.838068225794497  0.00785688362677984
     0.0597438662732 0.000750757965177608       0.797485049287     0.00440218205643    0.808591353908232  0.00700602416566333
     0.0611663128838 0.000750765685445495       0.755120376229     0.00423288370811    0.771995741573511  0.00627086085598178
     0.0625887576312 0.000750773587270732       0.713350487453     0.00406490300013    0.727799703612894  0.00563247626495858
      0.064011200472 0.000750781670646622       0.660982624188     0.00385260415179    0.677040153829969  0.00507555990691247
     0.0654336413629 0.000750789935566318       0.611077559878     0.00364824562759    0.623082635182884  0.00458762466855658
     0.0668560802606 0.000750798382022817        0.56406531003     0.00345358980774    0.571494164612468  0.00415841368390623
     0.0682785171218 0.000750807010008963       0.524906916272     0.00328959354811     0.52827586226411  0.00377944662373235
      0.069700951903 0.000750815819517446       0.497644208161     0.00317426832942    0.497195374465117  0.00344366926220567
     0.0711233845611 0.000750824810540804        0.47861385523      0.0030931423649    0.478253652140198  0.00314518039061433
     0.0725458150526  0.00075083398307142       0.474897210464      0.0030772339742    0.468398296381556  0.00287901724540799
     0.0739682433342 0.000750843337101525       0.465759918032     0.00303803317951    0.463483429234829  0.00264098561677214
     0.0753906693627 0.000750852872623196       0.468748114267     0.00305086561273    0.459870331483235  0.00242752437176337
     0.0768130930946 0.000750862589628355       0.459408054463     0.00301070035281    0.455052657775392  0.00223559669872428
     0.0782355144866 0.000750872488108774       0.451730687084     0.00297757578127    0.447594205622264  0.00206260225607775
     0.0796579334955  0.00075088256805607        0.44262088991     0.00293813751632    0.436829568483258  0.00190630579076288
     0.0810803500778 0.000750892829461706       0.427630839031     0.00287291585697    0.422582136559407  0.00176477881818248
     0.0825027641903 0.000750903272316994       0.407801406942     0.00278596845389     0.40497284312872  0.00163635172529986
     0.0839251757896 0.000750913896613089        0.38491694649     0.00268458712938    0.384311158006231  0.00151957424063677
     0.0853475848324 0.000750924702340998        0.36495233615     0.00259513435406    0.361039814901243  0.00141318265749419
     0.0867699912754  0.00075093568949157       0.339069270754     0.00247758842129    0.335707467446204  0.00131607253679481
     0.0881923950752 0.000750946858055505       0.315984395044     0.00237105595035    0.308950709301883  0.00122727587812716
     0.0896147961885 0.000750958208023346        0.29176402206     0.00225731092922     0.28147341892974  0.00114594195146974
      0.091037194572 0.000750969739385486       0.260541415925     0.00210718175422    0.254016804170843    0.001071321141522
     0.0924595901823 0.000750981452132163       0.233198425444     0.00197181075627    0.227318415934261  0.00100275128184145
     0.0938819829761 0.000750993346253465       0.203718442648     0.00182081600318    0.202062960585402 0.000939646055095026
     0.0953043729102 0.000751005421739325       0.179902428357     0.00169407309675    0.178831468618169 0.000881485114532307
     0.0967267599411 0.000751017678579521       0.159465870211      0.0015810856865    0.158057373988897 0.000827805644669687
     0.0981491440255 0.000751030116763682       0.139745756765     0.00146746640219     0.13999760705961 0.000778195129604726
     0.0995715251202 0.000751042736281284       0.126108664385     0.00138566532441    0.124723924911742 0.000732285138191811
      0.100993903182 0.000751055537121649       0.112524602447     0.00130099949817    0.112135329074665 0.000689745968166293
      0.102416278167 0.000751068519273941       0.102319996657     0.00123490813755    0.101988046253414 0.000650282018137959
      0.103838650032 0.000751081682727178      0.0923451938816     0.00116785769893   0.0939365500186228 0.000613627778146823
      0.105261018734 0.000751095027470228       0.086452774134     0.00112693280748   0.0875781651792479 0.000579544347583559
       0.10668338423 0.000751108553491803      0.0807360861031      0.0010861680282   0.0824947548837274 0.000547816403815795
      0.108105746476 0.000751122260780457      0.0782499283608     0.00106807991715   0.0782870943486046 0.000518249557117941
      0.109528105429 0.000751136149324599       0.074804005069     0.00104262552508    0.074599901127602 0.000490668037462189
      0.110950461045 0.000751150219112476      0.0717636165127     0.00101976905544   0.0711374591114328 0.000464912667320276
      0.112372813282 0.000751164470132202      0.0692369052886     0.00100047071944   0.0676710392992172 0.000440839081259131
      0.113795162096  0.00075117890237172      0.0658044998135    0.000973787182507   0.0640398892647186 0.000418316159346238
      0.115217507443  0.00075119351581882      0.0610469014476    0.000935831757317   0.0601476113702122 0.000397224645800351
      0.116639849281 0.000751208310461158      0.0568029804151    0.000900911670889   0.0559554988242525 0.000377455928789076
      0.118062187565  0.00075122328628621       0.051153205622    0.000852651373305   0.0514740364003318 0.000358910960698697
      0.119484522253 0.000751238443281329      0.0459089655654    0.000805749994439   0.0467534238745523 0.000341499300785004
      0.120906853302 0.000751253781433706      0.0424490783547    0.000773512018533   0.0418737091075189  0.00032513826514001
      0.122329180667  0.00075126930073036      0.0366782244134    0.000717022413013   0.0369349418631552 0.000309752170532292
      0.123751504306 0.000751285001158187       0.032705241141    0.000675774607553   0.0320476685720866 0.000295271660644622
      0.125173824175 0.000751300882703912      0.0279482240383    0.000623256835424   0.0273240566497482 0.000281633104949937
      0.126596140232 0.000751316945354128      0.0231236178092    0.000565581758074   0.0228699338953129  0.00026877806139285
      0.128018452432 0.000751333189095245      0.0191641523513    0.000513885901012   0.0187780258100298 0.000256652795557506
      0.129440760732 0.000751349613913542         0.0141359001    0.000440271397973   0.0151226491354771 0.000245207849601328
      0.130863065089 0.000751366219795145      0.0120352606732    5.97466838036e-05   0.0119560621331478 0.000234397655402516
       0.13228536546 0.000751383006726032     0.00934358447845    4.93090836114e-05  0.00930657983915413 0.000224180186840541
      0.133707661802 0.000751399974692025       0.007159964344    4.06431350028e-05  0.00717844532023021 0.000214516646851667
       0.13512995407 0.000751417123678775      0.0055887953509    3.42157019178e-05  0.00555332200892916 0.000205371185430101
      0.136552242222 0.000751434453671812     0.00434438216249    2.89307750414e-05  0.00439315655822313 0.000196710645138534
      0.137974526215 0.000751451964656508     0.00361685846449    2.57148597532e-05  0.00364407339714404 0.000188504331259235
      0.139396806004 0.000751469656618054      0.0032326339746    2.39622827213e-05  0.00324091244896309 0.000180723803878726
      0.140819081547 0.000751487529541531     0.00306589923611    2.31866348511e-05  0.00311201407405332 0.000173342689580403
      0.142241352801 0.000751505583411852     0.00318062969614    2.37193714533e-05  0.00318388632929069 0.000166336510778393
      0.143663619722 0.000751523818213769     0.00337496823168    2.47063536734e-05  0.00338544979580734 0.000159682530801227
      0.145085882266 0.000751542233931882      0.0036949756928    2.61589950027e-05  0.00365163251713114 0.000153359613134967
      0.146508140391 0.000751560830550665     0.00397145575941    2.73928607322e-05  0.00392617002698829 0.000147348093396208
      0.147930394053 0.000751579608054414     0.00421400608699    2.84612866375e-05  0.00416354329446578 0.000141629662791002
      0.149352643209  0.00075159856642729     0.00432489280365    2.89462301701e-05  0.00433005420918935 0.000136187261869185
      0.150774887815 0.000751617705653286     0.00441551630015    2.93399338413e-05  0.00440409087465932  0.00013100498361541
      0.152197127829 0.000751637025716273     0.00440570235966    2.92971621979e-05  0.00437567319692578 0.000126067984933756
      0.153619363206 0.000751656526599929     0.00423975754483    2.85742069983e-05  0.00424539456205721 0.000121362405767001
      0.155041593904 0.000751676208287825     0.00402447267002    2.76282468751e-05  0.00402289015314035 0.000116875295060711
      0.156463819879  0.00075169607076335     0.00376295683488    2.64655617869e-05  0.00372496903970785 0.000112594543001212
      0.157886041087 0.000751716114009744     0.00337408957571    2.47042895404e-05  0.00337354747380943 0.000108508818885242
      0.159308257487 0.000751736338010139     0.00308011744466    2.33425864036e-05  0.00299351606853192 0.000104607514122451
      0.160730469033 0.000751756742747443     0.00261365787108    2.11158744366e-05  0.00261066432660803 0.000100880689933377
      0.162152675683 0.000751777328204473      0.0022931908026    1.95260552448e-05  0.00224977254198201 9.73190292431762e-05
      0.163574877394  0.00075179809436388     0.00195542091802     1.7781265055e-05  0.00193296362302822 9.39137924769318e-05
      0.164997074122 0.000751819041208152     0.00171939970045    1.65088742694e-05  0.00167838620709547 9.06567768602476e-05
      0.166419265824 0.000751840168719637     0.00153650353356    1.54844721767e-05  0.00149927638643587 8.75402789257071e-05
      0.167841452457 0.000751861476880536     0.00142038542022    1.48131868323e-05  0.00140341966521799 8.45570599568259e-05
      0.169263633977 0.000751882965672885     0.00142606290655    1.48464289689e-05  0.00139300903984027 8.17003141085218e-05
       0.17068581034 0.000751904635078568      0.0014925706036    1.52325652606e-05  0.00146487114244887 7.89636389712099e-05
      0.172107981505 0.000751926485079365     0.00161643442974    1.59373580224e-05  0.00161101192472664 7.63410083717953e-05
      0.173530147426 0.000751948515656829     0.00180153400168    1.69585580227e-05  0.00181941777074547 7.38267472467649e-05
      0.174952308062 0.000751970726792442     0.00205381716225    1.82992953111e-05  0.00207503809013544 7.14155083623667e-05
      0.176374463368  0.00075199311846747      0.0023343525766    1.97344470814e-05  0.00236087159092285 6.91022507943414e-05
      0.177796613302 0.000752015690663082     0.00260542551408    2.10763821058e-05  0.00265908024431353 6.68822199631538e-05
      0.179218757819 0.000752038443360243     0.00289958689434    2.24920938466e-05  0.00295206156241096 6.47509291459334e-05
      0.180640896878 0.000752061376539838     0.00321740446812    2.39825517742e-05   0.0032234200930697 6.27041423054524e-05
      0.182063030433 0.000752084490182517     0.00343099961467    2.49651513109e-05  0.00345879166429492 6.07378581739259e-05
      0.183485158443 0.000752107784268866     0.00358430526397    2.56621682408e-05  0.00364648767557698 5.88482954421665e-05
      0.184907280863 0.000752131258779252      0.0037512639166      2.641398538e-05  0.00377794049917975 5.70318790196948e-05
      0.186329397651 0.000752154913693944     0.00387658766861    2.69733282329e-05  0.00384794402697078 5.52852272353979e-05
      0.187751508763 0.000752178748993029     0.00385267463694    2.68668280435e-05  0.00385469493821045 5.36051399421849e-05
      0.189173614156  0.00075220276465646     0.00376766103801    2.64872359174e-05  0.00379965005533369 5.19885874312185e-05
      0.190595713786 0.000752226960664025     0.00367332014005    2.60639193999e-05  0.00368722300404774 5.04327001097576e-05
       0.19201780761 0.000752251336995379     0.00348570625226    2.52151940827e-05  0.00352434927710934 4.89347588745618e-05
      0.193439895585 0.000752275893630027     0.00333914599882    2.45448440255e-05  0.00331995275165261 4.74921861364442e-05
      0.194861977668 0.000752300630547327     0.00308701153477    2.33760521939e-05  0.00308434880850884 4.61025374431113e-05
      0.196284053814 0.000752325547726453     0.00285420755945    2.22766508554e-05  0.00282861954839055 4.47634936591013e-05
      0.197706123982 0.000752350645146498     0.00256368247262    2.08728404235e-05  0.00256399530566718 4.34728536527013e-05
      0.199128188127 0.000752375922786338     0.00231195354194    1.96222677466e-05  0.00230127387473596  4.2228527473179e-05
      0.200550246206 0.000752401380624735     0.00203928550175    1.82246477035e-05  0.00205030473980233 4.10285299575563e-05
      0.201972298176 0.000752427018640302      0.0018164982344    1.70414620999e-05  0.00181956039447374  3.9870974755813e-05
      0.203394343994 0.000752452836811504     0.00159668488852    1.58290040676e-05  0.00161581080087022 3.87540687358748e-05
      0.204816383616 0.000752478835116639     0.00142823927619    1.48627561179e-05  0.00144391052330838 3.76761067440962e-05
      0.206238416999 0.000752505013533874     0.00128250360926     1.3995115781e-05  0.00130670143384041 3.66354666932909e-05
      0.207660444099  0.00075253137204121      0.0011998195825    1.34864695972e-05  0.00120502750821096 3.56306049607583e-05
      0.209082464874 0.000752557910616538      0.0011205150117    1.29866515456e-05  0.00113785246177119 3.46600520683374e-05
       0.21050447928 0.000752584629237562     0.00109082085699    1.27957157118e-05  0.00110246612932103 3.37224086335007e-05
      0.211926487274 0.000752611527881857     0.00108626985584    1.27656916617e-05  0.00109476179362355 3.28163415634605e-05
      0.213348488811 0.000752638606526812     0.00109142915849     6.3819630991e-06  0.00110956426038653 3.19405804844838e-05
       0.21477048385 0.000752665865149744     0.00112026718402    6.87719049242e-06   0.0011409873960603 3.10939143811789e-05
      0.216192472347 0.000752693303727766     0.00116189757771    7.05034664085e-06  0.00118280003850956 3.02751884450778e-05
      0.217614454258 0.000752720922237841     0.00121623472667     7.2749655485e-06  0.00122878052463611 2.94833011048376e-05
       0.21903642954 0.000752748720656806     0.00125786512065    7.44612931396e-06   0.0012730423597834 2.87172012333542e-05
       0.22045839815 0.000752776698961349     0.00129284474508     7.5893713891e-06  0.00131031655231771 2.79758855200339e-05
      0.221880360044  0.00075280485712799     0.00133221135443    7.74968165455e-06  0.00133617961086594 2.72583959963395e-05
      0.223302315179 0.000752833195133124      0.0013433797814    7.79494488572e-06  0.00134721991377798 2.65638177032816e-05
      0.224724263513 0.000752861712953016     0.00132416013838    7.71661449338e-06  0.00134113889401675 2.58912764942855e-05
         0.226146205 0.000752890410563704      0.0013026424649     7.6287601863e-06  0.00131678705184732 2.52399369660447e-05
      0.227568139599 0.000752919287941181     0.00128050297122    7.53817077327e-06    0.001274138058132 2.46090005005921e-05
      0.228990067266 0.000752948345061231     0.00119781443798    7.19851343166e-06  0.00121420702589522 2.39977034256655e-05
      0.230411987957 0.000752977581899491       0.001134456394    6.93603181628e-06  0.00113892131956425 2.34053152733814e-05
       0.23183390163 0.000753006998431492     0.00106001373391    6.62480067862e-06  0.00105095398543624 2.28311371365799e-05
      0.233255808241 0.000753036594632577     0.00094615309734    6.14183828876e-06   0.0009535309938622 2.22745001186749e-05
      0.234677707746 0.000753066370477943    0.000848486814714    5.71950179159e-06 0.000850223976527217 2.17347638664451e-05
      0.236099600102  0.00075309632594266    0.000743412765034     5.2542046191e-06 0.000744740042835203 2.12113151835921e-05
      0.237521485267 0.000753126461001672     0.00063814946533    4.77397584665e-06  0.00064071960443315 2.07035667201059e-05
      0.238943363196 0.000753156775629716    0.000536995583825    4.29479165684e-06 0.000541551988691633 2.02109557338613e-05
      0.240365233847 0.000753187269801442     0.00045000838202    3.86380973128e-06  0.00045021705885577 1.97329429152745e-05
      0.241787097175 0.000753217943491293    0.000363751142256    3.41238843721e-06 0.000369159182811932 1.92690112788472e-05
      0.243208953139 0.000753248796673652    0.000298697963644    3.04975269737e-06  0.00030019780386854 1.88186651092552e-05
      0.244630801693 0.000753279829322644    0.000242972083755    2.71741058142e-06 0.000244476695368823   1.838142896818e-05
      0.246052642796  0.00075331104141236    0.000198736354524    2.43356797683e-06 0.000202451830678013 1.79568467473161e-05
      0.247474476404 0.000753342432916679    0.000174182577659    2.26554737987e-06 0.000173915797795553  1.7544480776263e-05
      0.248896302473 0.000753374003809332    0.000159767168989    2.16240641046e-06 0.000158054918813919 1.71439109733461e-05
      0.250318120961 0.000753405754063953    0.000153719294349    2.11814303233e-06 0.000153533791547846 1.67547340405726e-05
      0.251739931823 0.000753437683653959    0.000153051513857    2.11314362341e-06 0.000158600903734471 1.63765627017442e-05
      0.253161735017 0.000753469792552689     0.00017290379107    2.25593599085e-06 0.000171208315103879 1.60090249764303e-05
      0.254583530499 0.000753502080733295    0.000195486668809    2.41079482605e-06 0.000189138165020096 1.56517634936243e-05
      0.256005318226 0.000753534548168803    0.000217420690923    2.55480813452e-06 0.000210128924860081 1.53044348378998e-05
      0.257427098154 0.000753567194832071    0.000239514222915    2.69494330267e-06 0.000231994835972444 1.49667089295753e-05
      0.258848870241 0.000753600020695859    0.000256498017476     2.7995896412e-06 0.000252732800245226 1.46382684345505e-05
      0.260270634443 0.000753633025732736    0.000275266165154    2.91238863737e-06  0.00027061205283021  1.4318808205004e-05
      0.261692390717 0.000753666209915148    0.000288951611052    2.99306016794e-06   0.0002842431724023 1.40080347460255e-05
      0.263114139019 0.000753699573215374    0.000300311991392    3.05910247919e-06 0.000292624296168499 1.37056657094959e-05
      0.264535879306  0.00075373311560557     0.00029936304069    3.05328890917e-06 0.000295163732703784 1.34114294117561e-05
      0.265957611535 0.000753766837057748    0.000293953207578    3.02171931466e-06 0.000291679436831913 1.31250643752846e-05
      0.267379335663 0.000753800737543776    0.000283379565175    2.95978246281e-06 0.000282376968778064 1.28463188922368e-05
      0.268801051645  0.00075383481703533    0.000266019974526    2.85657438288e-06 0.000267808555258166 1.25749506092847e-05
       0.27022275944 0.000753869075504036    0.000248254848844    2.74849659603e-06 0.000248816665572138 1.23107261307287e-05
      0.271644459003  0.00075390351292128    0.000224947415631    2.60290380177e-06 0.000226466086099184 1.20534206430489e-05
      0.273066150291 0.000753938129258353     0.00020209958847    2.45471087239e-06 0.000201968807257108 1.18028175545713e-05
      0.274487833261 0.000753972924486401    0.000178008121461    2.29141621608e-06 0.000176606128492311 1.15587081535036e-05
       0.27590950787 0.000754007898576427    0.000143670143419    2.04279722855e-06 0.000151652247406746   1.132089128156e-05
      0.277331174074 0.000754043051499263    0.000127283836467    1.91574856879e-06 0.000128303250620208 1.10891730228965e-05
       0.27875283183 0.000754078383225625    0.000108161521685    1.75856981799e-06 0.000107614895410716 1.08633664069239e-05
      0.280174481095 0.000754113893726083    8.81740661775e-05    1.58097097434e-06 9.04519002928221e-05 1.06432911252614e-05
      0.281596121825  0.00075414958297104    7.62973054806e-05    1.46706998255e-06 7.74506914275792e-05 1.04287732616121e-05
      0.283017753977  0.00075418545093078    6.67456106645e-05     1.3696414155e-06 6.89967263199434e-05 1.02196450334674e-05
      0.284439377508 0.000754221497575444    6.38987569008e-05    1.33949814994e-06  6.5216682683089e-05 1.00157445459505e-05
      0.285860992375 0.000754257722875028      6.494233316e-05    1.35041260282e-06  6.5985002579442e-05 9.81691555658344e-06
      0.287282598533 0.000754294126799337    6.87165098896e-05    1.38989424516e-06 7.09435603218256e-05 9.62300725086247e-06
      0.288704195941 0.000754330709318132    8.12232012133e-05    1.51480237203e-06 7.95326104599265e-05 9.43387402674813e-06
      0.290125784554  0.00075436747040093     9.3648785489e-05    1.63073136377e-06 9.10306950277544e-05 9.24937529058752e-06
       0.29154736433 0.000754404410017183    0.000107047653035    1.74849730023e-06 0.000104600864223621 9.06937526005718e-06
      0.292968935224  0.00075444152813612     0.00012256341174    1.87777693509e-06 0.000119340398540394 8.89374277743206e-06
      0.294390497194  0.00075447882472691    0.000138079170631    2.00034514564e-06 0.000134331212397013 8.72235112950659e-06
      0.295812050196 0.000754516299758522    0.000155433353857    2.13087534622e-06 0.000148688258240473 8.55507787669439e-06
      0.297233594188 0.000754553953199839    0.000165460876335    2.20373760946e-06  0.00016160352027618 8.39180468843879e-06
      0.298655129125 0.000754591785019521      0.0001738932957    2.26370736647e-06 0.000172383564096638 8.23241718675275e-06
      0.300076654965 0.000754629795186164    0.000180411590758    2.30904939904e-06 0.000180479067308196 8.07680479521474e-06
      0.301498171663 0.000754667983668145    0.000187686883978    2.35891836857e-06  0.00018550526635894 7.92486059573429e-06
      0.302919679178 0.000754706350433803    0.000191366435835    2.38384582136e-06    0.000187252788164 7.77648118999169e-06
      0.304341177465  0.00075474489545123    0.000186583829473    2.35135572333e-06 0.000185688861804617  7.6315665683103e-06
      0.305762666482 0.000754783618688456    0.000183396326396    2.32951604924e-06 0.000180949400545712 7.49001998248413e-06
      0.307184146184 0.000754822520113288    0.000174704365355    2.26914446822e-06  0.00017332288383404 7.35174782524453e-06
      0.308605616529 0.000754861599693474    0.000158712778939    2.15500343615e-06 0.000163227334725399 7.21665951356034e-06
      0.310027077473 0.000754900857396565    0.000150858922844    2.09720964845e-06 0.000151181966352349 7.08466737783775e-06
      0.311448528973 0.000754940293189998    0.000137354615976    1.99500095403e-06 0.000137775252567496 6.95568655493088e-06
      0.312869970987 0.000754979907041098    0.000124039558562    1.89009388801e-06 0.000123631259820831 6.82963488583122e-06
      0.314291403469 0.000755019698916936    0.000106128440779    1.74155770274e-06 0.000109376060862103 6.70643281796917e-06
      0.315712826378 0.000755059668784583    9.86801193309e-05    1.67677492977e-06  9.5605942324816e-05 6.58600331027718e-06
      0.317134239669 0.000755099816610855     7.9741647061e-05    1.50147501967e-06 8.28589292768727e-05 6.46827174364111e-06
        0.3185556433 0.000755140142362515    7.17526128118e-05    1.42219155011e-06 7.15908926425385e-05 6.35316583361199e-06
      0.319977037227 0.000755180646006125    6.45476124818e-05    1.34726278867e-06 6.21571992586523e-05 6.24061554761475e-06
      0.321398421408 0.000755221327508166    5.70398124351e-05    1.26512954057e-06 5.48005253870337e-05 6.13055302473651e-06
      0.322819795797 0.000755262186834865    5.26681478269e-05    1.21517049355e-06  4.9645103778791e-05 6.02291249948423e-06
      0.324241160354 0.000755303223952477    4.79179842606e-05    1.15867322932e-06 4.66973292446072e-05 5.91763022734773e-06
      0.325662515033 0.000755344438826949    4.93589844943e-05    1.17649940376e-06 4.58523267730738e-05 5.81464441494109e-06
      0.327083859792   0.0007553858314242    5.10703413521e-05    1.19729782668e-06 4.69058035766851e-05 5.71389515126406e-06
      0.328505194587 0.000755427401709951    5.67153852124e-05    1.26232773408e-06 4.95702756056048e-05 5.61532434281316e-06
      0.329926519376 0.000755469149649845     5.9035044068e-05    1.28799423635e-06 5.34945879851757e-05 5.51887565050576e-06
      0.331347834114 0.000755511075209293     6.4409731131e-05    1.34622797148e-06 5.82855434014719e-05 5.42449442966625e-06
      0.332769138759 0.000755553178353658    6.92977763547e-05     1.3973002964e-06 6.35304140257786e-05 5.33212767158826e-06
      0.334190433268 0.000755595459048134    7.65379229051e-05    1.47023951145e-06 6.88191389415022e-05 5.24172394800476e-06
      0.335611717596 0.000755637917257713    8.02228820092e-05    1.50622275565e-06 7.37650952600227e-05 5.15323335747577e-06
      0.337032991701 0.000755680552947341    8.98286482313e-05    1.59692132194e-06  7.8023468858674e-05 5.06660747344972e-06
      0.338454255539 0.000755723366081763    8.81335130263e-05    1.58111398413e-06 8.13064298174336e-05 4.98179929491049e-06
      0.339875509068 0.000755766356625645    9.03315112482e-05    1.60134984805e-06 8.33945267866123e-05 4.89876319834133e-06
      0.341296752243 0.000755809524543426    8.92311602079e-05    1.59109255935e-06 8.41439408190918e-05 4.81745489202556e-06
      0.342717985022 0.000755852869799495    8.83146517396e-05    1.58255719943e-06 8.34894705736634e-05 4.73783137142267e-06
      0.344139207361 0.000755896392358042    8.72088937071e-05    1.57221459285e-06 8.14433448960788e-05 4.65985087683476e-06
      0.345560419217 0.000755940092183149    8.42917471577e-05    1.54470666296e-06 7.80901650057897e-05 4.58347285219446e-06
      0.346981620546 0.000755983969238729    7.66433619771e-05    1.47057461086e-06 7.35784573389111e-05 4.50865790565313e-06
      0.348402811306  0.00075602802348862    7.01304740431e-05    1.40480501657e-06 6.81094622031823e-05 4.43536777135365e-06
      0.349823991453 0.000756072254896457    6.15439520178e-05    1.31331047928e-06 6.19238875930998e-05  4.3635652729691e-06
      0.351245160944 0.000756116663425771    5.93378431242e-05    1.28857300951e-06 5.52874186667514e-05 4.29321428821276e-06
      0.352666319735 0.000756161249039923    5.10216774284e-05     1.1925666955e-06 4.84757911519993e-05 4.22427971489183e-06
      0.354087467783 0.000756206011702166    4.56253617653e-05    1.12625809817e-06 4.17614759550982e-05 4.15671950103307e-06
      0.355508605045 0.000756250951375619    3.63710588783e-05    3.42187539157e-07 3.54705136213356e-05 4.09065273762887e-06
      0.358350847038 0.000756341361607899    2.58532902786e-05    2.96020126601e-07 2.47384301467833e-05 3.96228828481376e-06
      0.361193045367 0.000756432479438858     1.8074232879e-05    2.44188105224e-07 1.74553358258917e-05 3.83881092267547e-06
      0.364035199685 0.000756524304568397    1.54740042181e-05    2.25000193295e-07   1.413942354177e-05 3.72012155346931e-06
      0.366877309647 0.000756616836694292    1.55533087239e-05     2.2557510284e-07 1.44855215851411e-05 3.60599890914231e-06
      0.369719374906  0.00075671007551207    1.86936494461e-05    2.48513715669e-07 1.75488652141118e-05 3.49623356944748e-06
      0.372561395116 0.000756804020715113    2.23963317644e-05    2.73759034849e-07 2.20012433261715e-05 3.39062724178582e-06
      0.375403369931 0.000756898671994623    2.62702398802e-05    2.98555228573e-07 2.64329301266327e-05 3.28899209010506e-06
      0.378245299003 0.000756994029039567    2.98107083418e-05     3.2009421522e-07 2.96362528925739e-05 3.19115010905563e-06
      0.381087181988 0.000757090091536874    3.02811286573e-05    3.22894737888e-07 3.08174274282523e-05 3.09693253973636e-06
      0.383929018538  0.00075718685917118    2.85496455627e-05    3.12550830302e-07 2.97032855281299e-05 3.00617932469529e-06
      0.386770808308 0.000757284331625062    2.48340465848e-05    2.89461797896e-07 2.65337863237478e-05 2.91873859835818e-06
      0.389612550951 0.000757382508578872    2.00370214344e-05    2.57705158869e-07  2.1954539674617e-05 2.83446621117131e-06
      0.392454246121 0.000757481389710848    1.47353306264e-05     2.1894775463e-07 1.68415386431018e-05 2.75322528440091e-06
      0.395295893471 0.000757580974697049    1.05511131117e-05     1.8407527221e-07 1.20999991539794e-05 2.67488579378685e-06
      0.398137492656 0.000757681263211459    7.37322233097e-06    1.53340257257e-07 8.47965983808829e-06 2.59932417970621e-06
      0.400979043329 0.000757782254925858    5.56453728457e-06      1.333358335e-07 6.44102599231895e-06 2.52642298230344e-06
      0.403820545144 0.000757883949509927    5.38399916947e-06    1.31241102565e-07 6.09328931399987e-06 2.45607049946182e-06
      0.406661997754 0.000757986346631184    6.42306928692e-06    1.43270020171e-07  7.2083448071803e-06 2.38816046633634e-06
      0.409503400814 0.000758089445955095    8.59463276767e-06     1.6584756811e-07 9.29992516443374e-06 2.32259175470919e-06
      0.412344753977 0.000758193247144936    1.09163943576e-05    1.87369441351e-07   1.174529631245e-05 2.25926809108892e-06
      0.415186056898 0.000758297749861942    1.32711995005e-05    2.07216789474e-07  1.3921055332605e-05 2.19809779192853e-06
      0.418027309229 0.000758402953765126    1.37905844101e-05    2.11368888581e-07 1.53248798387791e-05 2.13899351518204e-06
      0.420868510625 0.000758508858511508    1.46253851788e-05    2.17928950742e-07 1.56608581119431e-05 2.08187202666914e-06
      0.423709660739 0.000758615463755933     1.3823027141e-05    2.11570431947e-07 1.48755555184626e-05 2.02665398071922e-06
      0.426550759225 0.000758722769151189    1.16358430226e-05    1.93460438276e-07 1.31429780900882e-05 1.97326371375659e-06
      0.429391805738 0.000758830774348009    9.53727589649e-06    1.74690595337e-07 1.08067723688349e-05 1.92162905019659e-06
      0.432232799931 0.000758939478994966    7.54384738404e-06    1.55122138949e-07 8.29545850006113e-06 1.87168111983523e-06
      0.435073741457 0.000759048882738548    5.85682287368e-06    1.36689721569e-07 6.03007207101803e-06 1.82335418584265e-06
      0.437914629971 0.000759158985223246    4.26892905464e-06    1.17009979717e-07 4.34300940673615e-06 1.77658548276983e-06
      0.440755465126 0.000759269786091401    3.37194624833e-06    1.04397220737e-07 3.42268964758974e-06 1.73131506401697e-06
      0.443596246576 0.000759381284983325    3.35902895131e-06    1.04352610186e-07 3.29206452517746e-06 1.68748565794919e-06
      0.446436973976 0.000759493481537307     4.0430307431e-06    1.14208266352e-07 3.82156253036191e-06 1.64504253227345e-06
      0.449277646979 0.000759606375389501    4.96734954904e-06    1.26348211143e-07 4.77029081583231e-06 1.60393336614848e-06
      0.452118265238 0.000759719966174008    6.12597744792e-06    1.40176563555e-07 5.84448059943901e-06 1.56410812942875e-06
      0.454958828409    0.000759834253523    7.16144307884e-06    1.51583538068e-07 6.75998562358126e-06   1.525518968659e-06
      0.457799336144 0.000759949237066446    7.40614585273e-06    1.53745276386e-07 7.29626590327623e-06 1.48812009954943e-06
      0.460639788097 0.000760064916432359    7.72294354605e-06     1.5670322612e-07 7.34456257995034e-06 1.45184052669208e-06
      0.462059993048 0.000760123016931973    7.33004039126e-06    7.63907377837e-08 7.17928315906024e-06 1.43410832285333e-06
      0.463480183923 0.000760181291246758    6.95362897559e-06    1.48638568126e-07 6.88004369690137e-06 1.41666389756258e-06
       0.46490036068 0.000760239739329693    6.56572744873e-06    7.24209400268e-08 6.46853692347195e-06 1.39952080219467e-06
      0.467740671666 0.000760357156611068    5.50875376289e-06    6.67289432253e-08 5.42036878533905e-06 1.36598163960591e-06
      0.470580925659 0.000760475268396975    4.36940416324e-06    5.93689957689e-08 4.23147588022992e-06 1.33342306050468e-06
      0.473421122313  0.00076059407430632    3.33963138881e-06    5.11571159108e-08 3.09072275893774e-06 1.30183567063029e-06
      0.476261261282 0.000760713573955994     2.3003958019e-06    4.19480321241e-08 2.16943671128563e-06 1.27118489012621e-06
       0.47910134222 0.000760833766960888    1.76975367815e-06    3.70106095646e-08 1.58051504373867e-06 1.24143756785547e-06
      0.481941364781  0.00076095465293389    1.52433761324e-06    3.45107113026e-08 1.36283228958372e-06 1.21256191430182e-06
      0.484781328619 0.000761076231485893    1.52156645944e-06      3.445308231e-08 1.48164678037526e-06 1.18452743799784e-06
      0.487621233388 0.000761198502225802    1.90608093976e-06    3.82457919777e-08 1.84320053421198e-06 1.15730488527329e-06
      0.490461078742 0.000761321464760537    2.28924359661e-06    4.17309444681e-08 2.31915145050376e-06 1.13086618313434e-06
      0.493300864334 0.000761445118694994    2.72343607683e-06    4.54472834575e-08 2.77504386683806e-06 1.10518438509973e-06
       0.49614058982 0.000761569463632227    3.00690483561e-06    4.77504383517e-08 3.09686908774316e-06 1.08023361977487e-06
      0.498980254852 0.000761694499173145    3.08152322729e-06    4.83505581676e-08 3.21078274763578e-06 1.05598904214759e-06
      0.501819859085 0.000761820224916826    2.98243759597e-06    4.75792013657e-08 3.09290684998891e-06 1.03242678723524e-06
      0.504659402172 0.000761946640460301    2.63732758015e-06    4.47817352257e-08 2.76839824169071e-06 1.00952392617258e-06
      0.507498883769 0.000762073745398781    2.33256822742e-06    4.21767103569e-08 2.30113254719706e-06 9.87258424423306e-07
      0.510338303528 0.000762201539325351    1.87370567274e-06    3.79812074135e-08  1.7770226643599e-06 9.65609102171222e-07
      0.513177661104 0.000762330021831287    1.31075586714e-06    3.22145204263e-08 1.28489439640257e-06 9.44555596569231e-07
      0.516016956151 0.000762459192505884    9.47193972946e-07    2.79442425816e-08 8.98887171491547e-07 9.24078325936028e-07
      0.518856188322  0.00076258905093646    6.66090807339e-07    2.41802844092e-08 6.65619801589486e-07 9.04158455680596e-07
      0.521695357273 0.000762719596708542    5.63896016818e-07    2.26877693349e-08 5.98085255859607e-07 8.84777865861136e-07
      0.524534462657   0.0007628508294056    6.00934837874e-07     2.3263142586e-08 6.76721468573104e-07 8.65919120391236e-07
      0.527373504128 0.000762982748609235    7.75855488145e-07    2.57580899971e-08 8.56667475494973e-07 8.47565437662602e-07
       0.53021248134 0.000763115353899136    9.69025219988e-07    2.82740297598e-08 1.07912553611037e-06 8.29700662614083e-07
      0.533051393947 0.000763248644853088    1.18449938088e-06    3.08570097322e-08 1.28418298367073e-06 8.12309240128819e-07
      0.535890241603 0.000763382621046977    1.33779156815e-06    3.25538565485e-08 1.42245494746041e-06 7.95376189695873e-07
      0.538729023963 0.000763517282054844    1.40592143244e-06    3.32730164271e-08 1.46342632768213e-06 7.78887081263388e-07
       0.54156774068 0.000763652627448744    1.38821308235e-06     3.3063913126e-08 1.39924231075657e-06 7.62828012251319e-07
      0.544406391409 0.000763788656798946    1.26303799839e-06    3.16685900395e-08 1.24370775619932e-06 7.47185624943572e-07
      0.547244975804 0.000763925369673796    1.09730941219e-06    2.97383137427e-08  1.0272525799211e-06 7.31946927118656e-07
      0.550083493519 0.000764062765639766    8.36550742436e-07    2.64141261474e-08 7.89176574611983e-07 7.17099511514518e-07
      0.552921944207 0.000764200844261414    6.00799965202e-07    2.30261109996e-08 5.69111156159617e-07 7.02631376050093e-07
      0.555760327524 0.000764339605101584    4.48859617087e-07    2.05374605356e-08 3.99320023063125e-07 6.88530946142096e-07
      0.558598643123 0.000764479047721119    3.04353988652e-07    1.78633869156e-08 2.99277598111944e-07 6.74787057413727e-07
      0.561436890658 0.000764619171679061    2.90295283361e-07    1.74916661834e-08 2.73310895034432e-07  6.6138893913802e-07
      0.564275069784 0.000764759976532658    2.99532410247e-07    1.74217544334e-08  3.1142042634033e-07 6.48326198185868e-07
      0.567113180155 0.000764901461837272    3.73655166183e-07    1.86391324795e-08 3.92701670689814e-07 6.35580975059579e-07
      0.568532209449 0.000764972459519247    3.96748152114e-07    1.14101884116e-08 4.41316358796332e-07 6.29323678101469e-07
      0.569951221425 0.000765043627146432    5.03831732746e-07     2.1038754479e-08  4.9134647058779e-07 6.23151894511113e-07
      0.571370216039 0.000765114964662695    5.16515898049e-07    1.31120056416e-08 5.38067996961125e-07 6.17063939566817e-07
      0.574208153009 0.000765258149137558    6.14204770335e-07     1.4563618031e-08 6.12917740073498e-07 6.05106000999303e-07
      0.577046020013 0.000765402012492811    6.34616924913e-07    1.47336263594e-08  6.4946733685436e-07 5.93433245170818e-07
      0.579883816706 0.000765546554275664    6.82289846236e-07     1.4562334057e-08 6.39744011810786e-07 5.82044818604892e-07
      0.582721542742 0.000765691774031474    6.48404986816e-07    1.38057232833e-08  5.8605409091888e-07 5.70932446249925e-07
      0.585559197776 0.000765837671303845    5.65675829655e-07    1.30794393363e-08 4.99138802756669e-07 5.60088132076041e-07
       0.58839678146 0.000765984245634433    4.82270816387e-07    1.23113911415e-08 3.95153188262731e-07 5.49504149091465e-07
       0.59123429345 0.000766131496563311    3.16857702486e-07    1.06295949372e-08 2.91944739137412e-07 5.39173029016694e-07
        0.5940717334 0.000766279423628667    2.25116768137e-07    9.59792243767e-09 2.05426287967628e-07 5.29087552450945e-07
      0.596909100964 0.000766428026366908    1.37431216802e-07    8.50934390677e-09 1.46730021979313e-07 5.19240739427499e-07
      0.599746395797 0.000766577304312726    1.08841053916e-07     8.1016028522e-09 1.20601611080057e-07 5.09625840374767e-07
      0.602583617553 0.000766727256998991    9.94011245606e-08    7.95275685542e-09 1.25202875758243e-07 5.00236327469376e-07
      0.605420765885 0.000766877883956763    1.29388165557e-07     8.3581730099e-09 1.53201299533899e-07 4.91065886346401e-07
      0.608257840449 0.000767029184715505    1.81454301914e-07    9.03174443773e-09 1.93790906027391e-07 4.82108408143638e-07
      0.611094840898 0.000767181158802772     2.2563502234e-07    9.56732890322e-09 2.35150249310874e-07  4.7335798190948e-07
      0.613931766887 0.000767333805744485     2.7619170307e-07    1.01567882288e-08 2.66815456665549e-07 4.64808887291377e-07
      0.616768618071 0.000767487125064829     3.2472070179e-07    1.06949231838e-08 2.81522134966278e-07 4.56455587547595e-07
      0.619605394103  0.00076764111628615    3.32921515422e-07     1.0779393238e-08 2.76223055973167e-07 4.48292722846409e-07
      0.622442094638 0.000767795778929176    3.05975976689e-07     1.0477847526e-08 2.52180543316707e-07 4.40315103821272e-07
      0.625278719331  0.00076795111251292     2.6348493123e-07    9.98892229128e-09 2.14221950249728e-07 4.32517705406796e-07
      0.628115267835 0.000768107116554571    2.12184839377e-07    9.35748801507e-09 1.69397336771414e-07 4.24895660923704e-07
      0.630951739805 0.000768263790569721    1.46240411396e-07    8.48870381965e-09 1.25365847408065e-07 4.17444256386371e-07
      0.633788134896 0.000768421134072263    8.48018986907e-08    7.59584624225e-09 8.88518124319072e-08 4.10158925056073e-07
      0.636624452761 0.000768579146574283    5.89602977322e-08    7.17618953155e-09 6.44588448543929e-08 4.03035242210217e-07
      0.639460693056 0.000768737827586346    3.35692644325e-08    6.73935878029e-09 5.40281046561466e-08 3.96068920104291e-07
      0.642296855434 0.000768897176617167     3.7827402912e-08    6.79982031176e-09 5.66008119059091e-08 3.89255803159243e-07
      0.645132939551 0.000769057193173952    5.65045424898e-08    7.09397773598e-09 6.89220605532397e-08 3.82591863310585e-07
       0.64796894506 0.000769217876762069    9.47825158776e-08    7.67346474632e-09  8.6326340809452e-08 3.76073195568608e-07
      0.650804871616 0.000769379226885334    1.24949782586e-07    8.10084604169e-09 1.03790452247073e-07 3.69696013726691e-07
      0.653640718873 0.000769541243045847    1.40923321492e-07    8.31477265187e-09 1.16932333670004e-07 3.63456646255131e-07
      0.656476486486 0.000769703924744114    1.57369918732e-07    8.56957825678e-09 1.22770579505806e-07 3.57351532342998e-07
       0.65931217411 0.000769867271478994    1.41599078489e-07     8.3876430497e-09 1.20127013861746e-07 3.51377218099841e-07
      0.662147781398 0.000770031282747591    1.31010115692e-07    8.27410636894e-09 1.09636980441989e-07 3.45530352904989e-07
      0.664983308006  0.00077019595804555    1.01045649167e-07    7.88353408834e-09 9.34114316241883e-08 3.39807685882609e-07
      0.667818753587 0.000770361296866712    7.78401400091e-08    7.57636172933e-09 7.44565257917498e-08 3.34206062533574e-07
      0.670654117797 0.000770527298703471    3.96073343379e-08    6.93479221894e-09 5.59905121872467e-08 3.28722421470788e-07
      0.673489400289 0.000770693963046431    3.31413625877e-08    6.78192533992e-09 4.08008937923007e-08 3.23353791302024e-07
      0.676324600719 0.000770861289384764    1.58610770313e-08    6.43878243691e-09 3.07602347980161e-08 3.18097287607144e-07
      0.679159718741 0.000771029277205917    7.14202603738e-09    6.23383074878e-09 2.65745445437727e-08 3.12950110048628e-07
      0.681994754009 0.000771197925995745    1.98261427518e-08    6.41050236452e-09 2.77848091263944e-08 3.07909539577941e-07
      0.684829706179 0.000771367235238627    2.45799124026e-08    6.49313406525e-09 3.29912687724688e-08 3.02972935745619e-07
      0.687664574903 0.000771537204417121     6.1100569208e-08    7.10094890499e-09 4.02309628954617e-08 2.98137734124459e-07
      0.690499359838 0.000771707833012503    5.23365129261e-08    6.95901610065e-09 4.74179764730582e-08 2.93401443802546e-07
      0.693334060638 0.000771879120504299    7.03828081068e-08    7.24679300897e-09 5.27546259727944e-08 2.88761644997326e-07
      0.696168676957  0.00077205106637047    8.07690020056e-08    7.40740160891e-09 5.50383735338661e-08  2.8421598673755e-07
       0.69900320845 0.000772223670087474    6.23622621058e-08    7.10715033104e-09 5.38182515284588e-08 2.79762184634266e-07
      0.701837654772 0.000772396931130218     7.5046503223e-08    7.29503985223e-09 4.93889570480304e-08 2.75398018735112e-07
      0.704672015577    0.000772570848972    4.74025519724e-08    6.83875907816e-09 4.26432902938905e-08 2.71121331456396e-07
       0.70750629052 0.000772745423084639     3.4853489164e-08    6.61456216788e-09  3.4828244923992e-08 2.66930025584847e-07
      0.710340479255 0.000772920652938355    2.36561930562e-08     6.4067178214e-09 2.72630340873834e-08 2.62822062357241e-07
      0.713174581437 0.000773096538001904    1.59510441295e-08    6.26458385891e-09 2.10775710357302e-08 2.58795459602545e-07
      0.716008596721 0.000773273077742517    7.34470136918e-09    6.10265407977e-09 1.70189145198364e-08 2.54848289954769e-07
      0.718842524762 0.000773450271625913    1.38332572009e-08    6.21652528766e-09 1.53544118193667e-08 2.50978679127268e-07
      0.721676365214 0.000773628119116234    1.04087360859e-08    6.14911688651e-09 1.58782721377091e-08 2.47184804249483e-07
      0.724510117732 0.000773806619676184    2.00514398285e-08    6.31879816504e-09  1.8007692357894e-08 2.43464892258463e-07
      0.727343781971  0.00077398577276697    3.40423331138e-08    6.58678171138e-09 2.09392195213726e-08 2.39817218350246e-07
      0.730177357584 0.000774165577848181    2.93335965146e-08    6.52819546093e-09  2.3828098614789e-08 2.36240104486356e-07
      0.733010844228 0.000774346034378173    2.68778582712e-08    6.50838982013e-09  2.5953524214707e-08 2.32731917942749e-07
      0.735844241557 0.000774527141813637    3.38846249472e-08    6.65137834673e-09 2.68399640329337e-08 2.29291069924643e-07
      0.738677549226 0.000774708899609854     3.8638448658e-08    6.75383228908e-09 2.63167924510095e-08 2.25916014215857e-07
      0.741510766889 0.000774891307220575    1.46217716244e-08    6.34284934836e-09 2.45124559592455e-08 2.22605245881568e-07
      0.744343894201 0.000775074364098156    1.20083211903e-08    6.29981501334e-09  2.1792374228075e-08 2.19357300010743e-07
      0.747176930817   0.0007752580696935    4.21304231919e-09    6.16241747062e-09 1.86593962955428e-08 2.16170750505127e-07
      0.750009876391 0.000775442423455999    4.07786840075e-09    6.16365236494e-09 1.56404550673676e-08 2.13044208909162e-07
       0.75284273058   0.0007756274248338   -1.31798789884e-08    5.84382689389e-09 1.31827647779129e-08  2.0997632327416e-07
      0.755675493036  0.00077581307327329    7.36729085941e-09    6.19520173827e-09 1.15781785237759e-08 2.06965777073455e-07
      0.758508163416 0.000775999368219756    8.78773418006e-10    6.04328574549e-09 1.09266228337206e-08 2.04011288134915e-07
      0.761340741374 0.000776186309116865    9.23832976026e-10     6.0112841458e-09 1.11406987957089e-08 2.01111607628338e-07
      0.764173226565 0.000776373895406938    1.96685115342e-08    6.32207991586e-09 1.19854154490785e-08 1.98265519073591e-07
      0.767005618644 0.000776562126530887    1.20533936047e-08    6.15266762486e-09 1.31410685453223e-08 1.95471837387367e-07
      0.769837917265 0.000776751001928153    1.68965318033e-09    5.99148147016e-09 1.42743637155177e-08 1.92729407961105e-07
      0.772670122084 0.000776940521036917    2.24169466542e-08     6.3995654489e-09 1.51031838822378e-08  1.9003710576552e-07
      0.775502232756 0.000777130683293904    1.85868962124e-08     6.3616119465e-09 1.54434543780379e-08 1.87393834490377e-07
      0.778334248935 0.000777321488134389    6.19559444003e-09    6.16892037166e-09 1.52314343781886e-08 1.84798525709377e-07
      0.781166170276 0.000777512934992337    5.51977837979e-09    6.18750484984e-09 1.45202970416404e-08 1.82250138070481e-07
      0.783997996435 0.000777705023300411   -4.48332639252e-09    5.96685163076e-09 1.34549111412099e-08 1.79747656514468e-07
      0.786829727065 0.000777897752489707    -3.2216198924e-09    5.95484804215e-09 1.22325713708156e-08 1.77290442710105e-07
      0.789661361823 0.000778091121990235    9.07960065057e-09    6.14867829379e-09 1.12946091290357e-08 1.75400927166405e-07
