# intensity: 1.01994332329594
# background: 0
#           Q (1/A)             dQ (1/A)                    R                   dR               theory              fresnel
     0.0483642315116 0.000750702739851845       0.951434579138     0.00501003519873    0.918549720837787   0.0188626198276266
     0.0497866914682 0.000750709007438337        0.94044560157     0.00496697431537    0.914868932575475   0.0172288183980607
     0.0512091499082 0.000750715456630211        0.92483593417     0.00490572657895    0.908583655323592   0.0149831153556933
     0.0526316067882    0.000750722087422        0.91507948482      0.0048673956524     0.90115323741039   0.0130378308444412
      0.054054062065 0.000750728899808085       0.891642996968     0.00477516962074    0.892472503276684   0.0114115774011565
     0.0554765156953 0.000750735893782693       0.876236096925     0.00471441470647    0.882095086629388    0.010041175079683
     0.0568989676356 0.000750743069339895       0.854327123245     0.00462784251127    0.869379277938279  0.00887806763578444
     0.0583214178427 0.000750750426473612       0.832076973197     0.00453970038522    0.853405326489332  0.00788446378929854
     0.0597438662732 0.000750757965177608       0.797485049287     0.00440218205643    0.832880963436043  0.00703061664414634
     0.0611663128838 0.000750765685445495       0.755120376229     0.00423288370811    0.806082949271105  0.00629287190264869
     0.0625887576312 0.000750773587270732       0.713350487453     0.00406490300013     0.77097459733138  0.00565224570588637
      0.064011200472 0.000750781670646622       0.660982624188     0.00385260415179    0.725791883834447  0.00509337380736833
     0.0654336413629 0.000750789935566318       0.611077559878     0.00364824562759    0.670445469012332  0.00460372524690849
     0.0668560802606 0.000750798382022817        0.56406531003     0.00345358980774    0.608518319192973  0.00417300714285078
     0.0682785171218 0.000750807010008963       0.524906916272     0.00328959354811    0.548098100056861  0.00379270938837606
      0.069700951903 0.000750815819517446       0.497644208161     0.00317426832942    0.498985990834339   0.0034557529876444
     0.0711233845611 0.000750824810540804        0.47861385523      0.0030931423649    0.467159456958722  0.00315621601060529
     0.0725458150526  0.00075083398307142       0.474897210464      0.0030772339742     0.45169486841324  0.00288911826759971
     0.0739682433342 0.000750843337101525       0.465759918032     0.00303803317951    0.446903460378105  0.00265025082138251
     0.0753906693627 0.000750852872623196       0.468748114267     0.00305086561273    0.446456817463995  0.00243604003454798
     0.0768130930946 0.000750862589628355       0.459408054463     0.00301070035281    0.445793291879738  0.00224343843206349
     0.0782355144866 0.000750872488108774       0.451730687084     0.00297757578127    0.442405123365694  0.00206983654158547
     0.0796579334955  0.00075088256805607        0.44262088991     0.00293813751632    0.435231693927685  0.00191299126124815
     0.0810803500778 0.000750892829461706       0.427630839031     0.00287291585697    0.424029588077954  0.00177096733482763
     0.0825027641903 0.000750903272316994       0.407801406942     0.00278596845389    0.408967397237184  0.00164208928665488
     0.0839251757896 0.000750913896613089        0.38491694649     0.00268458712938    0.390416235723733  0.00152490175280906
     0.0853475848324 0.000750924702340998        0.36495233615     0.00259513435406    0.368857742961215  0.00141813658924689
     0.0867699912754  0.00075093568949157       0.339069270754     0.00247758842129    0.344850396223175  0.00132068547879471
     0.0881923950752 0.000750946858055505       0.315984395044     0.00237105595035    0.319018696395897  0.00123157702203155
     0.0896147961885 0.000750958208023346        0.29176402206     0.00225731092922    0.292045447067899  0.00114995750170638
      0.091037194572 0.000750969739385486       0.260541415925     0.00210718175422    0.264656533285195  0.00107507467034054
     0.0924595901823 0.000750981452132163       0.233198425444     0.00197181075627    0.237593556972486  0.00100626403637886
     0.0938819829761 0.000750993346253465       0.203718442648     0.00182081600318    0.211574422849995 0.000942937223710039
     0.0953043729102 0.000751005421739325       0.179902428357     0.00169407309675    0.187246115771795  0.00088457205845269
     0.0967267599411 0.000751017678579521       0.159465870211      0.0015810856865    0.165137075606018   0.0008307041000059
     0.0981491440255 0.000751030116763682       0.139745756765     0.00146746640219     0.14561792968006 0.000780919383970468
     0.0995715251202 0.000751042736281284       0.126108664385     0.00138566532441    0.128878292338234 0.000734848185501992
      0.100993903182 0.000751055537121649       0.112524602447     0.00130099949817    0.114924058403199 0.000692159644628544
      0.102416278167 0.000751068519273941       0.102319996657     0.00123490813755    0.103595138574425 0.000652557121993483
      0.103838650032 0.000751081682727178      0.0923451938816     0.00116785769893   0.0945993976459355 0.000615774175332602
      0.105261018734 0.000751095027470228       0.086452774134     0.00112693280748   0.0875559269841415 0.000581571065167677
       0.10668338423 0.000751108553491803      0.0807360861031      0.0010861680282   0.0820402383872459 0.000549731712788489
      0.108105746476 0.000751122260780457      0.0782499283608     0.00106807991715   0.0776252131745052  0.00052006104589482
      0.109528105429 0.000751136149324599       0.074804005069     0.00104262552508   0.0739138732260778 0.000492382677264918
      0.110950461045 0.000751150219112476      0.0717636165127     0.00101976905544   0.0705623912332208 0.000466536870439013
      0.112372813282 0.000751164470132202      0.0692369052886     0.00100047071944   0.0672936184920277 0.000442378753063305
      0.113795162096  0.00075117890237172      0.0658044998135    0.000973787182507   0.0639025372724665 0.000419776744794426
      0.115217507443  0.00075119351581882      0.0610469014476    0.000935831757317   0.0602554891897643 0.000398611171099726
      0.116639849281 0.000751208310461158      0.0568029804151    0.000900911670889   0.0562849908748665  0.00037877303877027
      0.118062187565  0.00075122328628621       0.051153205622    0.000852651373305   0.0519816510685794 0.000360162952399331
      0.119484522253 0.000751238443281329      0.0459089655654    0.000805749994439   0.0473843329301894 0.000342690153671608
      0.120906853302 0.000751253781433706      0.0424490783547    0.000773512018533   0.0425693782075368 0.000326271668345159
      0.122329180667  0.00075126930073036      0.0366782244134    0.000717022413013   0.0376394787348426 0.000310831547436587
      0.123751504306 0.000751285001158187       0.032705241141    0.000675774607553   0.0327126523694994 0.000296300191092837
      0.125173824175 0.000751300882703912      0.0279482240383    0.000623256835424   0.0279117323705018 0.000282613745356399
      0.126596140232 0.000751316945354128      0.0231236178092    0.000565581758074   0.0233547743312504 0.000269713562960093
      0.128018452432 0.000751333189095245      0.0191641523513    0.000513885901012   0.0191467842112845 0.000257545720806543
      0.129440760732 0.000751349613913542         0.0141359001    0.000440271397973   0.0153731415479291 0.000246060587388293
      0.130863065089 0.000751366219795145      0.0120352606732    5.97466838036e-05    0.012095014598151 0.000235212434576918
       0.13228536546 0.000751383006726032     0.00934358447845    4.93090836114e-05  0.00934693576781056 0.000224959088682548
      0.133707661802 0.000751399974692025       0.007159964344    4.06431350028e-05  0.00713654003959083 0.000215261616410527
       0.13512995407 0.000751417123678775      0.0055887953509    3.42157019178e-05  0.00544629125290003 0.000206084041872357
      0.136552242222 0.000751434453671812     0.00434438216249    2.89307750414e-05  0.00423686064332526 0.000197393091202635
      0.137974526215 0.000751451964656508     0.00361685846449    2.57148597532e-05  0.00345170502111289 0.000189157961903059
      0.139396806004 0.000751469656618054      0.0032326339746    2.39622827213e-05  0.00302233424267118 0.000181350114197036
      0.140819081547 0.000751487529541531     0.00306589923611    2.31866348511e-05  0.00287376254627981 0.000173943082061088
      0.142241352801 0.000751505583411852     0.00318062969614    2.37193714533e-05  0.00292969710296007 0.000166912301959434
      0.143663619722 0.000751523818213769     0.00337496823168    2.47063536734e-05  0.00311711308078661 0.000160234957383695
      0.145085882266 0.000751542233931882      0.0036949756928    2.61589950027e-05  0.00336997798480917 0.000153889837601769
      0.146508140391 0.000751560830550665     0.00397145575941    2.73928607322e-05  0.00363200093026821  0.00014785720918129
      0.147930394053 0.000751579608054414     0.00421400608699    2.84612866375e-05  0.00385838149245402 0.000142118699039323
      0.149352643209  0.00075159856642729     0.00432489280365    2.89462301701e-05  0.00401661033237092 0.000136657187823629
      0.150774887815 0.000751617705653286     0.00441551630015    2.93399338413e-05  0.00408642776772385 0.000131456712663414
      0.152197127829 0.000751637025716273     0.00440570235966    2.92971621979e-05  0.00405907869046538 0.000126502378343127
      0.153619363206 0.000751656526599929     0.00423975754483    2.85742069983e-05  0.00393601678720826 0.000121780276137729
      0.155041593904 0.000751676208287825     0.00402447267002    2.76282468751e-05  0.00372721268539463 0.000117277409516819
      0.156463819879  0.00075169607076335     0.00376295683488    2.64655617869e-05  0.00344921380917747 0.000112981626144661
      0.157886041087 0.000751716114009744     0.00337408957571    2.47042895404e-05  0.00312309178154316  0.00010888155553168
      0.159308257487 0.000751736338010139     0.00308011744466    2.33425864036e-05   0.0027723984003084  0.00010496655183682
      0.160730469033 0.000751756742747443     0.00261365787108    2.11158744366e-05  0.00242123477657476 0.000101226641381867
      0.162152675683 0.000751777328204473      0.0022931908026    1.95260552448e-05  0.00209252065343968 9.76524743762633e-05
      0.163574877394  0.00075179809436388     0.00195542091802     1.7781265055e-05  0.00180653241309877 9.42352805571927e-05
      0.164997074122 0.000751819041208152     0.00171939970045    1.65088742694e-05  0.00157975888134112 9.09668283472676e-05
      0.166419265824 0.000751840168719637     0.00153650353356    1.54844721767e-05  0.00142410406165549 8.78393872293323e-05
      0.167841452457 0.000751861476880536     0.00142038542022    1.48131868323e-05  0.00134644588883494 8.48456930690762e-05
      0.169263633977 0.000751882965672885     0.00142606290655    1.48464289689e-05  0.00134854078432303 8.19789161235639e-05
       0.17068581034 0.000751904635078568      0.0014925706036    1.52325652606e-05  0.00142724618763998  7.9232631501969e-05
      0.172107981505 0.000751926485079365     0.00161643442974    1.59373580224e-05  0.00157501830171485 7.66007918710617e-05
      0.173530147426 0.000751948515656829     0.00180153400168    1.69585580227e-05  0.00178063085351654 7.40777022400699e-05
      0.174952308062 0.000751970726792442     0.00205381716225    1.82992953111e-05  0.00203005329979327  7.1657996599115e-05
      0.176374463368  0.00075199311846747      0.0023343525766    1.97344470814e-05  0.00230742378401752  6.9336616323378e-05
      0.177796613302 0.000752015690663082     0.00260542551408    2.10763821058e-05  0.00259605313248415 6.71087901382264e-05
      0.179218757819 0.000752038443360243     0.00289958689434    2.24920938466e-05  0.00287940074155809 6.49700155662368e-05
      0.180640896878 0.000752061376539838     0.00321740446812    2.39825517742e-05  0.00314197066703312 6.29160416958793e-05
      0.182063030433 0.000752084490182517     0.00343099961467    2.49651513109e-05  0.00337008569804565 6.09428532094295e-05
      0.183485158443 0.000752107784268866     0.00358430526397    2.56621682408e-05  0.00355250786889795 5.90466555201172e-05
      0.184907280863 0.000752131258779252      0.0037512639166      2.641398538e-05   0.0036808849057616 5.72238609839902e-05
      0.186329397651 0.000752154913693944     0.00387658766861    2.69733282329e-05  0.00375001293010209  5.5471076055631e-05
      0.187751508763 0.000752178748993029     0.00385267463694    2.68668280435e-05  0.00375791581264354 5.37850893510418e-05
      0.189173614156  0.00075220276465646     0.00376766103801    2.64872359174e-05  0.00370575059390421 5.21628605229507e-05
      0.190595713786 0.000752226960664025     0.00367332014005    2.60639193999e-05  0.00359755612274344 5.06015099024092e-05
       0.19201780761 0.000752251336995379     0.00348570625226    2.52151940827e-05  0.00343986840144308  4.9098308838394e-05
      0.193439895585 0.000752275893630027     0.00333914599882    2.45448440255e-05  0.00324123098371716  4.7650670690844e-05
      0.194861977668 0.000752300630547327     0.00308701153477    2.33760521939e-05  0.00301163210058919 4.62561424240845e-05
      0.196284053814 0.000752325547726453     0.00285420755945    2.22766508554e-05  0.00276190194938292 4.49123967593064e-05
      0.197706123982 0.000752350645146498     0.00256368247262    2.08728404235e-05   0.0025031037448035 4.36172248358047e-05
      0.199128188127 0.000752375922786338     0.00231195354194    1.96222677466e-05  0.00224595071260719 4.23685293642529e-05
      0.200550246206 0.000752401380624735     0.00203928550175    1.82246477035e-05  0.00200027823888366 4.11643182110271e-05
      0.201972298176 0.000752427018640302      0.0018164982344    1.70414620999e-05  0.00177459603202485 4.00026984024307e-05
      0.203394343994 0.000752452836811504     0.00159668488852    1.58290040676e-05  0.00157573959468208 3.88818705100358e-05
      0.204816383616 0.000752478835116639     0.00142823927619    1.48627561179e-05   0.0014086338694606  3.7800123392768e-05
      0.206238416999 0.000752505013533874     0.00128250360926     1.3995115781e-05  0.00127617498960645 3.67558292676899e-05
      0.207660444099  0.00075253137204121      0.0011998195825    1.34864695972e-05  0.00117922907752666 3.57474390918672e-05
      0.209082464874 0.000752557910616538      0.0011205150117    1.29866515456e-05  0.00111674043453062 3.47734782272547e-05
       0.21050447928 0.000752584629237562     0.00109082085699    1.27957157118e-05   0.0010859356824529 3.38325423775723e-05
      0.211926487274 0.000752611527881857     0.00108626985584    1.27656916617e-05  0.00108260579361969 3.29232937690476e-05
      0.213348488811 0.000752638606526812     0.00109142915849     6.3819630991e-06   0.0011014447328311  3.2044457567193e-05
       0.21477048385 0.000752665865149744     0.00112026718402    6.87719049242e-06  0.00113642174998187 3.11948185042913e-05
      0.216192472347 0.000752693303727766     0.00116189757771    7.05034664085e-06  0.00118116420361472 3.03732177169127e-05
      0.217614454258 0.000752720922237841     0.00121623472667     7.2749655485e-06  0.00122932904344399 2.95785497656872e-05
       0.21903642954 0.000752748720656806     0.00125786512065    7.44612931396e-06  0.00127494351999023 2.88097598326126e-05
       0.22045839815 0.000752776698961349     0.00129284474508     7.5893713891e-06  0.00131269904723008 2.80658410840989e-05
      0.221880360044  0.00075280485712799     0.00133221135443    7.74968165455e-06  0.00133818611391845 2.73458321878248e-05
      0.223302315179 0.000752833195133124      0.0013433797814    7.79494488572e-06  0.00134806241351189 2.66488149720391e-05
      0.224724263513 0.000752861712953016     0.00132416013838    7.71661449338e-06  0.00134015065754037 2.59739122207138e-05
         0.226146205 0.000752890410563704      0.0013026424649     7.6287601863e-06  0.00131346660922661 2.53202855971309e-05
      0.227568139599 0.000752919287941181     0.00128050297122    7.53817077327e-06  0.00126818152570979 2.46871336790783e-05
      0.228990067266 0.000752948345061231     0.00119781443798    7.19851343166e-06  0.00120552628522342 2.40736901127565e-05
      0.230411987957 0.000752977581899491       0.001134456394    6.93603181628e-06  0.00112764690208518 2.34792218653375e-05
       0.23183390163 0.000753006998431492     0.00106001373391    6.62480067862e-06    0.001037422847601 2.29030275755386e-05
      0.233255808241 0.000753036594632577     0.00094615309734    6.14183828876e-06 0.000938260585159135 2.23444359980287e-05
      0.234677707746 0.000753066370477943    0.000848486814714    5.71950179159e-06 0.000833875010283892 2.18028045310685e-05
      0.236099600102  0.00075309632594266    0.000743412765034     5.2542046191e-06 0.000728071112093817 2.12775178251991e-05
      0.237521485267 0.000753126461001672     0.00063814946533    4.77397584665e-06 0.000624537208569499 2.07679864680062e-05
      0.238943363196 0.000753156775629716    0.000536995583825    4.29479165684e-06 0.000526659646159981 2.02736457413677e-05
      0.240365233847 0.000753187269801442     0.00045000838202    3.86380973128e-06 0.000437366999070735 1.97939544419833e-05
      0.241787097175 0.000753217943491293    0.000363751142256    3.41238843721e-06 0.000359009678484541 1.93283937690263e-05
      0.243208953139 0.000753248796673652    0.000298697963644    3.04975269737e-06  0.00029327858223246 1.88764662665317e-05
      0.244630801693 0.000753279829322644    0.000242972083755    2.71741058142e-06 0.000241164119506552   1.843769482674e-05
      0.246052642796  0.00075331104141236    0.000198736354524    2.43356797683e-06  0.00020295474020019   1.801162173978e-05
      0.247474476404 0.000753342432916679    0.000174182577659    2.26554737987e-06 0.000178272107256865 1.75978077984276e-05
      0.248896302473 0.000753374003809332    0.000159767168989    2.16240641046e-06 0.000166138350593174 1.71958314459452e-05
      0.250318120961 0.000753405754063953    0.000153719294349    2.11814303233e-06 0.000165069513132834 1.68052879682107e-05
      0.251739931823 0.000753437683653959    0.000153051513857    2.11314362341e-06 0.000173188379257551  1.6425788729155e-05
      0.253161735017 0.000753469792552689     0.00017290379107    2.25593599085e-06   0.0001883493843293  1.6056960442186e-05
      0.254583530499 0.000753502080733295    0.000195486668809    2.41079482605e-06 0.000208268231866048 1.56984444814344e-05
      0.256005318226 0.000753534548168803    0.000217420690923    2.55480813452e-06 0.000230649161578248 1.53498962256147e-05
      0.257427098154 0.000753567194832071    0.000239514222915    2.69494330267e-06 0.000253303467305627 1.50109844360126e-05
      0.258848870241 0.000753600020695859    0.000256498017476     2.7995896412e-06 0.000274253796289952 1.46813906642501e-05
      0.260270634443 0.000753633025732736    0.000275266165154    2.91238863737e-06 0.000291819897826825 1.43608086910179e-05
      0.261692390717 0.000753666209915148    0.000288951611052    2.99306016794e-06 0.000304682756342041 1.40489439908362e-05
      0.263114139019 0.000753699573215374    0.000300311991392    3.05910247919e-06  0.00031192536577677 1.37455132241566e-05
      0.264535879306  0.00075373311560557     0.00029936304069    3.05328890917e-06 0.000313049710880647 1.34502437533375e-05
      0.265957611535 0.000753766837057748    0.000293953207578    3.02171931466e-06 0.000307970753298532 1.31628731827127e-05
      0.267379335663 0.000753800737543776    0.000283379565175    2.95978246281e-06 0.000296989324039586 1.28831489205976e-05
      0.268801051645  0.00075383481703533    0.000266019974526    2.85657438288e-06 0.000280746756018473 1.26108277626716e-05
       0.27022275944 0.000753869075504036    0.000248254848844    2.74849659603e-06 0.000260164819352536 1.23456754936961e-05
      0.271644459003  0.00075390351292128    0.000224947415631    2.60290380177e-06 0.000236375028150892 1.20874665107471e-05
      0.273066150291 0.000753938129258353     0.00020209958847    2.45471087239e-06 0.000210641659881288 1.18359834616169e-05
      0.274487833261 0.000753972924486401    0.000178008121461    2.29141621608e-06 0.000184282870475525 1.15910169016482e-05
       0.27590950787 0.000754007898576427    0.000143670143419    2.04279722855e-06 0.000158594109545297 1.13523649662139e-05
      0.277331174074 0.000754043051499263    0.000127283836467    1.91574856879e-06  0.00013477766278292 1.11198330585592e-05
       0.27875283183 0.000754078383225625    0.000108161521685    1.75856981799e-06  0.00011388160111358 1.08932335515716e-05
      0.280174481095 0.000754113893726083    8.81740661775e-05    1.58097097434e-06 9.67507349233091e-05 1.06723855037407e-05
      0.281596121825  0.00075414958297104    7.62973054806e-05    1.46706998255e-06 8.39913970154382e-05 1.04571143880846e-05
      0.283017753977  0.00075418545093078    6.67456106645e-05     1.3696414155e-06 7.59510543869326e-05  1.0247251832948e-05
      0.284439377508 0.000754221497575444    6.38987569008e-05    1.33949814994e-06 7.27129209395905e-05 1.00426353749809e-05
      0.285860992375 0.000754257722875028      6.494233316e-05    1.35041260282e-06 7.41049535597944e-05 9.84310822307992e-06
      0.287282598533 0.000754294126799337    6.87165098896e-05    1.38989424516e-06  7.9721902080255e-05 9.64851903317553e-06
      0.288704195941 0.000754330709318132    8.12232012133e-05    1.51480237203e-06   8.895848230864e-05 9.45872169196533e-06
      0.290125784554  0.00075436747040093     9.3648785489e-05    1.63073136377e-06 0.000101051275886225  9.2735751121198e-06
       0.29154736433 0.000754404410017183    0.000107047653035    1.74849730023e-06 0.000115126648415424 9.09294303453326e-06
      0.292968935224  0.00075444152813612     0.00012256341174    1.87777693509e-06  0.00013025182475078  8.9166938409371e-06
      0.294390497194  0.00075447882472691    0.000138079170631    2.00034514564e-06 0.000145486267037166 8.74470037318856e-06
      0.295812050196 0.000754516299758522    0.000155433353857    2.13087534622e-06 0.000159930655496525 8.57683976177031e-06
      0.297233594188 0.000754553953199839    0.000165460876335    2.20373760946e-06 0.000172771058270029 8.41299326062309e-06
      0.298655129125 0.000754591785019521      0.0001738932957    2.26370736647e-06 0.000183316269925264 8.25304609013623e-06
      0.300076654965 0.000754629795186164    0.000180411590758    2.30904939904e-06 0.000191026772720562 8.09688728561323e-06
      0.301498171663 0.000754667983668145    0.000187686883978    2.35891836857e-06 0.000195534299182061 7.94440955353455e-06
      0.302919679178 0.000754706350433803    0.000191366435835    2.38384582136e-06 0.000196651520250323 7.79550913251052e-06
      0.304341177465  0.00075474489545123    0.000186583829473    2.35135572333e-06 0.000194371919529351 7.65008566169283e-06
      0.305762666482 0.000754783618688456    0.000183396326396    2.32951604924e-06 0.000188860415432662 7.50804205315704e-06
      0.307184146184 0.000754822520113288    0.000174704365355    2.26914446822e-06 0.000180435735160146 7.36928437094459e-06
      0.308605616529 0.000754861599693474    0.000158712778939    2.15500343615e-06 0.000169545909179458 7.23372171395348e-06
      0.310027077473 0.000754900857396565    0.000150858922844    2.09720964845e-06 0.000156738528457018 7.10126610474936e-06
      0.311448528973 0.000754940293189998    0.000137354615976    1.99500095403e-06 0.000142627580327621 6.97183238220028e-06
      0.312869970987 0.000754979907041098    0.000124039558562    1.89009388801e-06 0.000127858750272526  6.8453380988069e-06
      0.314291403469 0.000755019698916936    0.000106128440779    1.74155770274e-06 0.000113075047820181 6.72170342266095e-06
      0.315712826378 0.000755059668784583    9.86801193309e-05    1.67677492977e-06 9.88844924017873e-05 6.60085104217504e-06
      0.317134239669 0.000755099816610855     7.9741647061e-05    1.50147501967e-06  8.5831391742999e-05 6.48270607621956e-06
        0.3185556433 0.000755140142362515    7.17526128118e-05    1.42219155011e-06 7.43724741821921e-05 6.36719598652797e-06
      0.319977037227 0.000755180646006125    6.45476124818e-05    1.34726278867e-06 6.48588172307317e-05 6.25425049461477e-06
      0.321398421408 0.000755221327508166    5.70398124351e-05    1.26512954057e-06 5.75241644215328e-05 6.14380150128217e-06
      0.322819795797 0.000755262186834865    5.26681478269e-05    1.21517049355e-06  5.2479862587958e-05 6.03578301011003e-06
      0.324241160354 0.000755303223952477    4.79179842606e-05    1.15867322932e-06 4.97162998557612e-05  5.9301310527575e-06
      0.325662515033 0.000755344438826949    4.93589844943e-05    1.17649940376e-06 4.91103996627886e-05 5.82678361885907e-06
      0.327083859792   0.0007553858314242    5.10703413521e-05    1.19729782668e-06 5.04384421081184e-05  5.7256805870447e-06
      0.328505194587 0.000755427401709951    5.67153852124e-05    1.26232773408e-06  5.3393254321755e-05 5.62676365982301e-06
      0.329926519376 0.000755469149649845     5.9035044068e-05    1.28799423635e-06 5.76046440594706e-05 5.52997630028391e-06
      0.331347834114 0.000755511075209293     6.4409731131e-05    1.34622797148e-06  6.2661850886202e-05 5.43526367187399e-06
      0.332769138759 0.000755553178353658    6.92977763547e-05     1.3973002964e-06 6.81367580572202e-05  5.3425725797536e-06
      0.334190433268 0.000755595459048134    7.65379229051e-05    1.47023951145e-06 7.36066428302514e-05 5.25185141507194e-06
      0.335611717596 0.000755637917257713    8.02228820092e-05    1.50622275565e-06 7.86753380078573e-05 5.16305010116651e-06
      0.337032991701 0.000755680552947341    8.98286482313e-05    1.59692132194e-06 8.29918241609936e-05 5.07612004144211e-06
      0.338454255539 0.000755723366081763    8.81335130263e-05    1.58111398413e-06  8.6265459639809e-05 4.99101406984457e-06
      0.339875509068 0.000755766356625645    9.03315112482e-05    1.60134984805e-06  8.8277272348622e-05 4.90768640265601e-06
      0.341296752243 0.000755809524543426    8.92311602079e-05    1.59109255935e-06 8.88869701462841e-05 4.82609259263504e-06
      0.342717985022 0.000755852869799495    8.83146517396e-05    1.58255719943e-06 8.80355633337596e-05 4.74618948423624e-06
      0.344139207361 0.000755896392358042    8.72088937071e-05    1.57221459285e-06 8.57437205279928e-05 4.66793517112785e-06
      0.345560419217 0.000755940092183149    8.42917471577e-05    1.54470666296e-06 8.21061876455433e-05 4.59128895483508e-06
      0.346981620546 0.000755983969238729    7.66433619771e-05    1.47057461086e-06 7.72827792689872e-05 4.51621130518985e-06
      0.348402811306  0.00075602802348862    7.01304740431e-05    1.40480501657e-06 7.14865951352167e-05 4.44266382196941e-06
      0.349823991453 0.000756072254896457    6.15439520178e-05    1.31331047928e-06 6.49702168615753e-05 4.37060919830688e-06
      0.351245160944 0.000756116663425771    5.93378431242e-05    1.28857300951e-06 5.80106983838512e-05  4.3000111850768e-06
      0.352666319735 0.000756161249039923    5.10216774284e-05     1.1925666955e-06 5.08941778251086e-05  4.2308345568295e-06
      0.354087467783 0.000756206011702166    4.56253617653e-05    1.12625809817e-06 4.39022691352581e-05  4.1630371139316e-06
      0.355508605045 0.000756250951375619    3.63710588783e-05    3.42187539157e-07 3.73725203633242e-05  4.0967383655483e-06
      0.358350847038 0.000756341361607899    2.58532902786e-05    2.96020126601e-07 2.62825872008071e-05 3.96792317739562e-06
      0.361193045367 0.000756432479438858     1.8074232879e-05    2.44188105224e-07 1.88151380542182e-05 3.84401224031283e-06
      0.364035199685 0.000756524304568397    1.54740042181e-05    2.25000193295e-07 1.54814178629865e-05  3.7249061085862e-06
      0.366877309647 0.000756616836694292    1.55533087239e-05     2.2557510284e-07  1.5940422715895e-05 3.61038273720832e-06
      0.369719374906  0.00075671007551207    1.86936494461e-05    2.48513715669e-07 1.91947861829869e-05 3.50023197057983e-06
      0.372561395116 0.000756804020715113    2.23963317644e-05    2.73759034849e-07 2.38572003423734e-05 3.39425481982265e-06
      0.375403369931 0.000756898671994623    2.62702398802e-05    2.98555228573e-07 2.84624781225762e-05 3.29226278932228e-06
      0.378245299003 0.000756994029039567    2.98107083418e-05     3.2009421522e-07  3.1759545355586e-05 3.19407724868615e-06
      0.381087181988 0.000757090091536874    3.02811286573e-05    3.22894737888e-07 3.29288772455804e-05 3.09952884643782e-06
      0.383929018538  0.00075718685917118    2.85496455627e-05    3.12550830302e-07 3.16914482741315e-05  3.0084569631041e-06
      0.386770808308 0.000757284331625062    2.48340465848e-05    2.89461797896e-07 2.83001125033173e-05 2.92070919985421e-06
      0.389612550951 0.000757382508578872    2.00370214344e-05    2.57705158869e-07 2.34281779015969e-05 2.83614090097175e-06
      0.392454246121 0.000757481389710848    1.47353306264e-05     2.1894775463e-07 1.79882800554054e-05  2.7546147070908e-06
      0.395295893471 0.000757580974697049    1.05511131117e-05     1.8407527221e-07 1.29245581229903e-05  2.6760001373877e-06
      0.398137492656 0.000757681263211459    7.37322233097e-06    1.53340257257e-07 9.02160177047105e-06 2.60017319837572e-06
      0.400979043329 0.000757782254925858    5.56453728457e-06      1.333358335e-07   6.765611925226e-06 2.52701601775407e-06
      0.403820545144 0.000757883949509927    5.38399916947e-06    1.31241102565e-07 6.27917984662053e-06 2.45641650117838e-06
      0.406661997754 0.000757986346631184    6.42306928692e-06    1.43270020171e-07 7.33441636590676e-06 2.38826801066821e-06
      0.409503400814 0.000758089445955095    8.59463276767e-06     1.6584756811e-07 9.43338305786267e-06 2.32246906290698e-06
      0.412344753977 0.000758193247144936    1.09163943576e-05    1.87369441351e-07 1.19328633188024e-05 2.25892304635121e-06
      0.415186056898 0.000758297749861942    1.32711995005e-05    2.07216789474e-07 1.41843622685803e-05 2.19753795551886e-06
      0.418027309229 0.000758402953765126    1.37905844101e-05    2.11368888581e-07 1.56604081926876e-05 2.13822614167354e-06
      0.420868510625 0.000758508858511508    1.46253851788e-05    2.17928950742e-07 1.60440174844521e-05 2.08090407836877e-06
      0.423709660739 0.000758615463755933     1.3823027141e-05    2.11570431947e-07 1.52678420887973e-05 2.02549214132178e-06
      0.426550759225 0.000758722769151189    1.16358430226e-05    1.93460438276e-07 1.35007465120268e-05 1.97191440127393e-06
      0.429391805738 0.000758830774348009    9.53727589649e-06    1.74690595337e-07 1.10900120401499e-05 1.92009842920523e-06
      0.432232799931 0.000758939478994966    7.54384738404e-06    1.55122138949e-07 8.47509866865662e-06 1.86997511308279e-06
      0.435073741457 0.000759048882738548    5.85682287368e-06    1.36689721569e-07 6.09270713385141e-06 1.82147848525031e-06
      0.437914629971 0.000759158985223246    4.26892905464e-06    1.17009979717e-07 4.29245946040738e-06  1.7745455598659e-06
      0.440755465126 0.000759269786091401    3.37194624833e-06    1.04397220737e-07 3.27839442157864e-06 1.72911617983497e-06
      0.443596246576 0.000759381284983325    3.35902895131e-06    1.04352610186e-07 3.08484971058536e-06 1.68513287242062e-06
      0.446436973976 0.000759493481537307     4.0430307431e-06    1.14208266352e-07 3.58772746647058e-06 1.64254071314439e-06
      0.449277646979 0.000759606375389501    4.96734954904e-06    1.26348211143e-07 4.54518397728529e-06 1.60128719744705e-06
      0.452118265238 0.000759719966174008    6.12597744792e-06    1.40176563555e-07  5.6567293826451e-06 1.56132211950864e-06
      0.454958828409    0.000759834253523    7.16144307884e-06    1.51583538068e-07 6.62734383091187e-06 1.52259745784263e-06
      0.457799336144 0.000759949237066446    7.40614585273e-06    1.53745276386e-07 7.22368507263635e-06 1.48506726739352e-06
      0.460639788097 0.000760064916432359    7.72294354605e-06     1.5670322612e-07  7.3251903750913e-06 1.44866030346208e-06
      0.462059993048 0.000760123016931973    7.33004039126e-06    7.63907377837e-08 7.18077256470658e-06 1.43086583526036e-06
      0.463480183923 0.000760181291246758    6.95362897559e-06    1.48638568126e-07 6.89680578594206e-06 1.41336015610415e-06
       0.46490036068 0.000760239739329693    6.56572744873e-06    7.24209400268e-08 6.49413915753319e-06 1.39615686495223e-06
      0.467740671666 0.000760357156611068    5.50875376289e-06    6.67289432253e-08 5.44605127096995e-06  1.3624999338891e-06
      0.470580925659 0.000760475268396975    4.36940416324e-06    5.93689957689e-08 4.23535688641993e-06 1.32982702950683e-06
      0.473421122313  0.00076059407430632    3.33963138881e-06    5.11571159108e-08 3.05578520163082e-06 1.29812872455792e-06
      0.476261261282 0.000760713573955994     2.3003958019e-06    4.19480321241e-08 2.08684283867253e-06 1.26737031776336e-06
       0.47910134222 0.000760833766960888    1.76975367815e-06    3.70106095646e-08 1.45060623207686e-06 1.23751854157996e-06
      0.481941364781  0.00076095465293389    1.52433761324e-06    3.45107113026e-08 1.19436516730823e-06 1.20854149486671e-06
      0.484781328619 0.000761076231485893    1.52156645944e-06      3.445308231e-08 1.28954754130027e-06 1.18040857908931e-06
      0.487621233388 0.000761198502225802    1.90608093976e-06    3.82457919777e-08 1.64536751422412e-06 1.15309043785702e-06
      0.490461078742 0.000761321464760537    2.28924359661e-06    4.17309444681e-08 2.13296864430308e-06 1.12655889960128e-06
      0.493300864334 0.000761445118694994    2.72343607683e-06    4.54472834575e-08 2.61426904734931e-06 1.10078692322171e-06
       0.49614058982 0.000761569463632227    3.00690483561e-06    4.77504383517e-08 2.96943904023045e-06 1.07574854647964e-06
      0.498980254852 0.000761694499173145    3.08152322729e-06    4.83505581676e-08 3.11786629494766e-06 1.05141883712281e-06
      0.501819859085 0.000761820224916826    2.98243759597e-06    4.75792013657e-08 3.02927983531927e-06 1.02777384636974e-06
      0.504659402172 0.000761946640460301    2.63732758015e-06    4.47817352257e-08 2.72396438148658e-06 1.00479056484342e-06
      0.507498883769 0.000762073745398781    2.33256822742e-06    4.21767103569e-08 2.26321605176128e-06 9.82446880636105e-07
      0.510338303528 0.000762201539325351    1.87370567274e-06    3.79812074135e-08 1.73294554803873e-06 9.60721539561369e-07
      0.513177661104 0.000762330021831287    1.31075586714e-06    3.22145204263e-08  1.2243379230673e-06 9.39594107270593e-07
      0.516016956151 0.000762459192505884    9.47193972946e-07    2.79442425816e-08  8.1561767013263e-07 9.19044933323903e-07
      0.518856188322  0.00076258905093646    6.66090807339e-07    2.41802844092e-08 5.58311658211074e-07 8.99055116995031e-07
      0.521695357273 0.000762719596708542    5.63896016818e-07    2.26877693349e-08  4.7016402106092e-07 8.79606474716321e-07
      0.524534462657   0.0007628508294056    6.00934837874e-07     2.3263142586e-08 5.35339088736204e-07 8.60681509176775e-07
      0.527373504128 0.000762982748609235    7.75855488145e-07    2.57580899971e-08 7.11074255037188e-07 8.42263379841633e-07
       0.53021248134 0.000763115353899136    9.69025219988e-07    2.82740297598e-08 9.38793841198006e-07 8.24335874923314e-07
      0.533051393947 0.000763248644853088    1.18449938088e-06    3.08570097322e-08 1.15705397439334e-06 8.06883384685159e-07
      0.535890241603 0.000763382621046977    1.33779156815e-06    3.25538565485e-08 1.31362481969025e-06 7.89890876014083e-07
      0.538729023963 0.000763517282054844    1.40592143244e-06    3.32730164271e-08 1.37447889768709e-06 7.73343868188951e-07
       0.54156774068 0.000763652627448744    1.38821308235e-06     3.3063913126e-08 1.32829556695274e-06 7.57228409812589e-07
      0.544406391409 0.000763788656798946    1.26303799839e-06    3.16685900395e-08 1.18610138541204e-06 7.41531096264993e-07
      0.547244975804 0.000763925369673796    1.09730941219e-06    2.97383137427e-08 9.76692958411317e-07  7.2623888970415e-07
      0.550083493519 0.000764062765639766    8.36550742436e-07    2.64141261474e-08 7.39077473917558e-07 7.11339339301494e-07
      0.552921944207 0.000764200844261414    6.00799965202e-07    2.30261109996e-08 5.13865348104841e-07 6.96820400832192e-07
      0.555760327524 0.000764339605101584    4.48859617087e-07    2.05374605356e-08 3.35266359808869e-07  6.8267045907029e-07
      0.558598643123 0.000764479047721119    3.04353988652e-07    1.78633869156e-08 2.25209581494276e-07 6.68878310436709e-07
      0.561436890658 0.000764619171679061    2.90295283361e-07    1.74916661834e-08 1.90472941843581e-07 6.55433146384455e-07
      0.564275069784 0.000764759976532658    2.99532410247e-07    1.74217544334e-08 2.23039872941824e-07 6.42324537290278e-07
      0.567113180155 0.000764901461837272    3.73655166183e-07    1.86391324795e-08 3.03073453367915e-07 6.29534560945149e-07
      0.568532209449 0.000764972459519247    3.96748152114e-07    1.14101884116e-08 3.52779508112358e-07 6.23255292290088e-07
      0.569951221425 0.000765043627146432    5.03831732746e-07     2.1038754479e-08 4.05141946675998e-07  6.1706183727202e-07
      0.571370216039 0.000765114964662695    5.16515898049e-07    1.31120056416e-08 4.55274101386878e-07 6.10952505253568e-07
      0.574208153009 0.000765258149137558    6.14204770335e-07     1.4563618031e-08 5.39203308007241e-07  5.9895257791612e-07
      0.577046020013 0.000765402012492811    6.34616924913e-07    1.47336263594e-08 5.86480985379004e-07  5.8723883470037e-07
      0.579883816706 0.000765546554275664    6.82289846236e-07     1.4562334057e-08  5.8745047542026e-07 5.75810419132973e-07
      0.582721542742 0.000765691774031474    6.48404986816e-07    1.38057232833e-08 5.42799145407762e-07 5.64659027105545e-07
      0.585559197776 0.000765837671303845    5.65675829655e-07    1.30794393363e-08 4.62107962258659e-07 5.53776634511174e-07
       0.58839678146 0.000765984245634433    4.82270816387e-07    1.23113911415e-08 3.61006439621889e-07 5.43155487225744e-07
       0.59123429345 0.000766131496563311    3.16857702486e-07    1.06295949372e-08 2.57489867328973e-07 5.32788090745846e-07
        0.5940717334 0.000766279423628667    2.25116768137e-07    9.59792243767e-09 1.68198985589296e-07 5.22667200320693e-07
      0.596909100964 0.000766428026366908    1.37431216802e-07    8.50934390677e-09 1.05379261627161e-07  5.1278581147431e-07
      0.599746395797 0.000766577304312726    1.08841053916e-07     8.1016028522e-09 7.50255916496047e-08 5.03137150934849e-07
      0.602583617553 0.000766727256998991    9.94011245606e-08    7.95275685542e-09 7.64337067043448e-08 4.93714667957323e-07
      0.605420765885 0.000766877883956763    1.29388165557e-07     8.3581730099e-09 1.03084764488605e-07 4.84512026004722e-07
      0.608257840449 0.000767029184715505    1.81454301914e-07    9.03174443773e-09 1.44542355868482e-07 4.75523094764354e-07
      0.611094840898 0.000767181158802772     2.2563502234e-07    9.56732890322e-09 1.88883539160368e-07 4.66741942529064e-07
      0.613931766887 0.000767333805744485     2.7619170307e-07    1.01567882288e-08 2.25137616634592e-07 4.58162828860017e-07
      0.616768618071 0.000767487125064829     3.2472070179e-07    1.06949231838e-08 2.45264886131019e-07 4.49780197573917e-07
      0.619605394103  0.00076764111628615    3.32921515422e-07     1.0779393238e-08 2.45349161611916e-07 4.41588670018679e-07
      0.622442094638 0.000767795778929176    3.05975976689e-07     1.0477847526e-08 2.25865794006475e-07 4.33583038605958e-07
      0.625278719331  0.00076795111251292     2.6348493123e-07    9.98892229128e-09 1.91079856535428e-07 4.25758260625493e-07
      0.628115267835 0.000768107116554571    2.12184839377e-07    9.35748801507e-09 1.47789486574266e-07 4.18109452309286e-07
      0.630951739805 0.000768263790569721    1.46240411396e-07    8.48870381965e-09 1.03730074736211e-07 4.10631883119156e-07
      0.633788134896 0.000768421134072263    8.48018986907e-08    7.59584624225e-09 6.59835966040924e-08  4.0332097028086e-07
      0.636624452761 0.000768579146574283    5.89602977322e-08    7.17618953155e-09  3.9696705943357e-08 3.96172273534957e-07
      0.639460693056 0.000768737827586346    3.35692644325e-08    6.73935878029e-09 2.73170437770755e-08 3.89181490081072e-07
      0.642296855434 0.000768897176617167     3.7827402912e-08    6.79982031176e-09 2.84338049322404e-08 3.82344449748366e-07
      0.645132939551 0.000769057193173952    5.65045424898e-08    7.09397773598e-09 4.01829938600955e-08 3.75657110328321e-07
       0.64796894506 0.000769217876762069    9.47825158776e-08    7.67346474632e-09 5.80743373402081e-08 3.69115553119356e-07
      0.650804871616 0.000769379226885334    1.24949782586e-07    8.10084604169e-09 7.70327694475332e-08  3.6271597862007e-07
      0.653640718873 0.000769541243045847    1.40923321492e-07    8.31477265187e-09 9.24304617279304e-08 3.56454702408654e-07
      0.656476486486 0.000769703924744114    1.57369918732e-07    8.56957825678e-09 1.00913300318516e-07 3.50328151170847e-07
       0.65931217411 0.000769867271478994    1.41599078489e-07     8.3876430497e-09 1.00887924428066e-07 3.44332858888303e-07
      0.662147781398 0.000770031282747591    1.31010115692e-07    8.27410636894e-09 9.26160094642554e-08 3.38465463175075e-07
      0.664983308006  0.00077019595804555    1.01045649167e-07    7.88353408834e-09 7.79438167241102e-08 3.32722701740297e-07
      0.667818753587 0.000770361296866712    7.78401400091e-08    7.57636172933e-09 5.97614667730945e-08 3.27101409008222e-07
      0.670654117797 0.000770527298703471    3.96073343379e-08    6.93479221894e-09 4.13269488741321e-08 3.21598512842085e-07
      0.673489400289 0.000770693963046431    3.31413625877e-08    6.78192533992e-09  2.5599830694911e-08 3.16211031415997e-07
      0.676324600719 0.000770861289384764    1.58610770313e-08    6.43878243691e-09 1.47106799508118e-08 3.10936070181546e-07
      0.679159718741 0.000771029277205917    7.14202603738e-09    6.23383074878e-09 9.65139356287715e-09 3.05770818968187e-07
      0.681994754009 0.000771197925995745    1.98261427518e-08    6.41050236452e-09  1.0219348465636e-08 3.00712549179793e-07
      0.684829706179 0.000771367235238627    2.45799124026e-08    6.49313406525e-09 1.51959083223247e-08 2.95758611095301e-07
      0.687664574903 0.000771537204417121     6.1100569208e-08    7.10094890499e-09 2.26973791496759e-08  2.9090643128285e-07
      0.690499359838 0.000771707833012503    5.23365129261e-08    6.95901610065e-09 3.06109463111128e-08 2.86153510084006e-07
      0.693334060638 0.000771879120504299    7.03828081068e-08    7.24679300897e-09 3.70223271726981e-08 2.81497419219459e-07
      0.696168676957  0.00077205106637047    8.07690020056e-08    7.40740160891e-09 4.05545913069644e-08 2.76935799462827e-07
       0.69900320845 0.000772223670087474    6.23622621058e-08    7.10715033104e-09 4.05641885262199e-08 2.72466358403816e-07
      0.701837654772 0.000772396931130218     7.5046503223e-08    7.29503985223e-09 3.71739389982246e-08 2.68086868294987e-07
      0.704672015577    0.000772570848972    4.74025519724e-08    6.83875907816e-09 3.11562770691037e-08 2.63795163976569e-07
       0.70750629052 0.000772745423084639     3.4853489164e-08    6.61456216788e-09 2.37070090808948e-08 2.59589140871196e-07
      0.710340479255 0.000772920652938355    2.36561930562e-08     6.4067178214e-09 1.61658791529383e-08 2.55466753056786e-07
      0.713174581437 0.000773096538001904    1.59510441295e-08    6.26458385891e-09 9.74358790557507e-09 2.51426011402168e-07
      0.716008596721 0.000773273077742517    7.34470136918e-09    6.10265407977e-09 5.30646795873561e-09 2.47464981773653e-07
      0.718842524762 0.000773450271625913    1.38332572009e-08    6.21652528766e-09 3.25282597044897e-09 2.43581783303278e-07
      0.721676365214 0.000773628119116234    1.04087360859e-08    6.14911688651e-09 3.49336026291487e-09 2.39774586719707e-07
      0.724510117732 0.000773806619676184    2.00514398285e-08    6.31879816504e-09 5.52671785285919e-09 2.36041612734107e-07
      0.727343781971  0.00077398577276697    3.40423331138e-08    6.58678171138e-09 8.58421193739609e-09 2.32381130486087e-07
      0.730177357584 0.000774165577848181    2.93335965146e-08    6.52819546093e-09 1.18077121212814e-08 2.28791456044953e-07
      0.733010844228 0.000774346034378173    2.68778582712e-08    6.50838982013e-09 1.44227983163565e-08  2.2527095095356e-07
      0.735844241557 0.000774527141813637    3.38846249472e-08    6.65137834673e-09 1.58748134925127e-08 2.21818020838286e-07
      0.738677549226 0.000774708899609854     3.8638448658e-08    6.75383228908e-09 1.59064874826473e-08  2.1843111405364e-07
      0.741510766889 0.000774891307220575    1.46217716244e-08    6.34284934836e-09 1.45695525166552e-08 2.15108720380277e-07
      0.744343894201 0.000775074364098156    1.20083211903e-08    6.29981501334e-09 1.21762733861773e-08 2.11849369763455e-07
      0.747176930817   0.0007752580696935    4.21304231919e-09    6.16241747062e-09 9.20752414227338e-09 2.08651631097324e-07
      0.750009876391 0.000775442423455999    4.07786840075e-09    6.16365236494e-09 6.20025983208935e-09 2.05514111050933e-07
       0.75284273058   0.0007756274248338   -1.31798789884e-08    5.84382689389e-09 3.63832491603978e-09   2.024354529284e-07
      0.755675493036  0.00077581307327329    7.36729085941e-09    6.19520173827e-09 1.86693552996159e-09 1.99414335580246e-07
      0.758508163416 0.000775999368219756    8.78773418006e-10    6.04328574549e-09 1.04414092857573e-09 1.96449472332153e-07
      0.761340741374 0.000776186309116865    9.23832976026e-10     6.0112841458e-09 1.13387766783586e-09 1.93539609968814e-07
      0.764173226565 0.000776373895406938    1.96685115342e-08    6.32207991586e-09 1.93674255356391e-09  1.9068352773858e-07
      0.767005618644 0.000776562126530887    1.20533936047e-08    6.15266762486e-09 3.14792036995648e-09 1.87880036396876e-07
      0.769837917265 0.000776751001928153    1.68965318033e-09    5.99148147016e-09 4.42786076223788e-09 1.85127977280883e-07
      0.772670122084 0.000776940521036917    2.24169466542e-08     6.3995654489e-09 5.47068125106497e-09 1.82426221410918e-07
      0.775502232756 0.000777130683293904    1.85868962124e-08     6.3616119465e-09 6.05759344703521e-09 1.79773668627193e-07
      0.778334248935 0.000777321488134389    6.19559444003e-09    6.16892037166e-09 6.08709580973953e-09 1.77169246751765e-07
      0.781166170276 0.000777512934992337    5.51977837979e-09    6.18750484984e-09 5.57913370795303e-09 1.74611910776026e-07
      0.783997996435 0.000777705023300411   -4.48332639252e-09    5.96685163076e-09 4.65572867236492e-09 1.72100642076498e-07
      0.786829727065 0.000777897752489707    -3.2216198924e-09    5.95484804215e-09 3.50490453704264e-09 1.69634800080535e-07
      0.789661361823 0.000778091121990235    9.07960065057e-09    6.14867829379e-09 2.57727468916951e-09 1.67738649744977e-07
