# intensity: 1.08672272086204
# background: 2.66421781097223e-08
#           Q (1/A)             dQ (1/A)                    R                   dR               theory              fresnel
     0.0483642315116 0.000750702739851845       0.951434579138     0.00501003519873    0.927820823846839   0.0200976507684129
     0.0497866914682 0.000750709007438337        0.94044560157     0.00496697431537    0.922190197169498   0.0183568784192703
     0.0512091499082 0.000750715456630211        0.92483593417     0.00490572657895    0.912655631608241   0.0159641410340562
     0.0526316067882    0.000750722087422        0.91507948482      0.0048673956524    0.901548399008371    0.013891491673416
      0.054054062065 0.000750728899808085       0.891642996968     0.00477516962074    0.888835793689875   0.0121587615046585
     0.0554765156953 0.000750735893782693       0.876236096925     0.00471441470647    0.874047920299764   0.0106986339608507
     0.0568989676356 0.000750743069339895       0.854327123245     0.00462784251127    0.856558739482023  0.00945937364391092
     0.0583214178427 0.000750750426473612       0.832076973197     0.00453970038522    0.835550185362175  0.00840071494116764
     0.0597438662732 0.000750757965177608       0.797485049287     0.00440218205643    0.809998950558901  0.00749096331910536
     0.0611663128838 0.000750765685445495       0.755120376229     0.00423288370811    0.778737458468198  0.00670491574717634
     0.0625887576312 0.000750773587270732       0.713350487453     0.00406490300013    0.740687169403796  0.00602234542419865
      0.064011200472 0.000750781670646622       0.660982624188     0.00385260415179    0.695395130025237  0.00542688215060395
     0.0654336413629 0.000750789935566318       0.611077559878     0.00364824562759    0.643911032704525  0.00490517451868419
     0.0668560802606 0.000750798382022817        0.56406531003     0.00345358980774    0.589651008621471  0.00444625573439963
     0.0682785171218 0.000750807010008963       0.524906916272     0.00328959354811    0.538317698488638  0.00404105850329762
      0.069700951903 0.000750815819517446       0.497644208161     0.00317426832942    0.496051068356652  0.00368204034194364
     0.0711233845611 0.000750824810540804        0.47861385523      0.0030931423649    0.466551086174933  0.00336289158999649
     0.0725458150526  0.00075083398307142       0.474897210464      0.0030772339742    0.449450886093269  0.00307830598667379
     0.0739682433342 0.000750843337101525       0.465759918032     0.00303803317951    0.441210467790479   0.0028237990203066
     0.0753906693627 0.000750852872623196       0.468748114267     0.00305086561273    0.437340414942979  0.00259556307445564
     0.0768130930946 0.000750862589628355       0.459408054463     0.00301070035281    0.434108927943228  0.00239035114481824
     0.0782355144866 0.000750872488108774       0.451730687084     0.00297757578127    0.429107859755325   0.0022053829074093
     0.0796579334955  0.00075088256805607        0.44262088991     0.00293813751632    0.421084490187216  0.00203826839632869
     0.0810803500778 0.000750892829461706       0.427630839031     0.00287291585697    0.409566631491755  0.00188694564709154
     0.0825027641903 0.000750903272316994       0.407801406942     0.00278596845389    0.394546367259721  0.00174962948454528
     0.0839251757896 0.000750913896613089        0.38491694649     0.00268458712938    0.376280300127364  0.00162476925680192
     0.0853475848324 0.000750924702340998        0.36495233615     0.00259513435406    0.355182694571303  0.00151101378981712
     0.0867699912754  0.00075093568949157       0.339069270754     0.00247758842129    0.331774535491632  0.00140718220086236
     0.0881923950752 0.000750946858055505       0.315984395044     0.00237105595035    0.306659249586295  0.00131223948946488
     0.0896147961885 0.000750958208023346        0.29176402206     0.00225731092922    0.280505730862994  0.00122527604240137
      0.091037194572 0.000750969739385486       0.260541415925     0.00210718175422    0.254027069207447  0.00114549035981582
     0.0924595901823 0.000750981452132163       0.233198425444     0.00197181075627    0.227949362206172  0.00107217444347506
     0.0938819829761 0.000750993346253465       0.203718442648     0.00182081600318    0.202970115609896  0.00100470139414464
     0.0953043729102 0.000751005421739325       0.179902428357     0.00169407309675    0.179710249068322 0.000942514849320693
     0.0967267599411 0.000751017678579521       0.159465870211      0.0015810856865    0.158667086511478 0.000885119959787607
     0.0981491440255 0.000751030116763682       0.139745756765     0.00146746640219    0.140177045284865 0.000832075657391923
     0.0995715251202 0.000751042736281284       0.126108664385     0.00138566532441     0.12439548221896 0.000782988010059474
      0.100993903182 0.000751055537121649       0.112524602447     0.00130099949817    0.111297594589446 0.000737504495213068
      0.102416278167 0.000751068519273941       0.102319996657     0.00123490813755    0.100699602050745 0.000695309051438899
      0.103838650032 0.000751081682727178      0.0923451938816     0.00116785769893   0.0922952575654656 0.000656117791529021
      0.105261018734 0.000751095027470228       0.086452774134     0.00112693280748   0.0857003310857334 0.000619675279389955
       0.10668338423 0.000751108553491803      0.0807360861031      0.0010861680282   0.0804975152834561 0.000585751288852731
      0.108105746476 0.000751122260780457      0.0782499283608     0.00106807991715   0.0762757877460082 0.000554137975524414
      0.109528105429 0.000751136149324599       0.074804005069     0.00104262552508   0.0726607177251878 0.000524647403470557
      0.110950461045 0.000751150219112476      0.0717636165127     0.00101976905544   0.0693346238485977 0.000497109377704617
      0.112372813282 0.000751164470132202      0.0692369052886     0.00100047071944   0.0660472938568916 0.000471369540553081
      0.113795162096  0.00075117890237172      0.0658044998135    0.000973787182507   0.0626189845750293 0.000447287696629117
      0.115217507443  0.00075119351581882      0.0610469014476    0.000935831757317   0.0589377335645407 0.000424736335873322
      0.116639849281 0.000751208310461158      0.0568029804151    0.000900911670889   0.0549528669331358  0.00040359932889511
      0.118062187565  0.00075122328628621       0.051153205622    0.000852651373305   0.0506662186692511 0.000383770772509104
      0.119484522253 0.000751238443281329      0.0459089655654    0.000805749994439   0.0461221641812699 0.000365153966123132
      0.120906853302 0.000751253781433706      0.0424490783547    0.000773512018533   0.0413972189404191 0.000347660502869963
      0.122329180667  0.00075126930073036      0.0366782244134    0.000717022413013   0.0365897038310844 0.000331209461110132
      0.123751504306 0.000751285001158187       0.032705241141    0.000675774607553   0.0318098323342871 0.000315726684035161
      0.125173824175 0.000751300882703912      0.0279482240383    0.000623256835424   0.0271705076740085  0.00030114413693679
      0.126596140232 0.000751316945354128      0.0231236178092    0.000565581758074   0.0227790975784586 0.000287399332698033
      0.128018452432 0.000751333189095245      0.0191641523513    0.000513885901012   0.0187304479589279 0.000274434817680281
      0.129440760732 0.000751349613913542         0.0141359001    0.000440271397973   0.0151013773852959 0.000262197710820842
      0.130863065089 0.000751366219795145      0.0120352606732    5.97466838036e-05   0.0119468454782517 0.000250639290004469
       0.13228536546 0.000751383006726032     0.00934358447845    4.93090836114e-05  0.00929790484660801 0.000239714620276486
      0.133707661802 0.000751399974692025       0.007159964344    4.06431350028e-05  0.00716143466422362 0.000229382219237887
       0.13512995407 0.000751417123678775      0.0055887953509    3.42157019178e-05  0.00552152927414063 0.000219603755527958
      0.136552242222 0.000751434453671812     0.00434438216249    2.89307750414e-05  0.00434229665634092 0.000210343776720353
      0.137974526215 0.000751451964656508     0.00361685846449    2.57148597532e-05  0.00357172777507874  0.00020156946356522
      0.139396806004 0.000751469656618054      0.0032326339746    2.39622827213e-05  0.00314624197923458  0.00019325040768303
      0.140819081547 0.000751487529541531     0.00306589923611    2.31866348511e-05  0.00299550150360175 0.000185358410223526
      0.142241352801 0.000751505583411852     0.00318062969614    2.37193714533e-05  0.00304711708642133 0.000177867299386934
      0.143663619722 0.000751523818213769     0.00337496823168    2.47063536734e-05  0.00323092780956531 0.000170752764785117
      0.145085882266 0.000751542233931882      0.0036949756928    2.61589950027e-05  0.00348261895658101 0.000163992206942229
      0.146508140391 0.000751560830550665     0.00397145575941    2.73928607322e-05  0.00374652890841762  0.00015756460040634
      0.147930394053 0.000751579608054414     0.00421400608699    2.84612866375e-05  0.00397757888247213 0.000151450369141979
      0.149352643209  0.00075159856642729     0.00432489280365    2.89462301701e-05  0.00414233013783463 0.000145631272930673
      0.150774887815 0.000751617705653286     0.00441551630015    2.93399338413e-05  0.00421922833771677 0.000140090303754443
      0.152197127829 0.000751637025716273     0.00440570235966    2.92971621979e-05  0.00419813355807765 0.000134811591153822
      0.153619363206 0.000751656526599929     0.00423975754483    2.85742069983e-05  0.00407925862314342 0.000129780315748973
      0.155041593904 0.000751676208287825     0.00402447267002    2.76282468751e-05  0.00387165082729593 0.000124982630079399
      0.156463819879  0.00075169607076335     0.00376295683488    2.64655617869e-05  0.00359135562087645 0.000120405586151762
      0.157886041087 0.000751716114009744     0.00337408957571    2.47042895404e-05  0.00325939799585423 0.000116037069009196
      0.159308257487 0.000751736338010139     0.00308011744466    2.33425864036e-05   0.0028997098624391 0.000111865735788724
      0.160730469033 0.000751756742747443     0.00261365787108    2.11158744366e-05   0.0025371206664904 0.000107880959799159
      0.162152675683 0.000751777328204473      0.0022931908026    1.95260552448e-05  0.00219551429053968 0.000104072779085162
      0.163574877394  0.00075179809436388     0.00195542091802     1.7781265055e-05  0.00189623813744824 0.000100431849162925
      0.164997074122 0.000751819041208152     0.00171939970045    1.65088742694e-05  0.00165683038986086 9.69493995037627e-05
      0.166419265824 0.000751840168719637     0.00153650353356    1.54844721767e-05  0.00149010931390226 9.36171934454537e-05
      0.167841452457 0.000751861476880536     0.00142038542022    1.48131868323e-05  0.00140364498992773 9.04274912444047e-05
      0.169263633977 0.000751882965672885     0.00142606290655    1.48464289689e-05  0.00139961026156165 8.73730159895795e-05
       0.17068581034 0.000751904635078568      0.0014925706036    1.52325652606e-05  0.00147498549023654 8.44469221291904e-05
      0.172107981505 0.000751926485079365     0.00161643442974    1.59373580224e-05  0.00162207239939569 8.16427663891147e-05
      0.173530147426 0.000751948515656829     0.00180153400168    1.69585580227e-05  0.00182925720313891 7.89544809068295e-05
      0.174952308062 0.000751970726792442     0.00205381716225    1.82992953111e-05  0.00208195326342676 7.63763483402803e-05
      0.176374463368  0.00075199311846747      0.0023343525766    1.97344470814e-05  0.00236364908251049 7.39029788580895e-05
      0.177796613302 0.000752015690663082     0.00260542551408    2.10763821058e-05  0.00265698837901874 7.15292887929278e-05
      0.179218757819 0.000752038443360243     0.00289958689434    2.24920938466e-05  0.00294481463681561 6.92504808738051e-05
      0.180640896878 0.000752061376539838     0.00321740446812    2.39825517742e-05  0.00321112188905076 6.70620258665588e-05
      0.182063030433 0.000752084490182517     0.00343099961467    2.49651513109e-05  0.00344186537789845 6.49596455560147e-05
      0.183485158443 0.000752107784268866     0.00358430526397    2.56621682408e-05  0.00362559894766205 6.29392969100106e-05
      0.184907280863 0.000752131258779252      0.0037512639166      2.641398538e-05  0.00375391944445643 6.09971573885016e-05
      0.186329397651 0.000752154913693944     0.00387658766861    2.69733282329e-05  0.00382171117786295 5.91296112583135e-05
      0.187751508763 0.000752178748993029     0.00385267463694    2.68668280435e-05  0.00382719496053969 5.73332368744628e-05
      0.189173614156  0.00075220276465646     0.00376766103801    2.64872359174e-05  0.00377179601871954 5.56047948270879e-05
      0.190595713786 0.000752226960664025     0.00367332014005    2.60639193999e-05  0.00365985293454346 5.39412169048446e-05
       0.19201780761 0.000752251336995379     0.00348570625226    2.52151940827e-05  0.00349819570206223 5.23395958020069e-05
      0.193439895585 0.000752275893630027     0.00333914599882    2.45448440255e-05  0.00329562498805341 5.07971755217844e-05
      0.194861977668 0.000752300630547327     0.00308701153477    2.33760521939e-05  0.00306232687820547 4.93113424193383e-05
      0.196284053814 0.000752325547726453     0.00285420755945    2.22766508554e-05   0.0028092578713251 4.78796168404548e-05
      0.197706123982 0.000752350645146498     0.00256368247262    2.08728404235e-05  0.00254753377773258 4.64996453022879e-05
      0.199128188127 0.000752375922786338     0.00231195354194    1.96222677466e-05  0.00228785362827393 4.51691931983534e-05
      0.200550246206 0.000752401380624735     0.00203928550175    1.82246477035e-05  0.00203998584478403 4.38861379627968e-05
      0.201972298176 0.000752427018640302      0.0018164982344    1.70414620999e-05  0.00181233899264637  4.2648462682051e-05
      0.203394343994 0.000752452836811504     0.00159668488852    1.58290040676e-05  0.00161163364687176 4.14542501125668e-05
      0.204816383616 0.000752478835116639     0.00142823927619    1.48627561179e-05  0.00144268557650355 4.03016770786426e-05
      0.206238416999 0.000752505013533874     0.00128250360926     1.3995115781e-05  0.00130830391738635  3.9189009220474e-05
      0.207660444099  0.00075253137204121      0.0011998195825    1.34864695972e-05  0.00120930162879181 3.81145960736538e-05
      0.209082464874 0.000752557910616538      0.0011205150117    1.29866515456e-05  0.00114460966687625 3.70768664502229e-05
       0.21050447928 0.000752584629237562     0.00109082085699    1.27957157118e-05  0.00111148128679389 3.60743241095179e-05
      0.211926487274 0.000752611527881857     0.00108626985584    1.27656916617e-05  0.00110576895597618  3.5105543688854e-05
      0.213348488811 0.000752638606526812     0.00109142915849     6.3819630991e-06  0.00112225370349319 3.41691668856948e-05
       0.21477048385 0.000752665865149744     0.00112026718402    6.87719049242e-06  0.00115500541289143 3.32638988643272e-05
      0.216192472347 0.000752693303727766     0.00116189757771    7.05034664085e-06  0.00119775256807548 3.23885048863194e-05
      0.217614454258 0.000752720922237841     0.00121623472667     7.2749655485e-06  0.00124424117015795 3.15418071351669e-05
       0.21903642954 0.000752748720656806     0.00125786512065    7.44612931396e-06  0.00128856477382321  3.0722681730098e-05
       0.22045839815 0.000752776698961349     0.00129284474508     7.5893713891e-06  0.00132545061437058 2.99300559164669e-05
      0.221880360044  0.00075280485712799     0.00133221135443    7.74968165455e-06  0.00135049035770399 2.91629054200301e-05
      0.223302315179 0.000752833195133124      0.0013433797814    7.79494488572e-06  0.00136030784984671 2.84202519529937e-05
      0.224724263513 0.000752861712953016     0.00132416013838    7.71661449338e-06  0.00135266013278003 2.77011608648072e-05
         0.226146205 0.000752890410563704      0.0013026424649     7.6287601863e-06   0.0013264717229341 2.70047389297995e-05
      0.227568139599 0.000752919287941181     0.00128050297122    7.53817077327e-06  0.00128180554557811 2.63301322537327e-05
      0.228990067266 0.000752948345061231     0.00119781443798    7.19851343166e-06  0.00121977685301701 2.56765243068379e-05
      0.230411987957 0.000752977581899491       0.001134456394    6.93603181628e-06  0.00114241883155877 2.50431340619628e-05
       0.23183390163 0.000753006998431492     0.00106001373391    6.62480067862e-06  0.00105251036493336 2.44292142371513e-05
      0.233255808241 0.000753036594632577     0.00094615309734    6.14183828876e-06 0.000953377542137006 2.38340496382004e-05
      0.234677707746 0.000753066370477943    0.000848486814714    5.71950179159e-06 0.000848680973326092 2.32569555898983e-05
      0.236099600102  0.00075309632594266    0.000743412765034     5.2542046191e-06 0.000742200836456752   2.269727645362e-05
      0.237521485267 0.000753126461001672     0.00063814946533    4.77397584665e-06 0.000637630863048004 2.21543842259775e-05
      0.238943363196 0.000753156775629716    0.000536995583825    4.29479165684e-06 0.000538391252384368 2.16276772147002e-05
      0.240365233847 0.000753187269801442     0.00045000838202    3.86380973128e-06 0.000447468863406456 2.11165787819399e-05
      0.241787097175 0.000753217943491293    0.000363751142256    3.41238843721e-06 0.000367291079120511 2.06205361590937e-05
      0.243208953139 0.000753248796673652    0.000298697963644    3.04975269737e-06 0.000299637573045686 2.01390193199459e-05
      0.244630801693 0.000753279829322644    0.000242972083755    2.71741058142e-06 0.000245591963797699 1.96715199187576e-05
      0.246052642796  0.00075331104141236    0.000198736354524    2.43356797683e-06 0.000205533129489955 1.92175502777279e-05
      0.247474476404 0.000753342432916679    0.000174182577659    2.26554737987e-06  0.00017916389733195 1.87766424331391e-05
      0.248896302473 0.000753374003809332    0.000159767168989    2.16240641046e-06 0.000165573013545625 1.83483472274013e-05
      0.250318120961 0.000753405754063953    0.000153719294349    2.11814303233e-06 0.000163324829305528 1.79322334482876e-05
      0.251739931823 0.000753437683653959    0.000153051513857    2.11314362341e-06 0.000170570061431673 1.75278870143122e-05
      0.253161735017 0.000753469792552689     0.00017290379107    2.25593599085e-06 0.000185170338652791 1.71349101984529e-05
      0.254583530499 0.000753502080733295    0.000195486668809    2.41079482605e-06 0.000204829030630295 1.67529208943008e-05
      0.256005318226 0.000753534548168803    0.000217420690923    2.55480813452e-06 0.000227221057846267 1.63815519169618e-05
      0.257427098154 0.000753567194832071    0.000239514222915    2.69494330267e-06 0.000250114954065074 1.60204503403188e-05
      0.258848870241 0.000753600020695859    0.000256498017476     2.7995896412e-06 0.000271481340117737 1.56692768660207e-05
      0.260270634443 0.000753633025732736    0.000275266165154    2.91238863737e-06 0.000289583095482003 1.53277052254668e-05
      0.261692390717 0.000753666209915148    0.000288951611052    2.99306016794e-06 0.000303043804933545 1.49954216095233e-05
      0.263114139019 0.000753699573215374    0.000300311991392    3.05910247919e-06 0.000310892429566856 1.46721241273713e-05
      0.264535879306  0.00075373311560557     0.00029936304069    3.05328890917e-06  0.00031258352896756 1.43575222907917e-05
      0.265957611535 0.000753766837057748    0.000293953207578    3.02171931466e-06 0.000307993672571019   1.405133652412e-05
      0.267379335663 0.000753800737543776    0.000283379565175    2.95978246281e-06 0.000297395863097405 1.37532976975757e-05
      0.268801051645  0.00075383481703533    0.000266019974526    2.85657438288e-06 0.000281414803372896  1.3463146683367e-05
       0.27022275944 0.000753869075504036    0.000248254848844    2.74849659603e-06 0.000260966632838211 1.31806339313322e-05
      0.271644459003  0.00075390351292128    0.000224947415631    2.60290380177e-06 0.000237187318012605 1.29055190675037e-05
      0.273066150291 0.000753938129258353     0.00020209958847    2.45471087239e-06 0.000211354189423765 1.26375705088345e-05
      0.274487833261 0.000753972924486401    0.000178008121461    2.29141621608e-06 0.000184805179108536 1.23765650975641e-05
       0.27590950787 0.000754007898576427    0.000143670143419    2.04279722855e-06 0.000158860138247036 1.21222877522543e-05
      0.277331174074 0.000754043051499263    0.000127283836467    1.91574856879e-06 0.000134748228260426 1.18745311351933e-05
       0.27875283183 0.000754078383225625    0.000108161521685    1.75856981799e-06 0.000113544811879845 1.16330953346394e-05
      0.280174481095 0.000754113893726083    8.81740661775e-05    1.58097097434e-06 9.61205628746805e-05 1.13977875621836e-05
      0.281596121825  0.00075414958297104    7.62973054806e-05    1.46706998255e-06 8.31047077361148e-05 1.11684218639281e-05
      0.283017753977  0.00075418545093078    6.67456106645e-05     1.3696414155e-06 7.48634570699482e-05 1.09448188443131e-05
      0.284439377508 0.000754221497575444    6.38987569008e-05    1.33949814994e-06 7.14938256857868e-05 1.07268054029225e-05
      0.285860992375 0.000754257722875028      6.494233316e-05    1.35041260282e-06 7.28322229908815e-05 1.05142144829692e-05
      0.287282598533 0.000754294126799337    6.87165098896e-05    1.38989424516e-06 7.84764601054037e-05 1.03068848313373e-05
      0.288704195941 0.000754330709318132    8.12232012133e-05    1.51480237203e-06 8.78192006945872e-05 1.01046607681553e-05
      0.290125784554  0.00075436747040093     9.3648785489e-05    1.63073136377e-06 0.000100090404422821  9.9073919685931e-06
       0.29154736433 0.000754404410017183    0.000107047653035    1.74849730023e-06  0.00011440599218936 9.71493325216612e-06
      0.292968935224  0.00075444152813612     0.00012256341174    1.87777693509e-06 0.000129819807083287 9.52714438307915e-06
      0.294390497194  0.00075447882472691    0.000138079170631    2.00034514564e-06 0.000145375953046722 9.34388987768349e-06
      0.295812050196 0.000754516299758522    0.000155433353857    2.13087534622e-06 0.000160158752209038 9.16503882174783e-06
      0.297233594188 0.000754553953199839    0.000165460876335    2.20373760946e-06 0.000173337855079941 8.99046469447668e-06
      0.298655129125 0.000754591785019521      0.0001738932957    2.26370736647e-06 0.000184206439530807 8.82004520122094e-06
      0.300076654965 0.000754629795186164    0.000180411590758    2.30904939904e-06 0.000192210918240766 8.65366211202202e-06
      0.301498171663 0.000754667983668145    0.000187686883978    2.35891836857e-06  0.00019697110819876 8.49120110846356e-06
      0.302919679178 0.000754706350433803    0.000191366435835    2.38384582136e-06  0.00019829037075991 8.33255163552045e-06
      0.304341177465  0.00075474489545123    0.000186583829473    2.35135572333e-06 0.000196155775607411 8.17760676135478e-06
      0.305762666482 0.000754783618688456    0.000183396326396    2.32951604924e-06 0.000190728851000379 8.02626304134272e-06
      0.307184146184 0.000754822520113288    0.000174704365355    2.26914446822e-06 0.000182327931615051 7.87842038919697e-06
      0.308605616529 0.000754861599693474    0.000158712778939    2.15500343615e-06 0.000171403485813581  7.7339819521899e-06
      0.310027077473 0.000754900857396565    0.000150858922844    2.09720964845e-06  0.00015850808249173 7.59285399268466e-06
      0.311448528973 0.000754940293189998    0.000137354615976    1.99500095403e-06 0.000144262835031405  7.4549457737404e-06
      0.312869970987 0.000754979907041098    0.000124039558562    1.89009388801e-06 0.000129322233984213 7.32016944972022e-06
      0.314291403469 0.000755019698916936    0.000106128440779    1.74155770274e-06 0.000114339252777862 7.18843996183059e-06
      0.315712826378 0.000755059668784583    9.86801193309e-05    1.67677492977e-06 9.99324890700234e-05  7.0596749366134e-06
      0.317134239669 0.000755099816610855     7.9741647061e-05    1.50147501967e-06  8.6656900841562e-05 6.93379459019926e-06
        0.3185556433 0.000755140142362515    7.17526128118e-05    1.42219155011e-06 7.49794238270742e-05 6.81072163497757e-06
      0.319977037227 0.000755180646006125    6.45476124818e-05    1.34726278867e-06 6.52604355350787e-05 6.69038119107488e-06
      0.321398421408 0.000755221327508166    5.70398124351e-05    1.26512954057e-06 5.77416776255588e-05 6.57270070059135e-06
      0.322819795797 0.000755262186834865    5.26681478269e-05    1.21517049355e-06 5.25408844786345e-05 6.45760984608125e-06
      0.324241160354 0.000755303223952477    4.79179842606e-05    1.15867322932e-06 4.96530092153274e-05 6.34504047096389e-06
      0.325662515033 0.000755344438826949    4.93589844943e-05    1.17649940376e-06 4.89576083010516e-05 6.23492650482969e-06
      0.327083859792   0.0007553858314242    5.10703413521e-05    1.19729782668e-06 5.02316564621172e-05 6.12720388994394e-06
      0.328505194587 0.000755427401709951    5.67153852124e-05    1.26232773408e-06 5.31668287441302e-05 6.02181051186652e-06
      0.329926519376 0.000755469149649845     5.9035044068e-05    1.28799423635e-06  5.7390114125398e-05  5.9186861320103e-06
      0.331347834114 0.000755511075209293     6.4409731131e-05    1.34622797148e-06 6.24865209973586e-05 5.81777232347335e-06
      0.332769138759 0.000755553178353658    6.92977763547e-05     1.3973002964e-06 6.80226002142539e-05 5.71901240855647e-06
      0.334190433268 0.000755595459048134    7.65379229051e-05    1.47023951145e-06  7.3569543780991e-05 5.62235139938977e-06
      0.335611717596 0.000755637917257713    8.02228820092e-05    1.50622275565e-06 7.87247112685045e-05 5.52773594060958e-06
      0.337032991701 0.000755680552947341    8.98286482313e-05    1.59692132194e-06 8.31305828934406e-05 5.43511425382495e-06
      0.338454255539 0.000755723366081763    8.81335130263e-05    1.58111398413e-06 8.64903272328947e-05 5.34443608484864e-06
      0.339875509068 0.000755766356625645    9.03315112482e-05    1.60134984805e-06   8.857939084731e-05 5.25565265233632e-06
      0.341296752243 0.000755809524543426    8.92311602079e-05    1.59109255935e-06 8.92527532430273e-05  5.1687165989241e-06
      0.342717985022 0.000755852869799495    8.83146517396e-05    1.58255719943e-06  8.8447731081516e-05 5.08358194351611e-06
      0.344139207361 0.000755896392358042    8.72088937071e-05    1.57221459285e-06 8.61824475694848e-05  5.0002040360207e-06
      0.345560419217 0.000755940092183149    8.42917471577e-05    1.54470666296e-06 8.25502956206943e-05 4.91853951328595e-06
      0.346981620546 0.000755983969238729    7.66433619771e-05    1.47057461086e-06 7.77109069309452e-05 4.83854625695996e-06
      0.348402811306  0.00075602802348862    7.01304740431e-05    1.40480501657e-06 7.18782861182628e-05 4.76018335261779e-06
      0.349823991453 0.000756072254896457    6.15439520178e-05    1.31331047928e-06 6.53068743577389e-05 4.68341105077636e-06
      0.351245160944 0.000756116663425771    5.93378431242e-05    1.28857300951e-06 5.82763674283293e-05 4.60819072894815e-06
      0.352666319735 0.000756161249039923    5.10216774284e-05     1.1925666955e-06 5.10761286249688e-05 4.53448485534525e-06
      0.354087467783 0.000756206011702166    4.56253617653e-05    1.12625809817e-06 4.39913559050157e-05 4.46224846737087e-06
      0.355508605045 0.000756250951375619    3.63710588783e-05    3.42187539157e-07 3.73635781291101e-05 4.39160889888972e-06
      0.358350847038 0.000756341361607899    2.58532902786e-05    2.96020126601e-07 2.60764292217053e-05 4.25435971203759e-06
      0.361193045367 0.000756432479438858     1.8074232879e-05    2.44188105224e-07 1.84311434211316e-05 4.12233587540318e-06
      0.364035199685 0.000756524304568397    1.54740042181e-05    2.25000193295e-07 1.49568779071434e-05 3.99543143220035e-06
      0.366877309647 0.000756616836694292    1.55533087239e-05     2.2557510284e-07  1.5321702897469e-05 3.87340979932777e-06
      0.369719374906  0.00075671007551207    1.86936494461e-05    2.48513715669e-07 1.85282756938224e-05 3.75604706153491e-06
      0.372561395116 0.000756804020715113    2.23963317644e-05    2.73759034849e-07 2.31823140355025e-05 3.64313120141841e-06
      0.375403369931 0.000756898671994623    2.62702398802e-05    2.98555228573e-07 2.78076501179819e-05 3.53446138187055e-06
      0.378245299003 0.000756994029039567    2.98107083418e-05     3.2009421522e-07 3.11413143343111e-05 3.42984727691754e-06
      0.381087181988 0.000757090091536874    3.02811286573e-05    3.22894737888e-07 3.23534717473031e-05 3.32910844702606e-06
      0.383929018538  0.00075718685917118    2.85496455627e-05    3.12550830302e-07 3.11578658035226e-05 3.23207375638204e-06
      0.386770808308 0.000757284331625062    2.48340465848e-05    2.89461797896e-07 2.78035909371252e-05 3.13858082804919e-06
      0.389612550951 0.000757382508578872    2.00370214344e-05    2.57705158869e-07 2.29631411008423e-05 3.04847553517543e-06
      0.392454246121 0.000757481389710848    1.47353306264e-05     2.1894775463e-07 1.75502027336802e-05 2.96161152497775e-06
      0.395295893471 0.000757580974697049    1.05511131117e-05     1.8407527221e-07  1.2510614341157e-05 2.87784977357859e-06
      0.398137492656 0.000757681263211459    7.37322233097e-06    1.53340257257e-07 8.63032272355853e-06 2.79705816918683e-06
      0.400979043329 0.000757782254925858    5.56453728457e-06      1.333358335e-07 6.39600277428258e-06 2.71911112197362e-06
      0.403820545144 0.000757883949509927    5.38399916947e-06    1.31241102565e-07 5.92980081942925e-06  2.6438891983703e-06
      0.406661997754 0.000757986346631184    6.42306928692e-06    1.43270020171e-07 7.00283589671912e-06 2.57127877842017e-06
      0.409503400814 0.000758089445955095    8.59463276767e-06     1.6584756811e-07 9.11621169542341e-06 2.50117173432494e-06
      0.412344753977 0.000758193247144936    1.09163943576e-05    1.87369441351e-07 1.16263457206057e-05 2.43346512903214e-06
      0.415186056898 0.000758297749861942    1.32711995005e-05    2.07216789474e-07 1.38853087182406e-05  2.3680609331263e-06
      0.418027309229 0.000758402953765126    1.37905844101e-05    2.11368888581e-07 1.53671369935134e-05 2.30486575918961e-06
      0.420868510625 0.000758508858511508    1.46253851788e-05    2.17928950742e-07 1.57569776297358e-05 2.24379061199547e-06
      0.423709660739 0.000758615463755933     1.3823027141e-05    2.11570431947e-07 1.49896835208773e-05 2.18475065396981e-06
      0.426550759225 0.000758722769151189    1.16358430226e-05    1.93460438276e-07  1.3235769086798e-05 2.12766498448938e-06
      0.429391805738 0.000758830774348009    9.53727589649e-06    1.74690595337e-07   1.084310508315e-05 2.07245643234294e-06
      0.432232799931 0.000758939478994966    7.54384738404e-06    1.55122138949e-07 8.25043047928609e-06 2.01905136048151e-06
      0.435073741457 0.000759048882738548    5.85682287368e-06    1.36689721569e-07 5.89249932811195e-06 1.96737948210649e-06
      0.437914629971 0.000759158985223246    4.26892905464e-06    1.17009979717e-07 4.11616674871054e-06 1.91737368746396e-06
      0.440755465126 0.000759269786091401    3.37194624833e-06    1.04397220737e-07 3.12251241880435e-06 1.86896988075561e-06
      0.443596246576 0.000759381284983325    3.35902895131e-06    1.04352610186e-07 2.94341883837917e-06 1.82210682629552e-06
      0.446436973976 0.000759493481537307     4.0430307431e-06    1.14208266352e-07 3.45343016811542e-06 1.77672600349991e-06
      0.449277646979 0.000759606375389501    4.96734954904e-06    1.26348211143e-07 4.41078799977183e-06 1.73277147014519e-06
      0.452118265238 0.000759719966174008    6.12597744792e-06    1.40176563555e-07 5.51654640399541e-06 1.69018973325383e-06
      0.454958828409    0.000759834253523    7.16144307884e-06    1.51583538068e-07  6.4783688816834e-06 1.64892962719797e-06
      0.457799336144 0.000759949237066446    7.40614585273e-06    1.53745276386e-07 7.06615706916601e-06 1.60894219873231e-06
      0.460639788097 0.000760064916432359    7.72294354605e-06     1.5670322612e-07 7.16228378330919e-06 1.57015153850812e-06
      0.462059993048 0.000760123016931973    7.33004039126e-06    7.63907377837e-08 7.01712159429243e-06  1.5511920017782e-06
      0.463480183923 0.000760181291246758    6.95362897559e-06    1.48638568126e-07 6.73414581026855e-06 1.53254016216255e-06
       0.46490036068 0.000760239739329693    6.56572744873e-06    7.24209400268e-08 6.33431916873132e-06 1.51421050899321e-06
      0.467740671666 0.000760357156611068    5.50875376289e-06    6.67289432253e-08 5.29664286316718e-06 1.47834993628746e-06
      0.470580925659 0.000760475268396975    4.36940416324e-06    5.93689957689e-08 4.10152215473666e-06 1.44353781806698e-06
      0.473421122313  0.00076059407430632    3.33963138881e-06    5.11571159108e-08 2.94046743905216e-06 1.40976410984811e-06
      0.476261261282 0.000760713573955994     2.3003958019e-06    4.19480321241e-08 1.98995646569518e-06 1.37699183833291e-06
       0.47910134222 0.000760833766960888    1.76975367815e-06    3.70106095646e-08 1.36906301849807e-06 1.34518555783121e-06
      0.481941364781  0.00076095465293389    1.52433761324e-06    3.45107113026e-08 1.12274334526736e-06  1.3143112785183e-06
      0.484781328619 0.000761076231485893    1.52156645944e-06      3.445308231e-08 1.22124529617772e-06 1.28433639846261e-06
      0.487621233388 0.000761198502225802    1.90608093976e-06    3.82457919777e-08 1.57398340747135e-06 1.25522963920376e-06
      0.490461078742 0.000761321464760537    2.28924359661e-06    4.17309444681e-08 2.05361125686901e-06 1.22696098467817e-06
      0.493300864334 0.000761445118694994    2.72343607683e-06    4.54472834575e-08 2.52452284942349e-06 1.19950162330631e-06
       0.49614058982 0.000761569463632227    3.00690483561e-06    4.77504383517e-08 2.86979521570011e-06 1.17282389300736e-06
      0.498980254852 0.000761694499173145    3.08152322729e-06    4.83505581676e-08 3.01154615483386e-06 1.14690122912384e-06
      0.501819859085 0.000761820224916826    2.98243759597e-06    4.75792013657e-08 2.92150773281711e-06 1.12170811486049e-06
      0.504659402172 0.000761946640460301    2.63732758015e-06    4.47817352257e-08 2.62085897385336e-06 1.09722003433274e-06
      0.507498883769 0.000762073745398781    2.33256822742e-06    4.21767103569e-08 2.17054064718618e-06 1.07341342788583e-06
      0.510338303528 0.000762201539325351    1.87370567274e-06    3.79812074135e-08 1.65497699617327e-06 1.05026564974449e-06
      0.513177661104 0.000762330021831287    1.31075586714e-06    3.22145204263e-08 1.16307774430247e-06 1.02775492764901e-06
      0.516016956151 0.000762459192505884    9.47193972946e-07    2.79442425816e-08 7.70489017291489e-07 1.00586032457376e-06
      0.518856188322  0.00076258905093646    6.66090807339e-07    2.41802844092e-08  5.2638011282923e-07 9.84561702293213e-07
      0.521695357273 0.000762719596708542    5.63896016818e-07    2.26877693349e-08 4.46812263789815e-07 9.63839686695431e-07
      0.524534462657   0.0007628508294056    6.00934837874e-07     2.3263142586e-08 5.15237473667518e-07 9.43675634856848e-07
      0.527373504128 0.000762982748609235    7.75855488145e-07    2.57580899971e-08 6.89238193859257e-07 9.24051603631667e-07
       0.53021248134 0.000763115353899136    9.69025219988e-07    2.82740297598e-08 9.11513017224617e-07 9.04950319787633e-07
      0.533051393947 0.000763248644853088    1.18449938088e-06    3.08570097322e-08 1.12251632773608e-06 8.86355151561876e-07
      0.535890241603 0.000763382621046977    1.33779156815e-06    3.25538565485e-08 1.27212966042926e-06 8.68250081568742e-07
      0.538729023963 0.000763517282054844    1.40592143244e-06    3.32730164271e-08 1.32822189880255e-06 8.50619680981634e-07
       0.54156774068 0.000763652627448744    1.38821308235e-06     3.3063913126e-08 1.28079482568836e-06 8.33449084954685e-07
      0.544406391409 0.000763788656798946    1.26303799839e-06    3.16685900395e-08 1.14140125874965e-06 8.16724011218682e-07
      0.547244975804 0.000763925369673796    1.09730941219e-06    2.97383137427e-08 9.38515600932468e-07 8.00430568296695e-07
      0.550083493519 0.000764062765639766    8.36550742436e-07    2.64141261474e-08 7.10096909598719e-07 7.84555490159146e-07
      0.552921944207 0.000764200844261414    6.00799965202e-07    2.30261109996e-08 4.95235495357138e-07 7.69085944002011e-07
      0.555760327524 0.000764339605101584    4.48859617087e-07    2.05374605356e-08 3.26480786049723e-07 7.54009554108264e-07
      0.558598643123 0.000764479047721119    3.04353988652e-07    1.78633869156e-08 2.24297423473869e-07 7.39314383359772e-07
      0.561436890658 0.000764619171679061    2.90295283361e-07    1.74916661834e-08 1.94468896833787e-07 7.24988915534671e-07
      0.564275069784 0.000764759976532658    2.99532410247e-07    1.74217544334e-08 2.28616284440884e-07 7.11022038144361e-07
      0.567113180155 0.000764901461837272    3.73655166183e-07    1.86391324795e-08 3.07240058118587e-07 6.97394655547625e-07
      0.568532209449 0.000764972459519247    3.96748152114e-07    1.14101884116e-08  3.5537008399748e-07 6.90704260344291e-07
      0.569951221425 0.000765043627146432    5.03831732746e-07     2.1038754479e-08 4.05682397450527e-07 6.84105297308755e-07
      0.571370216039 0.000765114964662695    5.16515898049e-07    1.31120056416e-08 4.53520206554363e-07 6.77595965111464e-07
      0.574208153009 0.000765258149137558    6.14204770335e-07     1.4563618031e-08 5.32792426813917e-07  6.6481035890331e-07
      0.577046020013 0.000765402012492811    6.34616924913e-07    1.47336263594e-08 5.76324227615434e-07 6.52329674331776e-07
      0.579883816706 0.000765546554275664    6.82289846236e-07     1.4562334057e-08 5.75380019152515e-07 6.40152998847093e-07
      0.582721542742 0.000765691774031474    6.48404986816e-07    1.38057232833e-08 5.31149594155327e-07  6.2827148464071e-07
      0.585559197776 0.000765837671303845    5.65675829655e-07    1.30794393363e-08 4.53209029436187e-07 6.16676582238263e-07
       0.58839678146 0.000765984245634433    4.82270816387e-07    1.23113911415e-08 3.56716677116892e-07 6.05360029824939e-07
       0.59123429345 0.000766131496563311    3.16857702486e-07    1.06295949372e-08 2.58859661091379e-07 5.94313842204941e-07
        0.5940717334 0.000766279423628667    2.25116768137e-07    9.59792243767e-09 1.75318693962908e-07 5.83530300287312e-07
      0.596909100964 0.000766428026366908    1.37431216802e-07    8.50934390677e-09 1.17427557380854e-07 5.73001940987565e-07
      0.599746395797 0.000766577304312726    1.08841053916e-07     8.1016028522e-09 9.04925310739519e-08 5.62721547563122e-07
      0.602583617553 0.000766727256998991    9.94011245606e-08    7.95275685542e-09  9.3460780085275e-08 5.52682140367901e-07
      0.605420765885 0.000766877883956763    1.29388165557e-07     8.3581730099e-09 1.19845889406377e-07 5.42876967988781e-07
      0.608257840449 0.000767029184715505    1.81454301914e-07    9.03174443773e-09  1.5958793333603e-07 5.33299498739208e-07
      0.611094840898 0.000767181158802772     2.2563502234e-07    9.56732890322e-09 2.01383318819038e-07 5.23943412541594e-07
      0.613931766887 0.000767333805744485     2.7619170307e-07    1.01567882288e-08 2.34983248879605e-07 5.14802593109702e-07
      0.616768618071 0.000767487125064829     3.2472070179e-07    1.06949231838e-08 2.53023768910689e-07 5.05871120476717e-07
      0.619605394103  0.00076764111628615    3.32921515422e-07     1.0779393238e-08 2.52090998624719e-07 4.97143263830645e-07
      0.622442094638 0.000767795778929176    3.05975976689e-07     1.0477847526e-08 2.32906380395374e-07 4.88613474623401e-07
      0.625278719331  0.00076795111251292     2.6348493123e-07    9.98892229128e-09   1.996990229625e-07 4.80276379980148e-07
      0.628115267835 0.000768107116554571    2.12184839377e-07    9.35748801507e-09 1.58980332651113e-07 4.72126776374842e-07
      0.630951739805 0.000768263790569721    1.46240411396e-07    8.48870381965e-09 1.18025615735512e-07 4.64159623543768e-07
      0.633788134896 0.000768421134072263    8.48018986907e-08    7.59584624225e-09 8.33878604334743e-08 4.56370038661792e-07
      0.636624452761 0.000768579146574283    5.89602977322e-08    7.17618953155e-09 5.97245966064361e-08 4.48753290749545e-07
      0.639460693056 0.000768737827586346    3.35692644325e-08    6.73935878029e-09 4.91257058734114e-08 4.41304795286665e-07
      0.642296855434 0.000768897176617167     3.7827402912e-08    6.79982031176e-09 5.10119113302059e-08 4.34020109066071e-07
      0.645132939551 0.000769057193173952    5.65045424898e-08    7.09397773598e-09  6.2556066089007e-08 4.26894925221154e-07
       0.64796894506 0.000769217876762069    9.47825158776e-08    7.67346474632e-09 7.94848127734349e-08 4.19925068478694e-07
      0.650804871616 0.000769379226885334    1.24949782586e-07    8.10084604169e-09  9.7062136511575e-08  4.1310649057012e-07
      0.653640718873 0.000769541243045847    1.40923321492e-07    8.31477265187e-09    1.11044992007e-07 4.06435265841132e-07
      0.656476486486 0.000769703924744114    1.57369918732e-07    8.56957825678e-09 1.18431431247753e-07 3.99907587019591e-07
       0.65931217411 0.000769867271478994    1.41599078489e-07     8.3876430497e-09 1.17882748850518e-07 3.93519761154331e-07
      0.662147781398 0.000770031282747591    1.31010115692e-07    8.27410636894e-09 1.09777702717777e-07 3.87268205711771e-07
      0.664983308006  0.00077019595804555    1.01045649167e-07    7.88353408834e-09 9.59323271197762e-08 3.81149444807002e-07
      0.667818753587 0.000770361296866712    7.78401400091e-08    7.57636172933e-09 7.90788811713311e-08 3.75160105602523e-07
      0.670654117797 0.000770527298703471    3.96073343379e-08    6.93479221894e-09 6.22323939550478e-08 3.69296914817607e-07
      0.673489400289 0.000770693963046431    3.31413625877e-08    6.78192533992e-09 4.80793848655352e-08 3.63556695395381e-07
      0.676324600719 0.000770861289384764    1.58610770313e-08    6.43878243691e-09 3.85029337594976e-08 3.57936363270828e-07
      0.679159718741 0.000771029277205917    7.14202603738e-09    6.23383074878e-09 3.43184505883173e-08 3.52432924281318e-07
      0.681994754009 0.000771197925995745    1.98261427518e-08    6.41050236452e-09 3.52452224052391e-08 3.47043471179615e-07
      0.684829706179 0.000771367235238627    2.45799124026e-08    6.49313406525e-09 4.00906849621436e-08 3.41765180757787e-07
      0.687664574903 0.000771537204417121     6.1100569208e-08    7.10094890499e-09 4.70864665486294e-08  3.3659531109203e-07
      0.690499359838 0.000771707833012503    5.23365129261e-08    6.95901610065e-09 5.42936116766263e-08 3.31531198862186e-07
      0.693334060638 0.000771879120504299    7.03828081068e-08    7.24679300897e-09 5.99911889105234e-08 3.26570256800671e-07
      0.696168676957  0.00077205106637047    8.07690020056e-08    7.40740160891e-09 6.29760964553837e-08 3.21709971213971e-07
       0.69900320845 0.000772223670087474    6.23622621058e-08    7.10715033104e-09 6.27276477694237e-08 3.16947899599359e-07
      0.701837654772 0.000772396931130218     7.5046503223e-08    7.29503985223e-09 5.94220287184909e-08  3.1228166835067e-07
      0.704672015577    0.000772570848972    4.74025519724e-08    6.83875907816e-09 5.38122302302475e-08 3.07708970547251e-07
       0.70750629052 0.000772745423084639     3.4853489164e-08    6.61456216788e-09 4.70128531610652e-08 3.03227563817406e-07
      0.710340479255 0.000772920652938355    2.36561930562e-08     6.4067178214e-09 4.02425215146192e-08 2.98835268285094e-07
      0.713174581437 0.000773096538001904    1.59510441295e-08    6.26458385891e-09  3.4578254650717e-08 2.94529964583496e-07
      0.716008596721 0.000773273077742517    7.34470136918e-09    6.10265407977e-09 3.07671713487477e-08 2.90309591944156e-07
      0.718842524762 0.000773450271625913    1.38332572009e-08    6.21652528766e-09  2.9124352062269e-08  2.8617214635185e-07
      0.721676365214 0.000773628119116234    1.04087360859e-08    6.14911688651e-09 2.95256719989873e-08 2.82115678766195e-07
      0.724510117732 0.000773806619676184    2.00514398285e-08    6.31879816504e-09 3.14851960381243e-08 2.78138293401851e-07
      0.727343781971  0.00077398577276697    3.40423331138e-08    6.58678171138e-09  3.4291877378303e-08 2.74238146072701e-07
      0.730177357584 0.000774165577848181    2.93335965146e-08    6.52819546093e-09 3.71721239145778e-08 2.70413442594991e-07
      0.733010844228 0.000774346034378173    2.68778582712e-08    6.50838982013e-09 3.94440248960283e-08 2.66662437235826e-07
      0.735844241557 0.000774527141813637    3.38846249472e-08    6.65137834673e-09  4.0634890346862e-08 2.62983431232148e-07
      0.738677549226 0.000774708899609854     3.8638448658e-08    6.75383228908e-09 4.05442987606597e-08 2.59374771346594e-07
      0.741510766889 0.000774891307220575    1.46217716244e-08    6.34284934836e-09 3.92474726982392e-08 2.55834848480268e-07
      0.744343894201 0.000775074364098156    1.20083211903e-08    6.29981501334e-09 3.70458325800314e-08   2.523620963286e-07
      0.747176930817   0.0007752580696935    4.21304231919e-09    6.16241747062e-09 3.43807903469273e-08 2.48954990086034e-07
      0.750009876391 0.000775442423455999    4.07786840075e-09    6.16365236494e-09 3.17318303252144e-08 2.45612045195181e-07
       0.75284273058   0.0007756274248338   -1.31798789884e-08    5.84382689389e-09 2.95202638738449e-08 2.42331816132342e-07
      0.755675493036  0.00077581307327329    7.36729085941e-09    6.19520173827e-09  2.8036258822048e-08 2.39112895247581e-07
      0.758508163416 0.000775999368219756    8.78773418006e-10    6.04328574549e-09 2.74000792007236e-08 2.35953911623335e-07
      0.761340741374 0.000776186309116865    9.23832976026e-10     6.0112841458e-09  2.7560563890149e-08 2.32853529991733e-07
      0.764173226565 0.000776373895406938    1.96685115342e-08    6.32207991586e-09 2.83263925156365e-08 2.29810449674078e-07
      0.767005618644 0.000776562126530887    1.20533936047e-08    6.15266762486e-09 2.94200080312924e-08 2.26823403561629e-07
      0.769837917265 0.000776751001928153    1.68965318033e-09    5.99148147016e-09  3.0541042982126e-08 2.23891157129699e-07
      0.772670122084 0.000776940521036917    2.24169466542e-08     6.3995654489e-09 3.14259686151868e-08 2.21012507480201e-07
      0.775502232756 0.000777130683293904    1.85868962124e-08     6.3616119465e-09 3.18931070229551e-08 2.18186282421886e-07
      0.778334248935 0.000777321488134389    6.19559444003e-09    6.16892037166e-09 3.18663275797358e-08 2.15411339577424e-07
      0.781166170276 0.000777512934992337    5.51977837979e-09    6.18750484984e-09 3.13756659552487e-08 2.12686565517691e-07
      0.783997996435 0.000777705023300411   -4.48332639252e-09    5.96685163076e-09 3.05377238065732e-08 2.10010874926231e-07
      0.786829727065 0.000777897752489707    -3.2216198924e-09    5.95484804215e-09 2.95223344344025e-08 2.07383585289774e-07
      0.789661361823 0.000778091121990235    9.07960065057e-09    6.14867829379e-09 2.87190058122497e-08 2.05363287097947e-07
