#      z (A) rho (1e-6/A2) irho (1e-6/A2)
-52.00359701  20.08390484  -0.44869407
-51.90359701  20.08417048  -0.44851628
-51.80359701  20.08444076  -0.44833540
-51.70359701  20.08471573  -0.44815137
-51.60359701  20.08499547  -0.44796415
-51.50359701  20.08528006  -0.44777369
-51.40359701  20.08556957  -0.44757993
-51.30359701  20.08586407  -0.44738283
-51.20359701  20.08616365  -0.44718234
-51.10359701  20.08646837  -0.44697840
-51.00359701  20.08677833  -0.44677096
-50.90359701  20.08709358  -0.44655997
-50.80359701  20.08741423  -0.44634538
-50.70359701  20.08774034  -0.44612713
-50.60359701  20.08807200  -0.44590516
-50.50359701  20.08840929  -0.44567942
-50.40359701  20.08875230  -0.44544986
-50.30359701  20.08910111  -0.44521642
-50.20359701  20.08945581  -0.44497903
-50.10359701  20.08981649  -0.44473765
-50.00359701  20.09018323  -0.44449220
-49.90359701  20.09055612  -0.44424264
-49.80359701  20.09093526  -0.44398890
-49.70359701  20.09132073  -0.44373091
-49.60359701  20.09171264  -0.44346863
-49.50359701  20.09211107  -0.44320198
-49.40359701  20.09251611  -0.44293090
-49.30359701  20.09292787  -0.44265532
-49.20359701  20.09334644  -0.44237519
-49.10359701  20.09377193  -0.44209043
-49.00359701  20.09420442  -0.44180098
-48.90359701  20.09464402  -0.44150678
-48.80359701  20.09509084  -0.44120774
-48.70359701  20.09554497  -0.44090381
-48.60359701  20.09600652  -0.44059491
-48.50359701  20.09647560  -0.44028097
-48.40359701  20.09695232  -0.43996193
-48.30359701  20.09743677  -0.43963770
-48.20359701  20.09792908  -0.43930823
-48.10359701  20.09842934  -0.43897342
-48.00359701  20.09893768  -0.43863321
-47.90359701  20.09945420  -0.43828752
-47.80359701  20.09997903  -0.43793628
-47.70359701  20.10051227  -0.43757940
-47.60359701  20.10105405  -0.43721681
-47.50359701  20.10160447  -0.43684844
-47.40359701  20.10216367  -0.43647419
-47.30359701  20.10273176  -0.43609399
-47.20359701  20.10330886  -0.43570776
-47.10359701  20.10389510  -0.43531542
-47.00359701  20.10449060  -0.43491687
-46.90359701  20.10509549  -0.43451204
-46.80359701  20.10570989  -0.43410085
-46.70359701  20.10633394  -0.43368320
-46.60359701  20.10696777  -0.43325900
-46.50359701  20.10761150  -0.43282818
-46.40359701  20.10826527  -0.43239064
-46.30359701  20.10892922  -0.43194629
-46.20359701  20.10960348  -0.43149503
-46.10359701  20.11028818  -0.43103679
-46.00359701  20.11098347  -0.43057146
-45.90359701  20.11168949  -0.43009895
-45.80359701  20.11240637  -0.42961917
-45.70359701  20.11313427  -0.42913202
-45.60359701  20.11387332  -0.42863740
-45.50359701  20.11462368  -0.42813522
-45.40359701  20.11538548  -0.42762537
-45.30359701  20.11615889  -0.42710777
-45.20359701  20.11694404  -0.42658230
-45.10359701  20.11774109  -0.42604887
-45.00359701  20.11855019  -0.42550736
-44.90359701  20.11937151  -0.42495769
-44.80359701  20.12020519  -0.42439974
-44.70359701  20.12105139  -0.42383341
-44.60359701  20.12191028  -0.42325860
-44.50359701  20.12278201  -0.42267518
-44.40359701  20.12366675  -0.42208306
-44.30359701  20.12456466  -0.42148213
-44.20359701  20.12547591  -0.42087227
-44.10359701  20.12640066  -0.42025337
-44.00359701  20.12733908  -0.41962533
-43.90359701  20.12829135  -0.41898801
-43.80359701  20.12925763  -0.41834132
-43.70359701  20.13023810  -0.41768513
-43.60359701  20.13123294  -0.41701933
-43.50359701  20.13224231  -0.41634380
-43.40359701  20.13326641  -0.41565841
-43.30359701  20.13430541  -0.41496305
-43.20359701  20.13535949  -0.41425760
-43.10359701  20.13642883  -0.41354193
-43.00359701  20.13751362  -0.41281593
-42.90359701  20.13861405  -0.41207945
-42.80359701  20.13973031  -0.41133239
-42.70359701  20.14086258  -0.41057461
-42.60359701  20.14201105  -0.40980598
-42.50359701  20.14317592  -0.40902638
-42.40359701  20.14435739  -0.40823567
-42.30359701  20.14555565  -0.40743373
-42.20359701  20.14677090  -0.40662041
-42.10359701  20.14800334  -0.40579560
-42.00359701  20.14925316  -0.40495914
-41.90359701  20.15052058  -0.40411091
-41.80359701  20.15180580  -0.40325076
-41.70359701  20.15310902  -0.40237857
-41.60359701  20.15443046  -0.40149419
-41.50359701  20.15577032  -0.40059748
-41.40359701  20.15712881  -0.39968829
-41.30359701  20.15850615  -0.39876649
-41.20359701  20.15990256  -0.39783194
-41.10359701  20.16131824  -0.39688448
-41.00359701  20.16275343  -0.39592397
-40.90359701  20.16420833  -0.39495026
-40.80359701  20.16568317  -0.39396321
-40.70359701  20.16717818  -0.39296267
-40.60359701  20.16869357  -0.39194848
-40.50359701  20.17022958  -0.39092049
-40.40359701  20.17178643  -0.38987855
-40.30359701  20.17336436  -0.38882251
-40.20359701  20.17496360  -0.38775221
-40.10359701  20.17658438  -0.38666749
-40.00359701  20.17822693  -0.38556819
-39.90359701  20.17989150  -0.38445417
-39.80359701  20.18157832  -0.38332525
-39.70359701  20.18328763  -0.38218128
-39.60359701  20.18501968  -0.38102209
-39.50359701  20.18677470  -0.37984752
-39.40359701  20.18855295  -0.37865741
-39.30359701  20.19035468  -0.37745160
-39.20359701  20.19218012  -0.37622990
-39.10359701  20.19402954  -0.37499216
-39.00359701  20.19590318  -0.37373821
-38.90359701  20.19780130  -0.37246788
-38.80359701  20.19972415  -0.37118099
-38.70359701  20.20167200  -0.36987738
-38.60359701  20.20364510  -0.36855687
-38.50359701  20.20564371  -0.36721928
-38.40359701  20.20766809  -0.36586444
-38.30359701  20.20971851  -0.36449218
-38.20359701  20.21179524  -0.36310231
-38.10359701  20.21389854  -0.36169466
-38.00359701  20.21602868  -0.36026905
-37.90359701  20.21818593  -0.35882529
-37.80359701  20.22037057  -0.35736320
-37.70359701  20.22258286  -0.35588261
-37.60359701  20.22482309  -0.35438332
-37.50359701  20.22709152  -0.35286514
-37.40359701  20.22938845  -0.35132791
-37.30359701  20.23171415  -0.34977141
-37.20359701  20.23406890  -0.34819548
-37.10359701  20.23645298  -0.34659991
-37.00359701  20.23886669  -0.34498451
-36.90359701  20.24131030  -0.34334910
-36.80359701  20.24378411  -0.34169349
-36.70359701  20.24628841  -0.34001747
-36.60359701  20.24882348  -0.33832085
-36.50359701  20.25138962  -0.33660343
-36.40359701  20.25398712  -0.33486503
-36.30359701  20.25661629  -0.33310544
-36.20359701  20.25927741  -0.33132446
-36.10359701  20.26197079  -0.32952189
-36.00359701  20.26469672  -0.32769754
-35.90359701  20.26745552  -0.32585119
-35.80359701  20.27024747  -0.32398266
-35.70359701  20.27307289  -0.32209172
-35.60359701  20.27593208  -0.32017818
-35.50359701  20.27882535  -0.31824184
-35.40359701  20.28175301  -0.31628248
-35.30359701  20.28471536  -0.31429989
-35.20359701  20.28771273  -0.31229388
-35.10359701  20.29074541  -0.31026423
-35.00359701  20.29381374  -0.30821073
-34.90359701  20.29691801  -0.30613317
-34.80359701  20.30005856  -0.30403133
-34.70359701  20.30323569  -0.30190501
-34.60359701  20.30644972  -0.29975399
-34.50359701  20.30970098  -0.29757805
-34.40359701  20.31298979  -0.29537699
-34.30359701  20.31631647  -0.29315058
-34.20359701  20.31968135  -0.29089860
-34.10359701  20.32308475  -0.28862085
-34.00359701  20.32652699  -0.28631710
-33.90359701  20.33000841  -0.28398713
-33.80359701  20.33352933  -0.28163073
-33.70359701  20.33709008  -0.27924766
-33.60359701  20.34069100  -0.27683772
-33.50359701  20.34433241  -0.27440067
-33.40359701  20.34801465  -0.27193630
-33.30359701  20.35173805  -0.26944438
-33.20359701  20.35550295  -0.26692469
-33.10359701  20.35930968  -0.26437701
-33.00359701  20.36315858  -0.26180110
-32.90359701  20.36704998  -0.25919674
-32.80359701  20.37098424  -0.25656371
-32.70359701  20.37496167  -0.25390177
-32.60359701  20.37898264  -0.25121071
-32.50359701  20.38304746  -0.24849029
-32.40359701  20.38715650  -0.24574028
-32.30359701  20.39131009  -0.24296046
-32.20359701  20.39550857  -0.24015059
-32.10359701  20.39975228  -0.23731044
-32.00359701  20.40404158  -0.23443979
-31.90359701  20.40837681  -0.23153840
-31.80359701  20.41275831  -0.22860605
-31.70359701  20.41718644  -0.22564249
-31.60359701  20.42166152  -0.22264750
-31.50359701  20.42618393  -0.21962084
-31.40359701  20.43075400  -0.21656228
-31.30359701  20.43537207  -0.21347159
-31.20359701  20.44003851  -0.21034854
-31.10359701  20.44475366  -0.20719288
-31.00359701  20.44951787  -0.20400439
-30.90359701  20.45433150  -0.20078284
-30.80359701  20.45919488  -0.19752798
-30.70359701  20.46410837  -0.19423958
-30.60359701  20.46907233  -0.19091741
-30.50359701  20.47408710  -0.18756123
-30.40359701  20.47915304  -0.18417080
-30.30359701  20.48427050  -0.18074590
-30.20359701  20.48943982  -0.17728629
-30.10359701  20.49466137  -0.17379172
-30.00359701  20.49993549  -0.17026197
-29.90359701  20.50526254  -0.16669680
-29.80359701  20.51064286  -0.16309597
-29.70359701  20.51607682  -0.15945925
-29.60359701  20.52156476  -0.15578640
-29.50359701  20.52710703  -0.15207718
-29.40359701  20.53270398  -0.14833137
-29.30359701  20.53835598  -0.14454873
-29.20359701  20.54406336  -0.14072901
-29.10359701  20.54982648  -0.13687200
-29.00359701  20.55564569  -0.13297744
-28.90359701  20.56152134  -0.12904511
-28.80359701  20.56745378  -0.12507477
-28.70359701  20.57344336  -0.12106619
-28.60359701  20.57949043  -0.11701914
-28.50359701  20.58559533  -0.11293338
-28.40359701  20.59175843  -0.10880868
-28.30359701  20.59798005  -0.10464480
-28.20359701  20.60426056  -0.10044152
-28.10359701  20.61060029  -0.09619860
-28.00359701  20.61699959  -0.09191581
-27.90359701  20.62345881  -0.08759293
-27.80359701  20.62997829  -0.08322971
-27.70359701  20.63655837  -0.07882593
-27.60359701  20.64319940  -0.07438136
-27.50359701  20.64990171  -0.06989578
-27.40359701  20.65666566  -0.06536895
-27.30359701  20.66349157  -0.06080065
-27.20359701  20.67037979  -0.05619065
-27.10359701  20.67733065  -0.05153873
-27.00359701  20.68434449  -0.04684466
-26.90359701  20.69142165  -0.04210821
-26.80359701  20.69856245  -0.03732916
-26.70359701  20.70576724  -0.03250730
-26.60359701  20.71303634  -0.02764239
-26.50359701  20.72037008  -0.02273422
-26.40359701  20.72776879  -0.01778257
-26.30359701  20.73523280  -0.01278722
-26.20359701  20.74276244  -0.00774794
-26.10359701  20.75035802  -0.00266453
-26.00359701  20.75801987   0.00246323
-25.90359701  20.76574832   0.00763556
-25.80359701  20.77354368   0.01285267
-25.70359701  20.78140627   0.01811477
-25.60359701  20.78933640   0.02342208
-25.50359701  20.79733439   0.02877481
-25.40359701  20.80540055   0.03417315
-25.30359701  20.81353520   0.03961734
-25.20359701  20.82173863   0.04510755
-25.10359701  20.83001116   0.05064402
-25.00359701  20.83835309   0.05622693
-24.90359701  20.84676473   0.06185648
-24.80359701  20.85524636   0.06753289
-24.70359701  20.86379830   0.07325635
-24.60359701  20.87242084   0.07902706
-24.50359701  20.88111426   0.08484521
-24.40359701  20.88987887   0.09071100
-24.30359701  20.89871495   0.09662462
-24.20359701  20.90762278   0.10258626
-24.10359701  20.91660266   0.10859612
-24.00359701  20.92565485   0.11465438
-23.90359701  20.93477965   0.12076123
-23.80359701  20.94397732   0.12691685
-23.70359701  20.95324815   0.13312143
-23.60359701  20.96259239   0.13937515
-23.50359701  20.97201033   0.14567818
-23.40359701  20.98150222   0.15203071
-23.30359701  20.99106832   0.15843291
-23.20359701  21.00070891   0.16488495
-23.10359701  21.01042422   0.17138701
-23.00359701  21.02021452   0.17793925
-22.90359701  21.03008006   0.18454185
-22.80359701  21.04002108   0.19119497
-22.70359701  21.05003783   0.19789876
-22.60359701  21.06013055   0.20465340
-22.50359701  21.07029948   0.21145904
-22.40359701  21.08054485   0.21831584
-22.30359701  21.09086689   0.22522396
-22.20359701  21.10126583   0.23218354
-22.10359701  21.11174189   0.23919474
-22.00359701  21.12229530   0.24625770
-21.90359701  21.13292628   0.25337257
-21.80359701  21.14363503   0.26053949
-21.70359701  21.15442176   0.26775861
-21.60359701  21.16528669   0.27503005
-21.50359701  21.17623001   0.28235397
-21.40359701  21.18725193   0.28973048
-21.30359701  21.19835264   0.29715972
-21.20359701  21.20953232   0.30464182
-21.10359701  21.22079118   0.31217691
-21.00359701  21.23212938   0.31976510
-20.90359701  21.24354712   0.32740652
-20.80359701  21.25504456   0.33510128
-20.70359701  21.26662188   0.34284950
-20.60359701  21.27827924   0.35065129
-20.50359701  21.29001680   0.35850675
-20.40359701  21.30183473   0.36641601
-20.30359701  21.31373318   0.37437915
-20.20359701  21.32571230   0.38239628
-20.10359701  21.33777223   0.39046749
-20.00359701  21.34991312   0.39859288
-19.90359701  21.36213510   0.40677255
-19.80359701  21.37443831   0.41500658
-19.70359701  21.38682287   0.42329505
-19.60359701  21.39928890   0.43163805
-19.50359701  21.41183653   0.44003566
-19.40359701  21.42446586   0.44848795
-19.30359701  21.43717701   0.45699499
-19.20359701  21.44997008   0.46555686
-19.10359701  21.46284517   0.47417363
-19.00359701  21.47580238   0.48284535
-18.90359701  21.48884179   0.49157209
-18.80359701  21.50196349   0.50035390
-18.70359701  21.51516756   0.50919084
-18.60359701  21.52845407   0.51808295
-18.50359701  21.54182310   0.52703029
-18.40359701  21.55527470   0.53603289
-18.30359701  21.56880895   0.54509080
-18.20359701  21.58242588   0.55420405
-18.10359701  21.59612556   0.56337268
-18.00359701  21.60990803   0.57259671
-17.90359701  21.62377332   0.58187618
-17.80359701  21.63772147   0.59121110
-17.70359701  21.65175250   0.60060149
-17.60359701  21.66586645   0.61004737
-17.50359701  21.68006332   0.61954875
-17.40359701  21.69434314   0.62910564
-17.30359701  21.70870589   0.63871804
-17.20359701  21.72315160   0.64838595
-17.10359701  21.73768025   0.65810937
-17.00359701  21.75229183   0.66788830
-16.90359701  21.76698632   0.67772272
-16.80359701  21.78176372   0.68761261
-16.70359701  21.79662398   0.69755797
-16.60359701  21.81156707   0.70755877
-16.50359701  21.82659297   0.71761498
-16.40359701  21.84170161   0.72772657
-16.30359701  21.85689297   0.73789351
-16.20359701  21.87216696   0.74811577
-16.10359701  21.88752355   0.75839329
-16.00359701  21.90296266   0.76872605
-15.90359701  21.91848421   0.77911398
-15.80359701  21.93408813   0.78955704
-15.70359701  21.94977433   0.80005516
-15.60359701  21.96554272   0.81060830
-15.50359701  21.98139321   0.82121637
-15.40359701  21.99732569   0.83187932
-15.30359701  22.01334005   0.84259707
-15.20359701  22.02943618   0.85336955
-15.10359701  22.04561396   0.86419666
-15.00359701  22.06187326   0.87507834
-14.90359701  22.07821394   0.88601448
-14.80359701  22.09463588   0.89700500
-14.70359701  22.11113891   0.90804980
-14.60359701  22.12772290   0.91914878
-14.50359701  22.14438768   0.93030183
-14.40359701  22.16113310   0.94150884
-14.30359701  22.17795897   0.95276970
-14.20359701  22.19486513   0.96408429
-14.10359701  22.21185139   0.97545249
-14.00359701  22.22891756   0.98687417
-13.90359701  22.24606345   0.99834921
-13.80359701  22.26328886   1.00987747
-13.70359701  22.28059358   1.02145880
-13.60359701  22.29797740   1.03309307
-13.50359701  22.31544010   1.04478013
-13.40359701  22.33298145   1.05651983
-13.30359701  22.35060122   1.06831201
-13.20359701  22.36829917   1.08015652
-13.10359701  22.38607506   1.09205319
-13.00359701  22.40392864   1.10400185
-12.90359701  22.42185964   1.11600233
-12.80359701  22.43986781   1.12805445
-12.70359701  22.45795288   1.14015804
-12.60359701  22.47611456   1.15231290
-12.50359701  22.49435259   1.16451885
-12.40359701  22.51266666   1.17677570
-12.30359701  22.53105648   1.18908325
-12.20359701  22.54952176   1.20144130
-12.10359701  22.56806218   1.21384963
-12.00359701  22.58667743   1.22630805
-11.90359701  22.60536720   1.23881634
-11.80359701  22.62413115   1.25137427
-11.70359701  22.64296895   1.26398164
-11.60359701  22.66188027   1.27663820
-11.50359701  22.68086475   1.28934373
-11.40359701  22.69992206   1.30209799
-11.30359701  22.71905182   1.31490075
-11.20359701  22.73825368   1.32775176
-11.10359701  22.75752727   1.34065078
-11.00359701  22.77687221   1.35359755
-10.90359701  22.79628812   1.36659181
-10.80359701  22.81577461   1.37963331
-10.70359701  22.83533129   1.39272179
-10.60359701  22.85495776   1.40585697
-10.50359701  22.87465360   1.41903858
-10.40359701  22.89441842   1.43226636
-10.30359701  22.91425178   1.44554001
-10.20359701  22.93415327   1.45885925
-10.10359701  22.95412245   1.47222379
-10.00359701  22.97415889   1.48563335
 -9.90359701  22.99426214   1.49908763
 -9.80359701  23.01443176   1.51258632
 -9.70359701  23.03466730   1.52612913
 -9.60359701  23.05496828   1.53971574
 -9.50359701  23.07533425   1.55334584
 -9.40359701  23.09576474   1.56701912
 -9.30359701  23.11625926   1.58073525
 -9.20359701  23.13681733   1.59449392
 -9.10359701  23.15743847   1.60829479
 -9.00359701  23.17812218   1.62213754
 -8.90359701  23.19886795   1.63602183
 -8.80359701  23.21967529   1.64994732
 -8.70359701  23.24054368   1.66391367
 -8.60359701  23.26147260   1.67792053
 -8.50359701  23.28246153   1.69196755
 -8.40359701  23.30350994   1.70605439
 -8.30359701  23.32461730   1.72018067
 -8.20359701  23.34578307   1.73434604
 -8.10359701  23.36700670   1.74855014
 -8.00359701  23.38828765   1.76279259
 -7.90359701  23.40962535   1.77707304
 -7.80359701  23.43101925   1.79139109
 -7.70359701  23.45246879   1.80574637
 -7.60359701  23.47397338   1.82013851
 -7.50359701  23.49553246   1.83456711
 -7.40359701  23.51714544   1.84903178
 -7.30359701  23.53881174   1.86353214
 -7.20359701  23.56053077   1.87806779
 -7.10359701  23.58230192   1.89263832
 -7.00359701  23.60412461   1.90724334
 -6.90359701  23.62599821   1.92188244
 -6.80359701  23.64792213   1.93655521
 -6.70359701  23.66989574   1.95126124
 -6.60359701  23.69191843   1.96600011
 -6.50359701  23.71398957   1.98077141
 -6.40359701  23.73610854   1.99557472
 -6.30359701  23.75827469   2.01040961
 -6.20359701  23.78048739   2.02527565
 -6.10359701  23.80274599   2.04017241
 -6.00359701  23.82504985   2.05509946
 -5.90359701  23.84739832   2.07005637
 -5.80359701  23.86979074   2.08504269
 -5.70359701  23.89222645   2.10005798
 -5.60359701  23.91470479   2.11510180
 -5.50359701  23.93722508   2.13017370
 -5.40359701  23.95978666   2.14527323
 -5.30359701  23.98238885   2.16039994
 -5.20359701  24.00503097   2.17555337
 -5.10359701  24.02771233   2.19073307
 -5.00359701  24.05043224   2.20593857
 -4.90359701  24.07319002   2.22116941
 -4.80359701  24.09598497   2.23642512
 -4.70359701  24.11881639   2.25170525
 -4.60359701  24.14168357   2.26700931
 -4.50359701  24.16458582   2.28233683
 -4.40359701  24.18752241   2.29768735
 -4.30359701  24.21049265   2.31306037
 -4.20359701  24.23349580   2.32845543
 -4.10359701  24.25653116   2.34387204
 -4.00359701  24.27959799   2.35930972
 -3.90359701  24.30269558   2.37476798
 -3.80359701  24.32582320   2.39024634
 -3.70359701  24.34898011   2.40574430
 -3.60359701  24.37216558   2.42126138
 -3.50359701  24.39537887   2.43679707
 -3.40359701  24.41861924   2.45235089
 -3.30359701  24.44188596   2.46792234
 -3.20359701  24.46517826   2.48351091
 -3.10359701  24.48849541   2.49911612
 -3.00359701  24.51183666   2.51473745
 -2.90359701  24.53520125   2.53037440
 -2.80359701  24.55858843   2.54602648
 -2.70359701  24.58199744   2.56169316
 -2.60359701  24.60542752   2.57737394
 -2.50359701  24.62887791   2.59306832
 -2.40359701  24.65234785   2.60877577
 -2.30359701  24.67583657   2.62449580
 -2.20359701  24.69934330   2.64022789
 -2.10359701  24.72286728   2.65597151
 -2.00359701  24.74640773   2.67172616
 -1.90359701  24.76996388   2.68749132
 -1.80359701  24.79353496   2.70326647
 -1.70359701  24.81712020   2.71905109
 -1.60359701  24.84071881   2.73484466
 -1.50359701  24.86433001   2.75064666
 -1.40359701  24.88795303   2.76645657
 -1.30359701  24.91158709   2.78227387
 -1.20359701  24.93523141   2.79809803
 -1.10359701  24.95888520   2.81392854
 -1.00359701  24.98254768   2.82976485
 -0.90359701  25.00621806   2.84560646
 -0.80359701  25.02989556   2.86145283
 -0.70359701  25.05357939   2.87730344
 -0.60359701  25.07726877   2.89315776
 -0.50359701  25.10096291   2.90901527
 -0.40359701  25.12466102   2.92487543
 -0.30359701  25.14836231   2.94073773
 -0.20359701  25.17206600   2.95660162
 -0.10359701  25.19577129   2.97246660
 -0.00359701  25.21947741   2.98833211
  0.09640299  25.24318355   3.00419765
  0.19640299  25.26688892   3.02006268
  0.29640299  25.29059275   3.03592667
  0.39640299  25.31429425   3.05178910
  0.49640299  25.33799261   3.06764944
  0.59640299  25.36168706   3.08350715
  0.69640299  25.38537681   3.09936172
  0.79640299  25.40906107   3.11521261
  0.89640299  25.43273905   3.13105931
  0.99640299  25.45640997   3.14690128
  1.09640299  25.48007304   3.16273799
  1.19640299  25.50372748   3.17856893
  1.29640299  25.52737251   3.19439356
  1.39640299  25.55100733   3.21021137
  1.49640299  25.57463117   3.22602183
  1.59640299  25.59824325   3.24182442
  1.69640299  25.62184280   3.25761862
  1.79640299  25.64542902   3.27340390
  1.89640299  25.66900114   3.28917975
  1.99640299  25.69255839   3.30494564
  2.09640299  25.71610000   3.32070106
  2.19640299  25.73962519   3.33644550
  2.29640299  25.76313319   3.35217843
  2.39640299  25.78662323   3.36789934
  2.49640299  25.81009454   3.38360772
  2.59640299  25.83354637   3.39930306
  2.69640299  25.85697793   3.41498483
  2.79640299  25.88038848   3.43065255
  2.89640299  25.90377726   3.44630569
  2.99640299  25.92714350   3.46194374
  3.09640299  25.95048645   3.47756622
  3.19640299  25.97380536   3.49317260
  3.29640299  25.99709948   3.50876239
  3.39640299  26.02036806   3.52433508
  3.49640299  26.04361035   3.53989019
  3.59640299  26.06682562   3.55542720
  3.69640299  26.09001311   3.57094563
  3.79640299  26.11317210   3.58644499
  3.89640299  26.13630185   3.60192477
  3.99640299  26.15940162   3.61738449
  4.09640299  26.18247070   3.63282367
  4.19640299  26.20550834   3.64824181
  4.29640299  26.22851384   3.66363844
  4.39640299  26.25148646   3.67901307
  4.49640299  26.27442550   3.69436522
  4.59640299  26.29733024   3.70969441
  4.69640299  26.32019997   3.72500017
  4.79640299  26.34303398   3.74028203
  4.89640299  26.36583158   3.75553952
  4.99640299  26.38859206   3.77077217
  5.09640299  26.41131472   3.78597950
  5.19640299  26.43399888   3.80116107
  5.29640299  26.45664384   3.81631641
  5.39640299  26.47924892   3.83144505
  5.49640299  26.50181345   3.84654656
  5.59640299  26.52433673   3.86162046
  5.69640299  26.54681811   3.87666632
  5.79640299  26.56925691   3.89168368
  5.89640299  26.59165247   3.90667209
  5.99640299  26.61400412   3.92163113
  6.09640299  26.63631121   3.93656035
  6.19640299  26.65857310   3.95145930
  6.29640299  26.68078912   3.96632757
  6.39640299  26.70295864   3.98116471
  6.49640299  26.72508102   3.99597030
  6.59640299  26.74715562   4.01074392
  6.69640299  26.76918182   4.02548514
  6.79640299  26.79115898   4.04019355
  6.89640299  26.81308649   4.05486873
  6.99640299  26.83496374   4.06951026
  7.09640299  26.85679011   4.08411774
  7.19640299  26.87856499   4.09869077
  7.29640299  26.90028779   4.11322894
  7.39640299  26.92195790   4.12773185
  7.49640299  26.94357474   4.14219910
  7.59640299  26.96513771   4.15663031
  7.69640299  26.98664624   4.17102508
  7.79640299  27.00809976   4.18538303
  7.89640299  27.02949768   4.19970378
  7.99640299  27.05083945   4.21398694
  8.09640299  27.07212450   4.22823214
  8.19640299  27.09335227   4.24243901
  8.29640299  27.11452222   4.25660718
  8.39640299  27.13563380   4.27073628
  8.49640299  27.15668647   4.28482597
  8.59640299  27.17767970   4.29887586
  8.69640299  27.19861296   4.31288563
  8.79640299  27.21948572   4.32685490
  8.89640299  27.24029747   4.34078334
  8.99640299  27.26104769   4.35467060
  9.09640299  27.28173589   4.36851635
  9.19640299  27.30236155   4.38232025
  9.29640299  27.32292418   4.39608197
  9.39640299  27.34342330   4.40980117
  9.49640299  27.36385841   4.42347754
  9.59640299  27.38422905   4.43711076
  9.69640299  27.40453473   4.45070051
  9.79640299  27.42477500   4.46424647
  9.89640299  27.44494940   4.47774835
  9.99640299  27.46505746   4.49120583
 10.09640299  27.48509874   4.50461861
 10.19640299  27.50507280   4.51798640
 10.29640299  27.52497920   4.53130891
 10.39640299  27.54481752   4.54458585
 10.49640299  27.56458732   4.55781692
 10.59640299  27.58428819   4.57100186
 10.69640299  27.60391972   4.58414039
 10.79640299  27.62348150   4.59723222
 10.89640299  27.64297314   4.61027711
 10.99640299  27.66239424   4.62327477
 11.09640299  27.68174442   4.63622495
 11.19640299  27.70102329   4.64912740
 11.29640299  27.72023048   4.66198185
 11.39640299  27.73936564   4.67478807
 11.49640299  27.75842839   4.68754581
 11.59640299  27.77741839   4.70025483
 11.69640299  27.79633529   4.71291489
 11.79640299  27.81517876   4.72552577
 11.89640299  27.83394846   4.73808722
 11.99640299  27.85264407   4.75059904
 12.09640299  27.87126528   4.76306099
 12.19640299  27.88981178   4.77547287
 12.29640299  27.90828327   4.78783446
 12.39640299  27.92667946   4.80014556
 12.49640299  27.94500008   4.81240596
 12.59640299  27.96324484   4.82461545
 12.69640299  27.98141349   4.83677385
 12.79640299  27.99950579   4.84888097
 12.89640299  28.01752148   4.86093660
 12.99640299  28.03546035   4.87294057
 13.09640299  28.05332217   4.88489270
 13.19640299  28.07110674   4.89679281
 13.29640299  28.08881388   4.90864072
 13.39640299  28.10644342   4.92043627
 13.49640299  28.12399519   4.93217927
 13.59640299  28.14146906   4.94386958
 13.69640299  28.15886492   4.95550703
 13.79640299  28.17618265   4.96709145
 13.89640299  28.19342220   4.97862270
 13.99640299  28.21058350   4.99010061
 14.09640299  28.22766654   5.00152503
 14.19640299  28.24467132   5.01289582
 14.29640299  28.26159789   5.02421282
 14.39640299  28.27844632   5.03547589
 14.49640299  28.29521673   5.04668488
 14.59640299  28.31190929   5.05783965
 14.69640299  28.32852419   5.06894003
 14.79640299  28.34506170   5.07998590
 14.89640299  28.36152215   5.09097710
 14.99640299  28.37790592   5.10191347
 15.09640299  28.39421347   5.11279487
 15.19640299  28.41044534   5.12362115
 15.29640299  28.42660215   5.13439214
 15.39640299  28.44268461   5.14510767
 15.49640299  28.45869356   5.15576758
 15.59640299  28.47462994   5.16637169
 15.69640299  28.49049482   5.17691982
 15.79640299  28.50628940   5.18741177
 15.89640299  28.52201506   5.19784733
 15.99640299  28.53767332   5.20822629
 16.09640299  28.55326591   5.21854842
 16.19640299  28.56879476   5.22881347
 16.29640299  28.58426201   5.23902117
 16.39640299  28.59967006   5.24917124
 16.49640299  28.61502158   5.25926338
 16.59640299  28.63031952   5.26929725
 16.69640299  28.64556715   5.27927250
 16.79640299  28.66076811   5.28918873
 16.89640299  28.67592639   5.29904552
 16.99640299  28.69104642   5.30884242
 17.09640299  28.70613307   5.31857893
 17.19640299  28.72119169   5.32825451
 17.29640299  28.73622817   5.33786856
 17.39640299  28.75124896   5.34742044
 17.49640299  28.76626115   5.35690946
 17.59640299  28.78127249   5.36633485
 17.69640299  28.79629143   5.37569578
 17.79640299  28.81132725   5.38499135
 17.89640299  28.82639003   5.39422057
 17.99640299  28.84149076   5.40338239
 18.09640299  28.85664141   5.41247565
 18.19640299  28.87185499   5.42149908
 18.29640299  28.88714560   5.43045132
 18.39640299  28.90252857   5.43933090
 18.49640299  28.91802048   5.44813622
 18.59640299  28.93363927   5.45686555
 18.69640299  28.94940433   5.46551702
 18.79640299  28.96533660   5.47408860
 18.89640299  28.98145863   5.48257814
 18.99640299  28.99779473   5.49098327
 19.09640299  29.01437106   5.49930149
 19.19640299  29.03121569   5.50753008
 19.29640299  29.04835876   5.51566613
 19.39640299  29.06583260   5.52370653
 19.49640299  29.08367179   5.53164792
 19.59640299  29.10191332   5.53948673
 19.69640299  29.12059671   5.54721915
 19.79640299  29.13976410   5.55484109
 19.89640299  29.15946041   5.56234820
 19.99640299  29.17973342   5.56973585
 20.09640299  29.20063394   5.57699913
 20.19640299  29.22221588   5.58413279
 20.29640299  29.24453643   5.59113129
 20.39640299  29.26765613   5.59798875
 20.49640299  29.29163899   5.60469896
 20.59640299  29.31655265   5.61125534
 20.69640299  29.34246844   5.61765095
 20.79640299  29.36946150   5.62387849
 20.89640299  29.39761089   5.62993027
 20.99640299  29.42699967   5.63579819
 21.09640299  29.45771500   5.64147377
 21.19640299  29.48984819   5.64694811
 21.29640299  29.52349479   5.65221191
 21.39640299  29.55875463   5.65725542
 21.49640299  29.59573189   5.66206849
 21.59640299  29.63453510   5.66664053
 21.69640299  29.67527717   5.67096052
 21.79640299  29.71807539   5.67501702
 21.89640299  29.76305143   5.67879815
 21.99640299  29.81033127   5.68229160
 22.09640299  29.86004519   5.68548464
 22.19640299  29.91232770   5.68836415
 22.29640299  29.96731742   5.69091657
 22.39640299  30.02515696   5.69312797
 22.49640299  30.08599285   5.69498402
 22.59640299  30.14997530   5.69647005
 22.69640299  30.21725810   5.69757101
 22.79640299  30.28799833   5.69827155
 22.89640299  30.36235620   5.69855601
 22.99640299  30.44049475   5.69840845
 23.09640299  30.52257957   5.69781266
 23.19640299  30.60877851   5.69675225
 23.29640299  30.69926133   5.69521060
 23.39640299  30.79419932   5.69317096
 23.49640299  30.89376495   5.69061649
 23.59640299  30.99813140   5.68753024
 23.69640299  31.10747217   5.68389525
 23.79640299  31.22196057   5.67969458
 23.89640299  31.34176926   5.67491136
 23.99640299  31.46706973   5.66952884
 24.09640299  31.59803173   5.66353043
 24.19640299  31.73482277   5.65689977
 24.29640299  31.87760748   5.64962080
 24.39640299  32.02654708   5.64167777
 24.49640299  32.18179872   5.63305537
 24.59640299  32.34351488   5.62373873
 24.69640299  32.51184274   5.61371352
 24.79640299  32.68692354   5.60296598
 24.89640299  32.86889189   5.59148302
 24.99640299  33.05787519   5.57925228
 25.09640299  33.25399293   5.56626215
 25.19640299  33.45735604   5.55250191
 25.29640299  33.66806627   5.53796170
 25.39640299  33.88621554   5.52263269
 25.49640299  34.11188532   5.50650704
 25.59640299  34.34514603   5.48957802
 25.69640299  34.58605643   5.47184007
 25.79640299  34.83466309   5.45328880
 25.89640299  35.09099983   5.43392114
 25.99640299  35.35508719   5.41373527
 26.09640299  35.62693198   5.39273078
 26.19640299  35.90652683   5.37090865
 26.29640299  36.19384977   5.34827128
 26.39640299  36.48886389   5.32482259
 26.49640299  36.79151700   5.30056798
 26.59640299  37.10174137   5.27551441
 26.69640299  37.41945349   5.24967040
 26.79640299  37.74455395   5.22304602
 26.89640299  38.07692724   5.19565297
 26.99640299  38.41644178   5.16750451
 27.09640299  38.76294986   5.13861552
 27.19640299  39.11628771   5.10900245
 27.29640299  39.47627564   5.07868334
 27.39640299  39.84271819   5.04767779
 27.49640299  40.21540436   5.01600692
 27.59640299  40.59410794   4.98369339
 27.69640299  40.97858787   4.95076129
 27.79640299  41.36858864   4.91723618
 27.89640299  41.76384077   4.88314497
 27.99640299  42.16406136   4.84851591
 28.09640299  42.56895469   4.81337853
 28.19640299  42.97821286   4.77776354
 28.29640299  43.39151648   4.74170282
 28.39640299  43.80853545   4.70522929
 28.49640299  44.22892972   4.66837685
 28.59640299  44.65235017   4.63118031
 28.69640299  45.07843947   4.59367528
 28.79640299  45.50683298   4.55589812
 28.89640299  45.93715975   4.51788579
 28.99640299  46.36904344   4.47967578
 29.09640299  46.80210337   4.44130603
 29.19640299  47.23595550   4.40281479
 29.29640299  47.67021352   4.36424057
 29.39640299  48.10448985   4.32562197
 29.49640299  48.53839671   4.28699762
 29.59640299  48.97154717   4.24840607
 29.69640299  49.40355621   4.20988569
 29.79640299  49.83404176   4.17147454
 29.89640299  50.26262571   4.13321030
 29.99640299  50.68893496   4.09513015
 30.09640299  51.11260235   4.05727069
 30.19640299  51.53326768   4.01966782
 30.29640299  51.95057860   3.98235667
 30.39640299  52.36419152   3.94537150
 30.49640299  52.77377247   3.90874562
 30.59640299  53.17899792   3.87251132
 30.69640299  53.57955551   3.83669975
 30.79640299  53.97514484   3.80134092
 30.89640299  54.36547805   3.76646357
 30.99640299  54.75028053   3.73209513
 31.09640299  55.12929141   3.69826168
 31.19640299  55.50226409   3.66498790
 31.29640299  55.86896668   3.63229698
 31.39640299  56.22918238   3.60021065
 31.49640299  56.58270983   3.56874910
 31.59640299  56.92936331   3.53793096
 31.69640299  57.26897301   3.50777330
 31.79640299  57.60138513   3.47829161
 31.89640299  57.92646195   3.44949978
 31.99640299  58.24408191   3.42141009
 32.09640299  58.55413949   3.39403326
 32.19640299  58.85654519   3.36737841
 32.29640299  59.15122531   3.34145309
 32.39640299  59.43812182   3.31626330
 32.49640299  59.71719205   3.29181353
 32.59640299  59.98840843   3.26810678
 32.69640299  60.25175809   3.24514457
 32.79640299  60.50724254   3.22292702
 32.89640299  60.75487719   3.20145287
 32.99640299  60.99469088   3.18071952
 33.09640299  61.22672543   3.16072310
 33.19640299  61.45103506   3.14145850
 33.29640299  61.66768587   3.12291945
 33.39640299  61.87675521   3.10509854
 33.49640299  62.07833114   3.08798733
 33.59640299  62.27251178   3.07157635
 33.69640299  62.45940469   3.05585524
 33.79640299  62.63912620   3.04081273
 33.89640299  62.81180082   3.02643675
 33.99640299  62.97756053   3.01271452
 34.09640299  63.13654416   2.99963254
 34.19640299  63.28889676   2.98717671
 34.29640299  63.43476890   2.97533240
 34.39640299  63.57431607   2.96408446
 34.49640299  63.70769805   2.95341734
 34.59640299  63.83507830   2.94331512
 34.69640299  63.95662333   2.93376157
 34.79640299  64.07250216   2.92474021
 34.89640299  64.18288574   2.91623438
 34.99640299  64.28794637   2.90822728
 35.09640299  64.38785723   2.90070202
 35.19640299  64.48279186   2.89364166
 35.29640299  64.57292366   2.88702931
 35.39640299  64.65842548   2.88084809
 35.49640299  64.73946915   2.87508126
 35.59640299  64.81622512   2.86971217
 35.69640299  64.88886205   2.86472439
 35.79640299  64.95754649   2.86010168
 35.89640299  65.02244256   2.85582803
 35.99640299  65.08371162   2.85188771
 36.09640299  65.14151205   2.84826529
 36.19640299  65.19599897   2.84494565
 36.29640299  65.24732403   2.84191403
 36.39640299  65.29563527   2.83915600
 36.49640299  65.34107686   2.83665753
 36.59640299  65.38378904   2.83440497
 36.69640299  65.42390796   2.83238508
 36.79640299  65.46156559   2.83058504
 36.89640299  65.49688963   2.82899242
 36.99640299  65.53000349   2.82759525
 37.09640299  65.56102619   2.82638197
 37.19640299  65.59007240   2.82534145
 37.29640299  65.61725241   2.82446301
 37.39640299  65.64267213   2.82373639
 37.49640299  65.66643313   2.82315174
 37.59640299  65.68863267   2.82269967
 37.69640299  65.70936379   2.82237119
 37.79640299  65.72871529   2.82215772
 37.89640299  65.74677188   2.82205110
 37.99640299  65.76361425   2.82204355
 38.09640299  65.77931912   2.82212769
 38.19640299  65.79395937   2.82229652
 38.29640299  65.80760414   2.82254341
 38.39640299  65.82031891   2.82286209
 38.49640299  65.83216566   2.82324662
 38.59640299  65.84320295   2.82369141
 38.69640299  65.85348605   2.82419121
 38.79640299  65.86306706   2.82474105
 38.89640299  65.87199503   2.82533629
 38.99640299  65.88031608   2.82597256
 39.09640299  65.88807352   2.82664576
 39.19640299  65.89530801   2.82735208
 39.29640299  65.90205761   2.82808794
 39.39640299  65.90835795   2.82885001
 39.49640299  65.91424236   2.82963519
 39.59640299  65.91974194   2.83044058
 39.69640299  65.92488569   2.83126350
 39.79640299  65.92970065   2.83210148
 39.89640299  65.93421196   2.83295221
 39.99640299  65.93844300   2.83381355
 40.09640299  65.94241549   2.83468355
 40.19640299  65.94614956   2.83556040
 40.29640299  65.94966385   2.83644243
 40.39640299  65.95297566   2.83732811
 40.49640299  65.95610092   2.83821604
 40.59640299  65.95905441   2.83910494
 40.69640299  65.96184972   2.83999364
 40.79640299  65.96449939   2.84088107
 40.89640299  65.96701497   2.84176627
 40.99640299  65.96940710   2.84264835
 41.09640299  65.97168554   2.84352652
 41.19640299  65.97385925   2.84440006
 41.29640299  65.97593647   2.84526832
 41.39640299  65.97792474   2.84613073
 41.49640299  65.97983095   2.84698676
 41.59640299  65.98166144   2.84783596
 41.69640299  65.98342197   2.84867791
 41.79640299  65.98511784   2.84951226
 41.89640299  65.98675385   2.85033869
 41.99640299  65.98833440   2.85115692
 42.09640299  65.98986351   2.85196672
 42.19640299  65.99134481   2.85276787
 42.29640299  65.99278164   2.85356021
 42.39640299  65.99417703   2.85434359
 42.49640299  65.99553372   2.85511788
 42.59640299  65.99685421   2.85588300
 42.69640299  65.99814079   2.85663887
 42.79640299  65.99939552   2.85738542
 42.89640299  66.00062027   2.85812263
 42.99640299  66.00181676   2.85885047
 43.09640299  66.00298654   2.85956893
 43.19640299  66.00413101   2.86027801
 43.29640299  66.00525145   2.86097774
 43.39640299  66.00634904   2.86166813
 43.49640299  66.00742483   2.86234922
 43.59640299  66.00847978   2.86302105
 43.69640299  66.00951478   2.86368368
 43.79640299  66.01053062   2.86433716
 43.89640299  66.01152804   2.86498155
 43.99640299  66.01250770   2.86561693
 44.09640299  66.01347022   2.86624335
 44.19640299  66.01441616   2.86686090
 44.29640299  66.01534603   2.86746966
 44.39640299  66.01626032   2.86806971
 44.49640299  66.01715945   2.86866113
 44.59640299  66.01804384   2.86924400
 44.69640299  66.01891385   2.86981842
 44.79640299  66.01976984   2.87038448
 44.89640299  66.02061214   2.87094227
 44.99640299  66.02144104   2.87149187
 45.09640299  66.02225683   2.87203338
 45.19640299  66.02305979   2.87256689
 45.29640299  66.02385016   2.87309250
 45.39640299  66.02462817   2.87361029
 45.49640299  66.02539407   2.87412037
 45.59640299  66.02614807   2.87462282
 45.69640299  66.02689036   2.87511773
 45.79640299  66.02762115   2.87560521
 45.89640299  66.02834063   2.87608534
 45.99640299  66.02904898   2.87655822
 46.09640299  66.02974638   2.87702393
 46.19640299  66.03043299   2.87748257
 46.29640299  66.03110898   2.87793422
 46.39640299  66.03177451   2.87837898
 46.49640299  66.03242973   2.87881694
 46.59640299  66.03307480   2.87924818
 46.69640299  66.03370986   2.87967280
 46.79640299  66.03433506   2.88009087
 46.89640299  66.03495054   2.88050249
 46.99640299  66.03555644   2.88090774
 47.09640299  66.03615290   2.88130671
 47.19640299  66.03674004   2.88169947
 47.29640299  66.03731799   2.88208612
 47.39640299  66.03788690   2.88246673
 47.49640299  66.03844688   2.88284139
 47.59640299  66.03899805   2.88321017
 47.69640299  66.03954055   2.88357316
 47.79640299  66.04007449   2.88393044
 47.89640299  66.04060000   2.88428208
 47.99640299  66.04111718   2.88462816
 48.09640299  66.04162615   2.88496875
 48.19640299  66.04212704   2.88530394
 48.29640299  66.04261996   2.88563380
 48.39640299  66.04310500   2.88595840
 48.49640299  66.04358230   2.88627781
 48.59640299  66.04405194   2.88659211
 48.69640299  66.04451405   2.88690136
 48.79640299  66.04496873   2.88720565
 48.89640299  66.04541609   2.88750503
 48.99640299  66.04585622   2.88779958
 49.09640299  66.04628923   2.88808937
 49.19640299  66.04671522   2.88837447
 49.29640299  66.04713429   2.88865493
 49.39640299  66.04754654   2.88893083
 49.49640299  66.04795207   2.88920223
 49.59640299  66.04835098   2.88946920
 49.69640299  66.04874335   2.88973179
 49.79640299  66.04912929   2.88999008
 49.89640299  66.04950888   2.89024413
 49.99640299  66.04988222   2.89049399
 50.09640299  66.05024940   2.89073973
 50.19640299  66.05061052   2.89098140
 50.29640299  66.05096564   2.89121907
 50.39640299  66.05131488   2.89145280
 50.49640299  66.05165830   2.89168264
 50.59640299  66.05199600   2.89190865
 50.69640299  66.05232806   2.89213088
 50.79640299  66.05265457   2.89234940
 50.89640299  66.05297561   2.89256426
 50.99640299  66.05329125   2.89277550
 51.09640299  66.05360158   2.89298319
 51.19640299  66.05390668   2.89318738
 51.29640299  66.05420662   2.89338812
 51.39640299  66.05450149   2.89358546
 51.49640299  66.05479135   2.89377946
 51.59640299  66.05507630   2.89397016
 51.69640299  66.05535639   2.89415761
 51.79640299  66.05563170   2.89434187
 51.89640299  66.05590230   2.89452297
 51.99640299  66.05616828   2.89470098
 52.09640299  66.05642969   2.89487593
 52.19640299  66.05668661   2.89504787
 52.29640299  66.05693910   2.89521686
 52.39640299  66.05718724   2.89538293
 52.49640299  66.05743109   2.89554612
 52.59640299  66.05767071   2.89570649
 52.69640299  66.05790618   2.89586408
 52.79640299  66.05813755   2.89601893
 52.89640299  66.05836490   2.89617108
 52.99640299  66.05858827   2.89632058
 53.09640299  66.05880775   2.89646746
 53.19640299  66.05902337   2.89661177
 53.29640299  66.05923522   2.89675355
 53.39640299  66.05944334   2.89689284
 53.49640299  66.05964779   2.89702967
 53.59640299  66.05984864   2.89716409
 53.69640299  66.06004593   2.89729613
 53.79640299  66.06023973   2.89742583
 53.89640299  66.06043010   2.89755324
 53.99640299  66.06061707   2.89767837
 54.09640299  66.06080072   2.89780128
 54.19640299  66.06098110   2.89792200
 54.29640299  66.06115824   2.89804055
 54.39640299  66.06133222   2.89815699
 54.49640299  66.06150307   2.89827134
 54.59640299  66.06167086   2.89838363
 54.69640299  66.06183562   2.89849390
 54.79640299  66.06199741   2.89860218
 54.89640299  66.06215628   2.89870850
 54.99640299  66.06231227   2.89881290
 55.09640299  66.06246543   2.89891540
 55.19640299  66.06261581   2.89901605
 55.29640299  66.06276345   2.89911486
 55.39640299  66.06290840   2.89921187
 55.49640299  66.06305071   2.89930710
 55.59640299  66.06319041   2.89940060
 55.69640299  66.06332754   2.89949238
 55.79640299  66.06346216   2.89958247
 55.89640299  66.06359430   2.89967091
 55.99640299  66.06372401   2.89975772
 56.09640299  66.06385132   2.89984292
 56.19640299  66.06397628   2.89992655
 56.29640299  66.06409892   2.90000863
 56.39640299  66.06421929   2.90008919
 56.49640299  66.06433742   2.90016824
 56.59640299  66.06445335   2.90024583
 56.69640299  66.06456711   2.90032197
 56.79640299  66.06467875   2.90039668
 56.89640299  66.06478830   2.90047000
 56.99640299  66.06489579   2.90054194
 57.09640299  66.06500126   2.90061253
 57.19640299  66.06510475   2.90068179
 57.29640299  66.06520629   2.90074974
 57.39640299  66.06530591   2.90081642
 57.49640299  66.06540364   2.90088183
 57.59640299  66.06549953   2.90094600
 57.69640299  66.06559359   2.90100895
 57.79640299  66.06568586   2.90107070
 57.89640299  66.06577638   2.90113128
 57.99640299  66.06586516   2.90119070
 58.09640299  66.06595225   2.90124899
 58.19640299  66.06603768   2.90130616
 58.29640299  66.06612146   2.90136223
 58.39640299  66.06620364   2.90141723
 58.49640299  66.06628423   2.90147117
 58.59640299  66.06636327   2.90152406
 58.69640299  66.06644078   2.90157594
 58.79640299  66.06651680   2.90162681
 58.89640299  66.06659134   2.90167670
 58.99640299  66.06666443   2.90172562
 59.09640299  66.06673610   2.90177359
 59.19640299  66.06680638   2.90182062
 59.29640299  66.06687529   2.90186674
 59.39640299  66.06694285   2.90191195
 59.49640299  66.06700908   2.90195628
 59.59640299  66.06707402   2.90199974
 59.69640299  66.06713769   2.90204235
 59.79640299  66.06720010   2.90208412
 59.89640299  66.06726128   2.90212506
 59.99640299  66.06732125   2.90216520
 60.09640299  66.06738004   2.90220455
 60.19640299  66.06743766   2.90224311
 60.29640299  66.06749415   2.90228091
 60.39640299  66.06754951   2.90231796
 60.49640299  66.06760376   2.90235427
 60.59640299  66.06765694   2.90238986
 60.69640299  66.06770905   2.90242474
 60.79640299  66.06776013   2.90245892
 60.89640299  66.06781018   2.90249242
 60.99640299  66.06785922   2.90252524
 61.09640299  66.06790728   2.90255741
 61.19640299  66.06795438   2.90258892
 61.29640299  66.06800052   2.90261981
 61.39640299  66.06804573   2.90265006
 61.49640299  66.06809003   2.90267971
 61.59640299  66.06813343   2.90270876
 61.69640299  66.06817595   2.90273721
 61.79640299  66.06821760   2.90276509
 61.89640299  66.06825841   2.90279240
 61.99640299  66.06829838   2.90281916
 62.09640299  66.06833754   2.90284536
 62.19640299  66.06837590   2.90287103
 62.29640299  66.06841347   2.90289618
 62.39640299  66.06845027   2.90292081
 62.49640299  66.06848632   2.90294493
 62.59640299  66.06852162   2.90296856
 62.69640299  66.06855620   2.90299170
 62.79640299  66.06859006   2.90301436
 62.89640299  66.06862322   2.90303655
 62.99640299  66.06865569   2.90305829
 63.09640299  66.06868749   2.90307957
 63.19640299  66.06871863   2.90310041
 63.29640299  66.06874913   2.90312082
 63.39640299  66.06877898   2.90314080
 63.49640299  66.06880821   2.90316036
 63.59640299  66.06883684   2.90317952
 63.69640299  66.06886486   2.90319827
 63.79640299  66.06889229   2.90321663
 63.89640299  66.06891915   2.90323461
 63.99640299  66.06894544   2.90325220
 64.09640299  66.06897118   2.90326943
 64.19640299  66.06899638   2.90328629
 64.29640299  66.06902104   2.90330280
 64.39640299  66.06904518   2.90331896
 64.49640299  66.06906881   2.90333477
 64.59640299  66.06909194   2.90335025
 64.69640299  66.06911457   2.90336540
 64.79640299  66.06913673   2.90338022
 64.89640299  66.06915841   2.90339473
 64.99640299  66.06917962   2.90340893
 65.09640299  66.06920039   2.90342283
 65.19640299  66.06922071   2.90343643
 65.29640299  66.06924059   2.90344973
 65.39640299  66.06926004   2.90346275
 65.49640299  66.06927908   2.90347549
 65.59640299  66.06929770   2.90348796
 65.69640299  66.06931593   2.90350016
 65.79640299  66.06933376   2.90351209
 65.89640299  66.06935120   2.90352376
 65.99640299  66.06936827   2.90353518
 66.09640299  66.06938496   2.90354636
 66.19640299  66.06940129   2.90355729
 66.29640299  66.06941727   2.90356798
 66.39640299  66.06943289   2.90357844
 66.49640299  66.06944818   2.90358867
 66.59640299  66.06946313   2.90359867
 66.69640299  66.06947775   2.90360846
 66.79640299  66.06949205   2.90361803
 66.89640299  66.06950604   2.90362739
 66.99640299  66.06951972   2.90363655
 67.09640299  66.06953310   2.90364550
 67.19640299  66.06954618   2.90365425
 67.29640299  66.06955897   2.90366282
 67.39640299  66.06957148   2.90367119
 67.49640299  66.06958372   2.90367937
 67.59640299  66.06959568   2.90368738
 67.69640299  66.06960737   2.90369521
 67.79640299  66.06961880   2.90370286
 67.89640299  66.06962998   2.90371034
 67.99640299  66.06964091   2.90371765
 68.09640299  66.06965160   2.90372481
 68.19640299  66.06966204   2.90373180
 68.29640299  66.06967225   2.90373863
 68.39640299  66.06968223   2.90374531
 68.49640299  66.06969199   2.90375184
 68.59640299  66.06970153   2.90375822
 68.69640299  66.06971085   2.90376446
 68.79640299  66.06971996   2.90377056
 68.89640299  66.06972887   2.90377652
 68.99640299  66.06973757   2.90378234
 69.09640299  66.06974607   2.90378803
 69.19640299  66.06975439   2.90379360
 69.29640299  66.06976251   2.90379903
 69.39640299  66.06977045   2.90380435
 69.49640299  66.06977820   2.90380954
 69.59640299  66.06978578   2.90381461
 69.69640299  66.06979319   2.90381957
 69.79640299  66.06980042   2.90382441
 69.89640299  66.06980749   2.90382914
 69.99640299  66.06981440   2.90383376
 70.09640299  66.06982115   2.90383828
 70.19640299  66.06982774   2.90384269
 70.29640299  66.06983418   2.90384700
 70.39640299  66.06984047   2.90385121
 70.49640299  66.06984662   2.90385532
 70.59640299  66.06985262   2.90385934
 70.69640299  66.06985848   2.90386327
 70.79640299  66.06986421   2.90386710
 70.89640299  66.06986980   2.90387084
 70.99640299  66.06987527   2.90387450
 71.09640299  66.06988060   2.90387807
 71.19640299  66.06988582   2.90388156
 71.29640299  66.06989090   2.90388496
 71.39640299  66.06989587   2.90388829
 71.49640299  66.06990073   2.90389154
 71.59640299  66.06990547   2.90389471
 71.69640299  66.06991009   2.90389781
 71.79640299  66.06991461   2.90390083
 71.89640299  66.06991902   2.90390378
 71.99640299  66.06992333   2.90390667
 72.09640299  66.06992754   2.90390948
 72.19640299  66.06993164   2.90391223
 72.29640299  66.06993565   2.90391491
 72.39640299  66.06993956   2.90391753
 72.49640299  66.06994338   2.90392009
 72.59640299  66.06994711   2.90392258
 72.69640299  66.06995075   2.90392502
 72.79640299  66.06995430   2.90392739
 72.89640299  66.06995777   2.90392972
 72.99640299  66.06996116   2.90393198
 73.09640299  66.06996446   2.90393419
 73.19640299  66.06996768   2.90393635
 73.29640299  66.06997083   2.90393845
 73.39640299  66.06997390   2.90394051
 73.49640299  66.06997690   2.90394252
 73.59640299  66.06997982   2.90394447
 73.69640299  66.06998268   2.90394638
 73.79640299  66.06998546   2.90394825
 73.89640299  66.06998818   2.90395006
 73.99640299  66.06999083   2.90395184
 74.09640299  66.06999341   2.90395357
 74.19640299  66.06999594   2.90395526
 74.29640299  66.06999840   2.90395690
 74.39640299  66.07000080   2.90395851
 74.49640299  66.07000314   2.90396008
 74.59640299  66.07000543   2.90396161
 74.69640299  66.07000766   2.90396310
 74.79640299  66.07000983   2.90396456
 74.89640299  66.07001195   2.90396598
 74.99640299  66.07001402   2.90396736
 75.09640299  66.07001604   2.90396871
 75.19640299  66.07001801   2.90397003
 75.29640299  66.07001993   2.90397131
 75.39640299  66.07002180   2.90397257
 75.49640299  66.07002363   2.90397379
 75.59640299  66.07002541   2.90397498
 75.69640299  66.07002714   2.90397614
 75.79640299  66.07002883   2.90397727
 75.89640299  66.07003049   2.90397838
 75.99640299  66.07003209   2.90397946
 76.09640299  66.07003366   2.90398051
 76.19640299  66.07003519   2.90398153
 76.29640299  66.07003669   2.90398253
 76.39640299  66.07003814   2.90398350
 76.49640299  66.07003956   2.90398445
 76.59640299  66.07004094   2.90398538
 76.69640299  66.07004229   2.90398628
 76.79640299  66.07004360   2.90398716
 76.89640299  66.07004488   2.90398801
 76.99640299  66.07004613   2.90398885
 77.09640299  66.07004735   2.90398966
 77.19640299  66.07004853   2.90399046
 77.29640299  66.07004969   2.90399123
 77.39640299  66.07005081   2.90399198
 77.49640299  66.07005191   2.90399272
 77.59640299  66.07005298   2.90399343
 77.69640299  66.07005402   2.90399413
 77.79640299  66.07005504   2.90399481
 77.89640299  66.07005603   2.90399547
 77.99640299  66.07005699   2.90399612
 78.09640299  66.07005793   2.90399675
 78.19640299  66.07005885   2.90399736
 78.29640299  66.07005974   2.90399796
 78.39640299  66.07006061   2.90399854
 78.49640299  66.07006146   2.90399911
 78.59640299  66.07006228   2.90399966
 78.69640299  66.07006309   2.90400020
 78.79640299  66.07006387   2.90400072
 78.89640299  66.07006463   2.90400123
 78.99640299  66.07006537   2.90400173
 79.09640299  66.07006610   2.90400221
 79.19640299  66.07006680   2.90400268
 79.29640299  66.07006749   2.90400314
 79.39640299  66.07006816   2.90400359
 79.49640299  66.07006881   2.90400403
 79.59640299  66.07006944   2.90400445
 79.69640299  66.07007006   2.90400487
 79.79640299  66.07007066   2.90400527
 79.89640299  66.07007125   2.90400566
 79.99640299  66.07007182   2.90400604
 80.09640299  66.07007237   2.90400641
 80.19640299  66.07007291   2.90400677
 80.29640299  66.07007344   2.90400713
 80.39640299  66.07007395   2.90400747
 80.49640299  66.07007445   2.90400780
 80.59640299  66.07007494   2.90400813
 80.69640299  66.07007541   2.90400845
 80.79640299  66.07007587   2.90400875
 80.89640299  66.07007632   2.90400905
 80.99640299  66.07007676   2.90400935
 81.09640299  66.07007718   2.90400963
 81.19640299  66.07007759   2.90400991
 81.29640299  66.07007800   2.90401018
 81.39640299  66.07007839   2.90401044
 81.49640299  66.07007877   2.90401069
 81.59640299  66.07007914   2.90401094
 81.69640299  66.07007950   2.90401118
 81.79640299  66.07007985   2.90401142
 81.89640299  66.07008019   2.90401165
 81.99640299  66.07008053   2.90401187
 82.09640299  66.07008085   2.90401209
 82.19640299  66.07008117   2.90401230
 82.29640299  66.07008147   2.90401250
 82.39640299  66.07008177   2.90401270
 82.49640299  66.07008206   2.90401290
 82.59640299  66.07008234   2.90401309
 82.69640299  66.07008262   2.90401327
 82.79640299  66.07008289   2.90401345
 82.89640299  66.07008315   2.90401362
 82.99640299  66.07008340   2.90401379
 83.09640299  66.07008364   2.90401396
 83.19640299  66.07008388   2.90401412
 83.29640299  66.07008412   2.90401427
 83.39640299  66.07008434   2.90401442
 83.49640299  66.07008456   2.90401457
 83.59640299  66.07008478   2.90401471
 83.69640299  66.07008499   2.90401485
 83.79640299  66.07008519   2.90401499
 83.89640299  66.07008539   2.90401512
 83.99640299  66.07008558   2.90401525
 84.09640299  66.07008576   2.90401537
 84.19640299  66.07008594   2.90401550
 84.29640299  66.07008612   2.90401561
 84.39640299  66.07008629   2.90401573
 84.49640299  66.07008646   2.90401584
 84.59640299  66.07008662   2.90401595
 84.69640299  66.07008678   2.90401605
 84.79640299  66.07008693   2.90401616
 84.89640299  66.07008708   2.90401626
 84.99640299  66.07008722   2.90401635
 85.09640299  66.07008736   2.90401645
 85.19640299  66.07008750   2.90401654
 85.29640299  66.07008763   2.90401663
 85.39640299  66.07008776   2.90401671
 85.49640299  66.07008789   2.90401680
 85.59640299  66.07008801   2.90401688
 85.69640299  66.07008813   2.90401696
 85.79640299  66.07008824   2.90401704
 85.89640299  66.07008836   2.90401711
 85.99640299  66.07008847   2.90401718
 86.09640299  66.07008857   2.90401725
 86.19640299  66.07008867   2.90401732
 86.29640299  66.07008877   2.90401739
 86.39640299  66.07008887   2.90401745
 86.49640299  66.07008897   2.90401752
 86.59640299  66.07008906   2.90401758
 86.69640299  66.07008915   2.90401764
 86.79640299  66.07008923   2.90401770
 86.89640299  66.07008932   2.90401775
 86.99640299  66.07008940   2.90401781
 87.09640299  66.07008948   2.90401786
 87.19640299  66.07008955   2.90401791
 87.29640299  66.07008963   2.90401796
 87.39640299  66.07008970   2.90401801
 87.49640299  66.07008977   2.90401806
 87.59640299  66.07008984   2.90401810
 87.69640299  66.07008991   2.90401815
 87.79640299  66.07008997   2.90401819
 87.89640299  66.07009003   2.90401823
 87.99640299  66.07009010   2.90401827
 88.09640299  66.07009016   2.90401831
 88.19640299  66.07009021   2.90401835
 88.29640299  66.07009027   2.90401839
 88.39640299  66.07009032   2.90401843
 88.49640299  66.07009038   2.90401846
 88.59640299  66.07009043   2.90401850
 88.69640299  66.07009048   2.90401853
 88.79640299  66.07009052   2.90401856
 88.89640299  66.07009057   2.90401859
 88.99640299  66.07009062   2.90401862
 89.09640299  66.07009066   2.90401865
 89.19640299  66.07009070   2.90401868
 89.29640299  66.07009075   2.90401871
 89.39640299  66.07009079   2.90401874
 89.49640299  66.07009083   2.90401876
 89.59640299  66.07009086   2.90401879
 89.69640299  66.07009090   2.90401881
 89.79640299  66.07009094   2.90401884
 89.89640299  66.07009097   2.90401886
 89.99640299  66.07009100   2.90401888
 90.09640299  66.07009104   2.90401890
 90.19640299  66.07009107   2.90401893
 90.29640299  66.07009110   2.90401895
 90.39640299  66.07009113   2.90401897
 90.49640299  66.07009116   2.90401899
 90.59640299  66.07009119   2.90401900
 90.69640299  66.07009121   2.90401902
 90.79640299  66.07009124   2.90401904
 90.89640299  66.07009127   2.90401906
 90.99640299  66.07009129   2.90401907
 91.09640299  66.07009132   2.90401909
 91.19640299  66.07009134   2.90401911
 91.29640299  66.07009136   2.90401912
 91.39640299  66.07009138   2.90401914
 91.49640299  66.07009141   2.90401915
 91.59640299  66.07009143   2.90401916
 91.69640299  66.07009145   2.90401918
 91.79640299  66.07009147   2.90401919
 91.89640299  66.07009149   2.90401920
 91.99640299  66.07009150   2.90401922
 92.09640299  66.07009152   2.90401923
 92.19640299  66.07009154   2.90401924
 92.29640299  66.07009156   2.90401925
 92.39640299  66.07009157   2.90401926
 92.49640299  66.07009159   2.90401927
 92.59640299  66.07009160   2.90401928
 92.69640299  66.07009162   2.90401929
 92.79640299  66.07009163   2.90401930
 92.89640299  66.07009165   2.90401931
 92.99640299  66.07009166   2.90401932
 93.09640299  66.07009167   2.90401933
 93.19640299  66.07009169   2.90401934
 93.29640299  66.07009170   2.90401935
 93.39640299  66.07009171   2.90401935
 93.49640299  66.07009172   2.90401936
 93.59640299  66.07009173   2.90401937
 93.69640299  66.07009175   2.90401938
 93.79640299  66.07009176   2.90401938
 93.89640299  66.07009177   2.90401939
 93.99640299  66.07009178   2.90401940
 94.09640299  66.07009179   2.90401940
 94.19640299  66.07009180   2.90401941
 94.29640299  66.07009180   2.90401942
 94.39640299  66.07009181   2.90401942
 94.49640299  66.07009182   2.90401943
 94.59640299  66.07009183   2.90401943
 94.69640299  66.07009184   2.90401944
 94.79640299  66.07009185   2.90401944
 94.89640299  66.07009186   2.90401945
 94.99640299  66.07009186   2.90401945
 95.09640299  66.07009187   2.90401946
 95.19640299  66.07009188   2.90401946
 95.29640299  66.07009189   2.90401947
 95.39640299  66.07009189   2.90401947
 95.49640299  66.07009190   2.90401948
 95.59640299  66.07009191   2.90401948
 95.69640299  66.07009191   2.90401949
 95.79640299  66.07009192   2.90401949
 95.89640299  66.07009193   2.90401949
 95.99640299  66.07009193   2.90401950
 96.09640299  66.07009194   2.90401950
 96.19640299  66.07009194   2.90401950
 96.29640299  66.07009195   2.90401951
 96.39640299  66.07009196   2.90401951
 96.49640299  66.07009196   2.90401951
 96.59640299  66.07009197   2.90401952
 96.69640299  66.07009198   2.90401952
 96.79640299  66.07009198   2.90401952
 96.89640299  66.07009199   2.90401953
 96.99640299  66.07009200   2.90401953
 97.09640299  66.07009200   2.90401953
 97.19640299  66.07009201   2.90401953
 97.29640299  66.07009202   2.90401954
 97.39640299  66.07009202   2.90401954
 97.49640299  66.07009203   2.90401954
 97.59640299  66.07009204   2.90401955
 97.69640299  66.07009205   2.90401955
 97.79640299  66.07009206   2.90401955
 97.89640299  66.07009207   2.90401955
 97.99640299  66.07009208   2.90401956
 98.09640299  66.07009209   2.90401956
 98.19640299  66.07009210   2.90401956
 98.29640299  66.07009211   2.90401957
 98.39640299  66.07009212   2.90401957
 98.49640299  66.07009214   2.90401957
 98.59640299  66.07009215   2.90401958
 98.69640299  66.07009216   2.90401958
 98.79640299  66.07009218   2.90401958
 98.89640299  66.07009220   2.90401959
 98.99640299  66.07009222   2.90401959
 99.09640299  66.07009224   2.90401959
 99.19640299  66.07009226   2.90401960
 99.29640299  66.07009229   2.90401960
 99.39640299  66.07009231   2.90401961
 99.49640299  66.07009234   2.90401961
 99.59640299  66.07009237   2.90401962
 99.69640299  66.07009240   2.90401962
 99.79640299  66.07009244   2.90401963
 99.89640299  66.07009248   2.90401963
 99.99640299  66.07009252   2.90401964
100.09640299  66.07009257   2.90401965
100.19640299  66.07009262   2.90401966
100.29640299  66.07009267   2.90401966
100.39640299  66.07009273   2.90401967
100.49640299  66.07009280   2.90401968
100.59640299  66.07009287   2.90401969
100.69640299  66.07009294   2.90401970
100.79640299  66.07009303   2.90401972
100.89640299  66.07009311   2.90401973
100.99640299  66.07009321   2.90401974
101.09640299  66.07009332   2.90401976
101.19640299  66.07009343   2.90401978
101.29640299  66.07009356   2.90401979
101.39640299  66.07009369   2.90401981
101.49640299  66.07009384   2.90401983
101.59640299  66.07009400   2.90401986
101.69640299  66.07009417   2.90401988
101.79640299  66.07009436   2.90401991
101.89640299  66.07009456   2.90401994
101.99640299  66.07009478   2.90401997
102.09640299  66.07009502   2.90402000
102.19640299  66.07009528   2.90402004
102.29640299  66.07009556   2.90402008
102.39640299  66.07009586   2.90402012
102.49640299  66.07009619   2.90402017
102.59640299  66.07009655   2.90402022
102.69640299  66.07009693   2.90402027
102.79640299  66.07009735   2.90402033
102.89640299  66.07009780   2.90402040
102.99640299  66.07009829   2.90402047
103.09640299  66.07009882   2.90402054
103.19640299  66.07009939   2.90402062
103.29640299  66.07010001   2.90402071
103.39640299  66.07010068   2.90402080
103.49640299  66.07010141   2.90402091
103.59640299  66.07010219   2.90402102
103.69640299  66.07010304   2.90402113
103.79640299  66.07010395   2.90402126
103.89640299  66.07010494   2.90402140
103.99640299  66.07010600   2.90402155
104.09640299  66.07010715   2.90402171
104.19640299  66.07010840   2.90402189
104.29640299  66.07010974   2.90402208
104.39640299  66.07011118   2.90402228
104.49640299  66.07011274   2.90402250
104.59640299  66.07011442   2.90402274
104.69640299  66.07011624   2.90402299
104.79640299  66.07011819   2.90402327
104.89640299  66.07012030   2.90402356
104.99640299  66.07012257   2.90402388
105.09640299  66.07012501   2.90402423
105.19640299  66.07012764   2.90402460
105.29640299  66.07013048   2.90402499
105.39640299  66.07013353   2.90402542
105.49640299  66.07013681   2.90402589
105.59640299  66.07014034   2.90402638
105.69640299  66.07014414   2.90402692
105.79640299  66.07014823   2.90402749
105.89640299  66.07015262   2.90402811
105.99640299  66.07015735   2.90402877
106.09640299  66.07016242   2.90402949
106.19640299  66.07016787   2.90403025
106.29640299  66.07017373   2.90403108
106.39640299  66.07018002   2.90403196
106.49640299  66.07018678   2.90403291
106.59640299  66.07019403   2.90403393
106.69640299  66.07020181   2.90403502
106.79640299  66.07021016   2.90403620
106.89640299  66.07021912   2.90403746
106.99640299  66.07022873   2.90403881
107.09640299  66.07023903   2.90404026
107.19640299  66.07025007   2.90404181
107.29640299  66.07026190   2.90404347
107.39640299  66.07027458   2.90404525
107.49640299  66.07028817   2.90404716
107.59640299  66.07030272   2.90404921
107.69640299  66.07031830   2.90405140
107.79640299  66.07033497   2.90405374
107.89640299  66.07035282   2.90405625
107.99640299  66.07037192   2.90405894
108.09640299  66.07039235   2.90406181
108.19640299  66.07041420   2.90406488
108.29640299  66.07043757   2.90406817
108.39640299  66.07046255   2.90407168
108.49640299  66.07048925   2.90407543
108.59640299  66.07051777   2.90407944
108.69640299  66.07054825   2.90408372
108.79640299  66.07058080   2.90408830
108.89640299  66.07061556   2.90409319
108.99640299  66.07065267   2.90409840
109.09640299  66.07069227   2.90410397
109.19640299  66.07073454   2.90410991
109.29640299  66.07077962   2.90411625
109.39640299  66.07082772   2.90412301
109.49640299  66.07087900   2.90413022
109.59640299  66.07093367   2.90413790
109.69640299  66.07099194   2.90414609
109.79640299  66.07105404   2.90415482
109.89640299  66.07112019   2.90416412
109.99640299  66.07119066   2.90417403
110.09640299  66.07126569   2.90418458
110.19640299  66.07134558   2.90419581
110.29640299  66.07143061   2.90420776
110.39640299  66.07152110   2.90422048
110.49640299  66.07161737   2.90423401
110.59640299  66.07171976   2.90424841
110.69640299  66.07182865   2.90426371
110.79640299  66.07194443   2.90427999
110.89640299  66.07206748   2.90429728
110.99640299  66.07219825   2.90431567
111.09640299  66.07233719   2.90433520
111.19640299  66.07248477   2.90435594
111.29640299  66.07264149   2.90437797
111.39640299  66.07280789   2.90440136
111.49640299  66.07298451   2.90442619
111.59640299  66.07317195   2.90445254
111.69640299  66.07337082   2.90448050
111.79640299  66.07358177   2.90451015
111.89640299  66.07380548   2.90454160
111.99640299  66.07404267   2.90457494
112.09640299  66.07429410   2.90461028
112.19640299  66.07456055   2.90464774
112.29640299  66.07484286   2.90468742
112.39640299  66.07514191   2.90472946
112.49640299  66.07545861   2.90477398
112.59640299  66.07579394   2.90482112
112.69640299  66.07614889   2.90487101
112.79640299  66.07652455   2.90492382
112.89640299  66.07692202   2.90497969
112.99640299  66.07734248   2.90503880
113.09640299  66.07778714   2.90510130
113.19640299  66.07825731   2.90516739
113.29640299  66.07875432   2.90523726
113.39640299  66.07927958   2.90531110
113.49640299  66.07983459   2.90538911
113.59640299  66.08042088   2.90547153
113.69640299  66.08104008   2.90555857
113.79640299  66.08169388   2.90565048
113.89640299  66.08238406   2.90574750
113.99640299  66.08311248   2.90584989
114.09640299  66.08388108   2.90595793
114.19640299  66.08469189   2.90607191
114.29640299  66.08554703   2.90619212
114.39640299  66.08644872   2.90631887
114.49640299  66.08739928   2.90645249
114.59640299  66.08840112   2.90659332
114.69640299  66.08945677   2.90674171
114.79640299  66.09056886   2.90689804
114.89640299  66.09174014   2.90706269
114.99640299  66.09297348   2.90723606
115.09640299  66.09427188   2.90741858
115.19640299  66.09563844   2.90761068
115.29640299  66.09707641   2.90781282
115.39640299  66.09858919   2.90802547
115.49640299  66.10018030   2.90824913
115.59640299  66.10185340   2.90848432
115.69640299  66.10361233   2.90873158
115.79640299  66.10546106   2.90899145
115.89640299  66.10740373   2.90926454
115.99640299  66.10944464   2.90955143
116.09640299  66.11158827   2.90985276
116.19640299  66.11383928   2.91016919
116.29640299  66.11620250   2.91050139
116.39640299  66.11868296   2.91085007
116.49640299  66.12128587   2.91121596
116.59640299  66.12401666   2.91159983
116.69640299  66.12688094   2.91200247
116.79640299  66.12988457   2.91242469
116.89640299  66.13303358   2.91286735
116.99640299  66.13633427   2.91333133
117.09640299  66.13979314   2.91381755
117.19640299  66.14341695   2.91432695
117.29640299  66.14721269   2.91486052
117.39640299  66.15118760   2.91541928
117.49640299  66.15534919   2.91600428
117.59640299  66.15970522   2.91661661
117.69640299  66.16426374   2.91725741
117.79640299  66.16903307   2.91792783
117.89640299  66.17402180   2.91862911
117.99640299  66.17923883   2.91936247
118.09640299  66.18469337   2.92012922
118.19640299  66.19039491   2.92093069
118.29640299  66.19635327   2.92176826
118.39640299  66.20257861   2.92264337
118.49640299  66.20908137   2.92355747
118.59640299  66.21587238   2.92451208
118.69640299  66.22296277   2.92550879
118.79640299  66.23036406   2.92654920
118.89640299  66.23808811   2.92763497
118.99640299  66.24614713   2.92876784
119.09640299  66.25455372   2.92994956
119.19640299  66.26332088   2.93118197
119.29640299  66.27246196   2.93246694
119.39640299  66.28199072   2.93380641
119.49640299  66.29192134   2.93520236
119.59640299  66.30226838   2.93665686
119.69640299  66.31304684   2.93817200
119.79640299  66.32427212   2.93974995
119.89640299  66.33596007   2.94139293
119.99640299  66.34812697   2.94310325
120.09640299  66.36078954   2.94488324
120.19640299  66.37396496   2.94673532
120.29640299  66.38767084   2.94866197
120.39640299  66.40192528   2.95066573
120.49640299  66.41674682   2.95274921
120.59640299  66.43215451   2.95491508
120.69640299  66.44816784   2.95716609
120.79640299  66.46480681   2.95950505
120.89640299  66.48209190   2.96193483
120.99640299  66.50004407   2.96445838
121.09640299  66.51868479   2.96707873
121.19640299  66.53803604   2.96979896
121.29640299  66.55812030   2.97262222
121.39640299  66.57896054   2.97555175
121.49640299  66.60058026   2.97859086
121.59640299  66.62300348   2.98174291
121.69640299  66.64625472   2.98501136
121.79640299  66.67035903   2.98839973
121.89640299  66.69534199   2.99191161
121.99640299  66.72122967   2.99555067
122.09640299  66.74804869   2.99932064
122.19640299  66.77582618   3.00322536
122.29640299  66.80458981   3.00726869
122.39640299  66.83436775   3.01145460
122.49640299  66.86518869   3.01578713
122.59640299  66.89708186   3.02027039
122.69640299  66.93007699   3.02490855
122.79640299  66.96420433   3.02970586
122.89640299  66.99949462   3.03466665
122.99640299  67.03597913   3.03979532
123.09640299  67.07368963   3.04509632
123.19640299  67.11265837   3.05057420
123.29640299  67.15291810   3.05623355
123.39640299  67.19450205   3.06207904
123.49640299  67.23744392   3.06811543
123.59640299  67.28177789   3.07434750
123.69640299  67.32753860   3.08078013
123.79640299  67.37476112   3.08741824
123.89640299  67.42348097   3.09426684
123.99640299  67.47373412   3.10133098
124.09640299  67.52555691   3.10861576
124.19640299  67.57898614   3.11612636
124.29640299  67.63405895   3.12386800
124.39640299  67.69081290   3.13184596
124.49640299  67.74928588   3.14006557
124.59640299  67.80951616   3.14853220
124.69640299  67.87154231   3.15725128
124.79640299  67.93540323   3.16622827
124.89640299  68.00113812   3.17546869
124.99640299  68.06878646   3.18497808
125.09640299  68.13838796   3.19476204
125.19640299  68.20998262   3.20482617
125.29640299  68.28361060   3.21517613
125.39640299  68.35931231   3.22581760
125.49640299  68.43712828   3.23675627
125.59640299  68.51709923   3.24799786
125.69640299  68.59926599   3.25954813
125.79640299  68.68366949   3.27141281
125.89640299  68.77035074   3.28359768
125.99640299  68.85935078   3.29610851
126.09640299  68.95071070   3.30895106
126.19640299  69.04447155   3.32213112
126.29640299  69.14067437   3.33565445
126.39640299  69.23936012   3.34952680
126.49640299  69.34056967   3.36375393
126.59640299  69.44434376   3.37834156
126.69640299  69.55072296   3.39329539
126.79640299  69.65974768   3.40862111
126.89640299  69.77145807   3.42432435
126.99640299  69.88589404   3.44041073
127.09640299  70.00309521   3.45688582
127.19640299  70.12310087   3.47375513
127.29640299  70.24594995   3.49102415
127.39640299  70.37168099   3.50869829
127.49640299  70.50033207   3.52678290
127.59640299  70.63194083   3.54528328
127.69640299  70.76654439   3.56420464
127.79640299  70.90417933   3.58355212
127.89640299  71.04488163   3.60333078
127.99640299  71.18868668   3.62354560
128.09640299  71.33562919   3.64420146
128.19640299  71.48574317   3.66530314
128.29640299  71.63906192   3.68685531
128.39640299  71.79561793   3.70886254
128.49640299  71.95544290   3.73132930
128.59640299  72.11856767   3.75425991
128.69640299  72.28502218   3.77765859
128.79640299  72.45483546   3.80152941
128.89640299  72.62803554   3.82587633
128.99640299  72.80464946   3.85070312
129.09640299  72.98470322   3.87601346
129.19640299  73.16822170   3.90181084
129.29640299  73.35522868   3.92809860
129.39640299  73.54574678   3.95487992
129.49640299  73.73979741   3.98215781
129.59640299  73.93740073   4.00993511
129.69640299  74.13857566   4.03821447
129.79640299  74.34333976   4.06699837
129.89640299  74.55170928   4.09628908
129.99640299  74.76369909   4.12608870
130.09640299  74.97932260   4.15639912
130.19640299  75.19859183   4.18722201
130.29640299  75.42151727   4.21855887
130.39640299  75.64810791   4.25041094
130.49640299  75.87837119   4.28277928
130.59640299  76.11231299   4.31566472
130.69640299  76.34993755   4.34906784
130.79640299  76.59124751   4.38298903
130.89640299  76.83624381   4.41742840
130.99640299  77.08492574   4.45238587
131.09640299  77.33729085   4.48786109
131.19640299  77.59333496   4.52385347
131.29640299  77.85305213   4.56036218
131.39640299  78.11643463   4.59738612
131.49640299  78.38347295   4.63492396
131.59640299  78.65415572   4.67297411
131.69640299  78.92846977   4.71153472
131.79640299  79.20640006   4.75060366
131.89640299  79.48792969   4.79017856
131.99640299  79.77303987   4.83025679
132.09640299  80.06170992   4.87083543
132.19640299  80.35391726   4.91191131
132.29640299  80.64963741   4.95348099
132.39640299  80.94884396   4.99554075
132.49640299  81.25150860   5.03808663
132.59640299  81.55760107   5.08111435
132.69640299  81.86708920   5.12461941
132.79640299  82.17993891   5.16859701
132.89640299  82.49611419   5.21304209
132.99640299  82.81557710   5.25794931
133.09640299  83.13828780   5.30331308
133.19640299  83.46420456   5.34912753
133.29640299  83.79328374   5.39538652
133.39640299  84.12547983   5.44208366
133.49640299  84.46074544   5.48921229
133.59640299  84.79903135   5.53676548
133.69640299  85.14028647   5.58473605
133.79640299  85.48445794   5.63311658
133.89640299  85.83149107   5.68189938
133.99640299  86.18132939   5.73107651
134.09640299  86.53391473   5.78063978
134.19640299  86.88918714   5.83058078
134.29640299  87.24708502   5.88089085
134.39640299  87.60754509   5.93156108
134.49640299  87.97050242   5.98258236
134.59640299  88.33589051   6.03394534
134.69640299  88.70364129   6.08564043
134.79640299  89.07368514   6.13765787
134.89640299  89.44595098   6.18998766
134.99640299  89.82036627   6.24261959
135.09640299  90.19685705   6.29554328
135.19640299  90.57534801   6.34874813
135.29640299  90.95576252   6.40222339
135.39640299  91.33802267   6.45595808
135.49640299  91.72204933   6.50994109
135.59640299  92.10776218   6.56416114
135.69640299  92.49507978   6.61860676
135.79640299  92.88391962   6.67326637
135.89640299  93.27419817   6.72812822
135.99640299  93.66583089   6.78318043
136.09640299  94.05873239   6.83841099
136.19640299  94.45281635   6.89380777
136.29640299  94.84799571   6.94935853
136.39640299  95.24418263   7.00505092
136.49640299  95.64128858   7.06087251
136.59640299  96.03922442   7.11681075
136.69640299  96.43790043   7.17285304
136.79640299  96.83722639   7.22898669
136.89640299  97.23711165   7.28519897
136.99640299  97.63746514   7.34147706
137.09640299  98.03819549   7.39780813
137.19640299  98.43921107   7.45417929
137.29640299  98.84042007   7.51057765
137.39640299  99.24173051   7.56699026
137.49640299  99.64305036   7.62340420
137.59640299 100.04428760   7.67980652
137.69640299 100.44535024   7.73618430
137.79640299 100.84614642   7.79252462
137.89640299 101.24658446   7.84881460
137.99640299 101.64657294   7.90504139
138.09640299 102.04602074   7.96119216
138.19640299 102.44483710   8.01725418
138.29640299 102.84293171   8.07321474
138.39640299 103.24021474   8.12906122
138.49640299 103.63659693   8.18478106
138.59640299 104.03198962   8.24036181
138.69640299 104.42630483   8.29579110
138.79640299 104.81945533   8.35105666
138.89640299 105.21135465   8.40614634
138.99640299 105.60191718   8.46104811
139.09640299 105.99105824   8.51575006
139.19640299 106.37869406   8.57024042
139.29640299 106.76474193   8.62450756
139.39640299 107.14912018   8.67854000
139.49640299 107.53174827   8.73232641
139.59640299 107.91254681   8.78585565
139.69640299 108.29143763   8.83911671
139.79640299 108.66834385   8.89209880
139.89640299 109.04318988   8.94479129
139.99640299 109.41590148   8.99718373
140.09640299 109.78640582   9.04926590
140.19640299 110.15463151   9.10102776
140.29640299 110.52050864   9.15245947
140.39640299 110.88396881   9.20355144
140.49640299 111.24494519   9.25429425
140.59640299 111.60337253   9.30467874
140.69640299 111.95918723   9.35469597
140.79640299 112.31232731   9.40433723
140.89640299 112.66273251   9.45359404
140.99640299 113.01034428   9.50245818
141.09640299 113.35510579   9.55092165
141.19640299 113.69696201   9.59897673
141.29640299 114.03585968   9.64661591
141.39640299 114.37174736   9.69383198
141.49640299 114.70457544   9.74061796
141.59640299 115.03429615   9.78696713
141.69640299 115.36086360   9.83287305
141.79640299 115.68423378   9.87832952
141.89640299 116.00436454   9.92333063
141.99640299 116.32121566   9.96787071
142.09640299 116.63474883  10.01194438
142.19640299 116.94492763  10.05554653
142.29640299 117.25171759  10.09867230
142.39640299 117.55508614  10.14131712
142.49640299 117.85500264  10.18347669
142.59640299 118.15143837  10.22514696
142.69640299 118.44436654  10.26632417
142.79640299 118.73376228  10.30700482
142.89640299 119.01960261  10.34718568
142.99640299 119.30186646  10.38686380
143.09640299 119.58053467  10.42603647
143.19640299 119.85558995  10.46470126
143.29640299 120.12701687  10.50285602
143.39640299 120.39480188  10.54049883
143.49640299 120.65893325  10.57762804
143.59640299 120.91940109  10.61424227
143.69640299 121.17619731  10.65034037
143.79640299 121.42931560  10.68592147
143.89640299 121.67875142  10.72098491
143.99640299 121.92450198  10.75553031
144.09640299 122.16656620  10.78955753
144.19640299 122.40494469  10.82306663
144.29640299 122.63963974  10.85605795
144.39640299 122.87065528  10.88853204
144.49640299 123.09799685  10.92048967
144.59640299 123.32167156  10.95193185
144.69640299 123.54168810  10.98285980
144.79640299 123.75805666  11.01327495
144.89640299 123.97078893  11.04317893
144.99640299 124.17989806  11.07257362
145.09640299 124.38539861  11.10146104
145.19640299 124.58730655  11.12984344
145.29640299 124.78563918  11.15772326
145.39640299 124.98041515  11.18510311
145.49640299 125.17165436  11.21198580
145.59640299 125.35937797  11.23837430
145.69640299 125.54360836  11.26427175
145.79640299 125.72436906  11.28968146
145.89640299 125.90168474  11.31460691
145.99640299 126.07558118  11.33905170
146.09640299 126.24608520  11.36301963
146.19640299 126.41322464  11.38651458
146.29640299 126.57702832  11.40954063
146.39640299 126.73752600  11.43210195
146.49640299 126.89474834  11.45420286
146.59640299 127.04872686  11.47584777
146.69640299 127.19949391  11.49704125
146.79640299 127.34708261  11.51778794
146.89640299 127.49152683  11.53809261
146.99640299 127.63286115  11.55796012
147.09640299 127.77112080  11.57739542
147.19640299 127.90634167  11.59640355
147.29640299 128.03856021  11.61498964
147.39640299 128.16781344  11.63315890
147.49640299 128.29413887  11.65091659
147.59640299 128.41757452  11.66826807
147.69640299 128.53815884  11.68521873
147.79640299 128.65593067  11.70177403
147.89640299 128.77092923  11.71793950
147.99640299 128.88319408  11.73372068
148.09640299 128.99276506  11.74912318
148.19640299 129.09968230  11.76415265
148.29640299 129.20398614  11.77881474
148.39640299 129.30571712  11.79311517
148.49640299 129.40491596  11.80705965
148.59640299 129.50162350  11.82065393
148.69640299 129.59588068  11.83390375
148.79640299 129.68772852  11.84681490
148.89640299 129.77720809  11.85939313
148.99640299 129.86436046  11.87164423
149.09640299 129.94922668  11.88357396
149.19640299 130.03184778  11.89518809
149.29640299 130.11226470  11.90649238
149.39640299 130.19051830  11.91749256
149.49640299 130.26664931  11.92819438
149.59640299 130.34069832  11.93860352
149.69640299 130.41270575  11.94872568
149.79640299 130.48271183  11.95856650
149.89640299 130.55075657  11.96813162
149.99640299 130.61687976  11.97742662
150.09640299 130.68112093  11.98645707
150.19640299 130.74351933  11.99522847
150.29640299 130.80411392  12.00374632
150.39640299 130.86294335  12.01201603
150.49640299 130.92004594  12.02004300
150.59640299 130.97545967  12.02783256
150.69640299 131.02922216  12.03539001
150.79640299 131.08137065  12.04272058
150.89640299 131.13194200  12.04982944
150.99640299 131.18097265  12.05672173
151.09640299 131.22849864  12.06340251
151.19640299 131.27455559  12.06987678
151.29640299 131.31917866  12.07614949
151.39640299 131.36240258  12.08222552
151.49640299 131.40426163  12.08810969
151.59640299 131.44478959  12.09380674
151.69640299 131.48401981  12.09932137
151.79640299 131.52198512  12.10465820
151.89640299 131.55871789  12.10982176
151.99640299 131.59424998  12.11481654
152.09640299 131.62861275  12.11964695
152.19640299 131.66183707  12.12431733
152.29640299 131.69395328  12.12883193
152.39640299 131.72499123  12.13319497
152.49640299 131.75498023  12.13741055
152.59640299 131.78394909  12.14148274
152.69640299 131.81192609  12.14541549
152.79640299 131.83893901  12.14921272
152.89640299 131.86501507  12.15287826
152.99640299 131.89018101  12.15641586
153.09640299 131.91446301  12.15982921
153.19640299 131.93788675  12.16312191
153.29640299 131.96047738  12.16629750
153.39640299 131.98225954  12.16935944
153.49640299 132.00325735  12.17231112
153.59640299 132.02349440  12.17515586
153.69640299 132.04299379  12.17789691
153.79640299 132.06177809  12.18053744
153.89640299 132.07986939  12.18308055
153.99640299 132.09728925  12.18552928
154.09640299 132.11405874  12.18788658
154.19640299 132.13019844  12.19015536
154.29640299 132.14572845  12.19233843
154.39640299 132.16066837  12.19443854
154.49640299 132.17503732  12.19645840
154.59640299 132.18885396  12.19840062
154.69640299 132.20213646  12.20026776
154.79640299 132.21490256  12.20206230
154.89640299 132.22716951  12.20378668
154.99640299 132.23895412  12.20544325
155.09640299 132.25027277  12.20703433
155.19640299 132.26114139  12.20856214
155.29640299 132.27157547  12.21002887
155.39640299 132.28159009  12.21143663
155.49640299 132.29119992  12.21278750
155.59640299 132.30041919  12.21408346
155.69640299 132.30926175  12.21532647
155.79640299 132.31774106  12.21651841
155.89640299 132.32587016  12.21766113
155.99640299 132.33366174  12.21875640
156.09640299 132.34112809  12.21980595
156.19640299 132.34828115  12.22081146
156.29640299 132.35513250  12.22177456
156.39640299 132.36169336  12.22269683
156.49640299 132.36797459  12.22357979
156.59640299 132.37398675  12.22442492
156.69640299 132.37974003  12.22523367
156.79640299 132.38524432  12.22600741
156.89640299 132.39050920  12.22674750
156.99640299 132.39554391  12.22745524
157.09640299 132.40035741  12.22813188
157.19640299 132.40495838  12.22877864
157.29640299 132.40935519  12.22939670
157.39640299 132.41355592  12.22998720
157.49640299 132.41756841  12.23055124
157.59640299 132.42140021  12.23108988
157.69640299 132.42505862  12.23160415
157.79640299 132.42855068  12.23209503
157.89640299 132.43188320  12.23256349
157.99640299 132.43506273  12.23301044
158.09640299 132.43809561  12.23343677
158.19640299 132.44098792  12.23384335
158.29640299 132.44374556  12.23423099
158.39640299 132.44637419  12.23460050
158.49640299 132.44887927  12.23495264
158.59640299 132.45126606  12.23528816
158.69640299 132.45353963  12.23560775
158.79640299 132.45570485  12.23591212
158.89640299 132.45776641  12.23620192
158.99640299 132.45972883  12.23647777
159.09640299 132.46159644  12.23674031
159.19640299 132.46337341  12.23699010
159.29640299 132.46506376  12.23722771
159.39640299 132.46667134  12.23745369
159.49640299 132.46819985  12.23766856
159.59640299 132.46965286  12.23787281
159.69640299 132.47103376  12.23806692
159.79640299 132.47234584  12.23825136
159.89640299 132.47359225  12.23842657
159.99640299 132.47477599  12.23859297
160.09640299 132.47589997  12.23875097
160.19640299 132.47696695  12.23890095
160.29640299 132.47797959  12.23904330
160.39640299 132.47894044  12.23917837
160.49640299 132.47985193  12.23930650
160.59640299 132.48071642  12.23942802
160.69640299 132.48153612  12.23954325
160.79640299 132.48231319  12.23965248
160.89640299 132.48304967  12.23975601
160.99640299 132.48374752  12.23985411
161.09640299 132.48440862  12.23994704
161.19640299 132.48503476  12.24003506
161.29640299 132.48562765  12.24011840
161.39640299 132.48618893  12.24019730
161.49640299 132.48672016  12.24027197
161.59640299 132.48722283  12.24034263
161.69640299 132.48769837  12.24040948
161.79640299 132.48814815  12.24047271
161.89640299 132.48857346  12.24053249
161.99640299 132.48897553  12.24058901
162.09640299 132.48935556  12.24064243
162.19640299 132.48971467  12.24069291
162.29640299 132.49005393  12.24074060
162.39640299 132.49037436  12.24078565
162.49640299 132.49067694  12.24082818
162.59640299 132.49096261  12.24086834
162.69640299 132.49123223  12.24090624
162.79640299 132.49148667  12.24094201
162.89640299 132.49172671  12.24097575
162.99640299 132.49195311  12.24100758
163.09640299 132.49216661  12.24103759
163.19640299 132.49236790  12.24106588
163.29640299 132.49255762  12.24109255
163.39640299 132.49273641  12.24111768
163.49640299 132.49290485  12.24114136
163.59640299 132.49306350  12.24116366
163.69640299 132.49321291  12.24118467
163.79640299 132.49335357  12.24120444
163.89640299 132.49348597  12.24122305
163.99640299 132.49361056  12.24124057
164.09640299 132.49372778  12.24125704
164.19640299 132.49383804  12.24127254
164.29640299 132.49394173  12.24128712
164.39640299 132.49403921  12.24130082
164.49640299 132.49413084  12.24131370
164.59640299 132.49421694  12.24132581
164.69640299 132.49429783  12.24133718
164.79640299 132.49437382  12.24134786
164.89640299 132.49444516  12.24135789
164.99640299 132.49451215  12.24136731
165.09640299 132.49457502  12.24137615
165.19640299 132.49463401  12.24138445
165.29640299 132.49468934  12.24139223
165.39640299 132.49474124  12.24139953
165.49640299 132.49478989  12.24140637
165.59640299 132.49483549  12.24141278
165.69640299 132.49487822  12.24141879
165.79640299 132.49491824  12.24142442
165.89640299 132.49495571  12.24142970
165.99640299 132.49499078  12.24143464
166.09640299 132.49502359  12.24143926
166.19640299 132.49505426  12.24144358
166.29640299 132.49508293  12.24144762
166.39640299 132.49510970  12.24145140
166.49640299 132.49513468  12.24145493
166.59640299 132.49515798  12.24145822
166.69640299 132.49517968  12.24146129
166.79640299 132.49519987  12.24146416
166.89640299 132.49521862  12.24146682
166.99640299 132.49523602  12.24146930
167.09640299 132.49525212  12.24147160
167.19640299 132.49526697  12.24147374
167.29640299 132.49528064  12.24147571
167.39640299 132.49529317  12.24147753
167.49640299 132.49530459  12.24147921
167.59640299 132.49531493  12.24148074
167.69640299 132.49532422  12.24148214
167.79640299 132.49533247  12.24148340
167.89640299 132.49533969  12.24148454
167.99640299 132.49534587  12.24148555
168.09640299 132.49535102  12.24148643
168.19640299 132.49535510  12.24148719
168.29640299 132.49535808  12.24148782
168.39640299 132.49535993  12.24148832
168.49640299 132.49536059  12.24148869
168.59640299 132.49535998  12.24148892
168.69640299 132.49535803  12.24148901
168.79640299 132.49535464  12.24148894
168.89640299 132.49534969  12.24148871
168.99640299 132.49534304  12.24148831
169.09640299 132.49533453  12.24148773
169.19640299 132.49532398  12.24148694
169.29640299 132.49531118  12.24148593
169.39640299 132.49529588  12.24148468
169.49640299 132.49527782  12.24148316
169.59640299 132.49525668  12.24148134
169.69640299 132.49523211  12.24147920
169.79640299 132.49520372  12.24147670
169.89640299 132.49517105  12.24147379
169.99640299 132.49513361  12.24147043
170.09640299 132.49509084  12.24146658
170.19640299 132.49504210  12.24146216
170.29640299 132.49498668  12.24145712
170.39640299 132.49492380  12.24145139
170.49640299 132.49485257  12.24144488
170.59640299 132.49477202  12.24143750
170.69640299 132.49468104  12.24142916
170.79640299 132.49457842  12.24141973
170.89640299 132.49446280  12.24140910
170.99640299 132.49433268  12.24139713
171.09640299 132.49418638  12.24138366
171.19640299 132.49402207  12.24136852
171.29640299 132.49383768  12.24135152
171.39640299 132.49363095  12.24133246
171.49640299 132.49339937  12.24131109
171.59640299 132.49314017  12.24128718
171.69640299 132.49285029  12.24126042
171.79640299 132.49252637  12.24123052
171.89640299 132.49216467  12.24119713
171.99640299 132.49176113  12.24115986
172.09640299 132.49131123  12.24111832
172.19640299 132.49081004  12.24107203
172.29640299 132.49025212  12.24102050
172.39640299 132.48963153  12.24096318
172.49640299 132.48894173  12.24089946
172.59640299 132.48817558  12.24082869
172.69640299 132.48732525  12.24075014
172.79640299 132.48638218  12.24066302
172.89640299 132.48533705  12.24056647
172.99640299 132.48417964  12.24045954
173.09640299 132.48289883  12.24034121
173.19640299 132.48148250  12.24021037
173.29640299 132.47991746  12.24006578
173.39640299 132.47818935  12.23990612
173.49640299 132.47628258  12.23972996
173.59640299 132.47418019  12.23953572
173.69640299 132.47186382  12.23932171
173.79640299 132.46931354  12.23908609
173.89640299 132.46650776  12.23882686
173.99640299 132.46342314  12.23854187
174.09640299 132.46003442  12.23822879
174.19640299 132.45631434  12.23788509
174.29640299 132.45223346  12.23750805
174.39640299 132.44776004  12.23709475
174.49640299 132.44285987  12.23664201
174.59640299 132.43749614  12.23614645
174.69640299 132.43162928  12.23560440
174.79640299 132.42521672  12.23501194
174.89640299 132.41821282  12.23436484
174.99640299 132.41056859  12.23365857
175.09640299 132.40223155  12.23288830
175.19640299 132.39314549  12.23204882
175.29640299 132.38325033  12.23113459
175.39640299 132.37248183  12.23013967
175.49640299 132.36077140  12.22905773
175.59640299 132.34804592  12.22788200
175.69640299 132.33422742  12.22660528
175.79640299 132.31923292  12.22521991
175.89640299 132.30297415  12.22371773
175.99640299 132.28535729  12.22209008
176.09640299 132.26628276  12.22032775
176.19640299 132.24564495  12.21842098
176.29640299 132.22333192  12.21635944
176.39640299 132.19922522  12.21413218
176.49640299 132.17319955  12.21172762
176.59640299 132.14512254  12.20913353
176.69640299 132.11485450  12.20633701
176.79640299 132.08224813  12.20332445
176.89640299 132.04714826  12.20008151
176.99640299 132.00939163  12.19659310
177.09640299 131.96880663  12.19284338
177.19640299 131.92521303  12.18881569
177.29640299 131.87842180  12.18449256
177.39640299 131.82823483  12.17985569
177.49640299 131.77444474  12.17488593
177.59640299 131.71683469  12.16956323
177.69640299 131.65517819  12.16386667
177.79640299 131.58923890  12.15777441
177.89640299 131.51877051  12.15126371
177.99640299 131.44351658  12.14431086
178.09640299 131.36321045  12.13689123
178.19640299 131.27757512  12.12897922
178.29640299 131.18632323  12.12054829
178.39640299 131.08915695  12.11157091
178.49640299 130.98576803  12.10201862
178.59640299 130.87583782  12.09186196
178.69640299 130.75903727  12.08107054
178.79640299 130.63502707  12.06961301
178.89640299 130.50345774  12.05745708
178.99640299 130.36396981  12.04456953
179.09640299 130.21619401  12.03091625
179.19640299 130.05975153  12.01646223
179.29640299 129.89425427  12.00117163
179.39640299 129.71930520  11.98500776
179.49640299 129.53449873  11.96793315
179.59640299 129.33942113  11.94990957
179.69640299 129.13365097  11.93089808
179.79640299 128.91675970  11.91085909
179.89640299 128.68831217  11.88975240
179.99640299 128.44786726  11.86753725
180.09640299 128.19497857  11.84417239
180.19640299 127.92919510  11.81961616
180.29640299 127.65006208  11.79382655
180.39640299 127.35712174  11.76676124
180.49640299 127.04991420  11.73837777
180.59640299 126.72797839  11.70863352
180.69640299 126.39085305  11.67748588
180.79640299 126.03807770  11.64489231
180.89640299 125.66919373  11.61081044
180.99640299 125.28374551  11.57519816
181.09640299 124.88128152  11.53801376
181.19640299 124.46135556  11.49921602
181.29640299 124.02352797  11.45876432
181.39640299 123.56736686  11.41661874
181.49640299 123.09244944  11.37274024
181.59640299 122.59836333  11.32709071
181.69640299 122.08470785  11.27963312
181.79640299 121.55109546  11.23033168
181.89640299 120.99715306  11.17915191
181.99640299 120.42252343  11.12606081
182.09640299 119.82686656  11.07102697
182.19640299 119.20986111  11.01402069
182.29640299 118.57120576  10.95501413
182.39640299 117.91062057  10.89398144
182.49640299 117.22784837  10.83089885
182.59640299 116.52265612  10.76574482
182.69640299 115.79483618  10.69850019
182.79640299 115.04420761  10.62914822
182.89640299 114.27061744  10.55767478
182.99640299 113.47394186  10.48406844
183.09640299 112.65408735  10.40832056
183.19640299 111.81099182  10.33042540
183.29640299 110.94462562  10.25038022
183.39640299 110.05499254  10.16818536
183.49640299 109.14213067  10.08384436
183.59640299 108.20611326   9.99736397
183.69640299 107.24704947   9.90875428
183.79640299 106.26508497   9.81802875
183.89640299 105.26040259   9.72520428
183.99640299 104.23322271   9.63030122
184.09640299 103.18380367   9.53334345
184.19640299 102.11244204   9.43435835
184.29640299 101.01947278   9.33337689
184.39640299  99.90526926   9.23043356
184.49640299  98.77024323   9.12556639
184.59640299  97.61484465   9.01881697
184.69640299  96.43956138   8.91023036
184.79640299  95.24491880   8.79985511
184.89640299  94.03147925   8.68774318
184.99640299  92.79984143   8.57394987
185.09640299  91.55063964   8.45853380
185.19640299  90.28454288   8.34155676
185.29640299  89.00225389   8.22308370
185.39640299  87.70450806   8.10318255
185.49640299  86.39207221   7.98192416
185.59640299  85.06574327   7.85938216
185.69640299  83.72634689   7.73563284
185.79640299  82.37473591   7.61075499
185.89640299  81.01178876   7.48482977
185.99640299  79.63840776   7.35794055
186.09640299  78.25551733   7.23017273
186.19640299  76.86406215   7.10161360
186.29640299  75.46500523   6.97235213
186.39640299  74.05932587   6.84247880
186.49640299  72.64801767   6.71208541
186.59640299  71.23208640   6.58126489
186.69640299  69.81254782   6.45011108
186.79640299  68.39042554   6.31871856
186.89640299  66.96674878   6.18718242
186.99640299  65.54255013   6.05559806
187.09640299  64.11886335   5.92406099
187.19640299  62.69672104   5.79266661
187.29640299  61.27715248   5.66151004
187.39640299  59.86118133   5.53068583
187.49640299  58.44982345   5.40028785
187.59640299  57.04408471   5.27040904
187.69640299  55.64495883   5.14114119
187.79640299  54.25342527   5.01257482
187.89640299  52.87044721   4.88479891
187.99640299  51.49696951   4.75790075
188.09640299  50.13391681   4.63196578
188.19640299  48.78219163   4.50707737
188.29640299  47.44267265   4.38331673
188.39640299  46.11621297   4.26076265
188.49640299  44.80363850   4.13949145
188.59640299  43.50574648   4.01957680
188.69640299  42.22330400   3.90108955
188.79640299  40.95704678   3.78409769
188.89640299  39.70767786   3.66866618
188.99640299  38.47586661   3.55485685
189.09640299  37.26224763   3.44272833
189.19640299  36.06741999   3.33233598
189.29640299  34.89194639   3.22373179
189.39640299  33.73635256   3.11696433
189.49640299  32.60112673   3.01207871
189.59640299  31.48671923   2.90911653
189.69640299  30.39354217   2.80811587
189.79640299  29.32196932   2.70911126
189.89640299  28.27233599   2.61213368
189.99640299  27.24493913   2.51721058
190.09640299  26.24003744   2.42436584
190.19640299  25.25785168   2.33361987
190.29640299  24.29856503   2.24498960
190.39640299  23.36232353   2.15848850
190.49640299  22.44923668   2.07412671
190.59640299  21.55937808   1.99191102
190.69640299  20.69278617   1.91184498
190.79640299  19.84946504   1.83392898
190.89640299  19.02938538   1.75816029
190.99640299  18.23248540   1.68453322
191.09640299  17.45867189   1.61303915
191.19640299  16.70782133   1.54366667
191.29640299  15.97978100   1.47640167
191.39640299  15.27437026   1.41122746
191.49640299  14.59138171   1.34812488
191.59640299  13.93058254   1.28707242
191.69640299  13.29171581   1.22804633
191.79640299  12.67450181   1.17102079
191.89640299  12.07863941   1.11596795
191.99640299  11.50380745   1.06285816
192.09640299  10.94966611   1.01166001
192.19640299  10.41585832   0.96234051
192.29640299   9.90201114   0.91486522
192.39640299   9.40773714   0.86919832
192.49640299   8.93263579   0.82530283
192.59640299   8.47629479   0.78314063
192.69640299   8.03829145   0.74267269
192.79640299   7.61819398   0.70385910
192.89640299   7.21556277   0.66665926
192.99640299   6.82995169   0.63103193
193.09640299   6.46090926   0.59693542
193.19640299   6.10797988   0.56432762
193.29640299   5.77070497   0.53316616
193.39640299   5.44862407   0.50340851
193.49640299   5.14127590   0.47501204
193.59640299   4.84819940   0.44793416
193.69640299   4.56893468   0.42213237
193.79640299   4.30302394   0.39756438
193.89640299   4.05001236   0.37418817
193.99640299   3.80944892   0.35196207
194.09640299   3.58088716   0.33084482
194.19640299   3.36388591   0.31079567
194.29640299   3.15800997   0.29177441
194.39640299   2.96283070   0.27374144
194.49640299   2.77792662   0.25665780
194.59640299   2.60288391   0.24048528
194.69640299   2.43729691   0.22518639
194.79640299   2.28076849   0.21072444
194.89640299   2.13291047   0.19706356
194.99640299   1.99334395   0.18416875
195.09640299   1.86169957   0.17200588
195.19640299   1.73761775   0.16054173
195.29640299   1.62074892   0.14974401
195.39640299   1.51075367   0.13958134
195.49640299   1.40730287   0.13002333
195.59640299   1.31007773   0.12104052
195.69640299   1.21876992   0.11260442
195.79640299   1.13308152   0.10468751
195.89640299   1.05272505   0.09726322
195.99640299   0.97742342   0.09030597
196.09640299   0.90690986   0.08379109
196.19640299   0.84092784   0.07769489
196.29640299   0.77923095   0.07199460
196.39640299   0.72158276   0.06666837
196.49640299   0.66775668   0.06169528
196.59640299   0.61753577   0.05705528
196.69640299   0.57071256   0.05272919
196.79640299   0.52708887   0.04869872
196.89640299   0.48647557   0.04494638
196.99640299   0.44869234   0.04145552
197.09640299   0.41356750   0.03821027
197.19640299   0.38093769   0.03519554
197.29640299   0.35064768   0.03239699
197.39640299   0.32255010   0.02980100
197.49640299   0.29650517   0.02739466
197.59640299   0.27238046   0.02516574
197.69640299   0.25005061   0.02310264
197.79640299   0.22939708   0.02119442
197.89640299   0.21030789   0.01943074
197.99640299   0.19267737   0.01780182
198.09640299   0.17640587   0.01629847
