# intensity: 1.03439766214063
# background: 0
#           Q (1/A)             dQ (1/A)                    R                   dR               theory              fresnel
     0.0483642315116 0.000750702739851845       0.951434579138     0.00501003519873    0.931732436319917   0.0191299353659116
     0.0497866914682 0.000750709007438337        0.94044560157     0.00496697431537    0.927997776046848   0.0174729801797314
     0.0512091499082 0.000750715456630211        0.92483593417     0.00490572657895    0.921608926307481   0.0151954516898342
     0.0526316067882    0.000750722087422        0.91507948482      0.0048673956524    0.914033373578647   0.0132225991747208
      0.054054062065 0.000750728899808085       0.891642996968     0.00477516962074    0.905149304743559   0.0115732989426787
     0.0554765156953 0.000750735893782693       0.876236096925     0.00471441470647    0.894481535860049     0.01018347567981
     0.0568989676356 0.000750743069339895       0.854327123245     0.00462784251127    0.881346991211124   0.0090038850169689
     0.0583214178427 0.000750750426473612       0.832076973197     0.00453970038522    0.864769742209987   0.0079962001070097
     0.0597438662732 0.000750757965177608       0.797485049287     0.00440218205643    0.843389774059753  0.00713025248953154
     0.0611663128838 0.000750765685445495       0.755120376229     0.00423288370811    0.815424042033745  0.00638205264505813
     0.0625887576312 0.000750773587270732       0.713350487453     0.00406490300013    0.778838322166793  0.00573234768096699
      0.064011200472 0.000750781670646622       0.660982624188     0.00385260415179    0.732033869138637  0.00516555561315381
     0.0654336413629 0.000750789935566318       0.611077559878     0.00364824562759    0.675341708933555  0.00466896789632513
     0.0668560802606 0.000750798382022817        0.56406531003     0.00345358980774    0.612918311871144   0.0042321457811127
     0.0682785171218 0.000750807010008963       0.524906916272     0.00328959354811    0.553133877056765  0.00384645855794937
      0.069700951903 0.000750815819517446       0.497644208161     0.00317426832942    0.505355702111251  0.00350472690953403
     0.0711233845611 0.000750824810540804        0.47861385523      0.0030931423649    0.474681593223926  0.00320094498195332
     0.0725458150526  0.00075083398307142       0.474897210464      0.0030772339742    0.459623124632812  0.00293006200775511
     0.0739682433342 0.000750843337101525       0.465759918032     0.00303803317951     0.45454341294948  0.00268780940186508
     0.0753906693627 0.000750852872623196       0.468748114267     0.00305086561273    0.453473584556366   0.0024705628823321
     0.0768130930946 0.000750862589628355       0.459408054463     0.00301070035281    0.452168489910143  0.00227523178619757
     0.0782355144866 0.000750872488108774       0.451730687084     0.00297757578127    0.448282679922781   0.0020991696604381
     0.0796579334955  0.00075088256805607        0.44262088991     0.00293813751632     0.44079903343407  0.00194010161460352
     0.0810803500778 0.000750892829461706       0.427630839031     0.00287291585697    0.429456363753261  0.00179606496658402
     0.0825027641903 0.000750903272316994       0.407801406942     0.00278596845389    0.414381047967761  0.00166536049635881
     0.0839251757896 0.000750913896613089        0.38491694649     0.00268458712938    0.395894673790652  0.00154651221501467
     0.0853475848324 0.000750924702340998        0.36495233615     0.00259513435406    0.374428781896226   0.0014382340067414
     0.0867699912754  0.00075093568949157       0.339069270754     0.00247758842129    0.350494151752745  0.00133940184761809
     0.0881923950752 0.000750946858055505       0.315984395044     0.00237105595035    0.324672490497454  0.00124903057183493
     0.0896147961885 0.000750958208023346        0.29176402206     0.00225731092922    0.297611901867323  0.00116625436350939
      0.091037194572 0.000750969739385486       0.260541415925     0.00210718175422     0.27001543275036  0.00109031031453127
     0.0924595901823 0.000750981452132163       0.233198425444     0.00197181075627    0.242617187197275  0.00102052451636517
     0.0938819829761 0.000750993346253465       0.203718442648     0.00182081600318    0.216144887331671  0.00095630025460545
     0.0953043729102 0.000751005421739325       0.179902428357     0.00169407309675    0.191272029607857 0.000897107955274974
     0.0967267599411 0.000751017678579521       0.159465870211      0.0015810856865    0.168566560474565  0.00084247659585631
     0.0981491440255 0.000751030116763682       0.139745756765     0.00146746640219    0.148445283441338 0.000791986345367711
     0.0995715251202 0.000751042736281284       0.126108664385     0.00138566532441    0.131143057083847 0.000745262239332281
      0.100993903182 0.000751055537121649       0.112524602447     0.00130099949817    0.116703021150102 0.000701968728927216
      0.102416278167 0.000751068519273941       0.102319996657     0.00123490813755    0.104989415046682 0.000661804970909565
      0.103838650032 0.000751081682727178      0.0923451938816     0.00116785769893   0.0957196192471278 0.000624500747073179
      0.105261018734 0.000751095027470228       0.086452774134     0.00112693280748   0.0885084769923186 0.000589812920421981
       0.10668338423 0.000751108553491803      0.0807360861031      0.0010861680282   0.0829166619476674 0.000557522350041387
      0.108105746476 0.000751122260780457      0.0782499283608     0.00106807991715   0.0784957805134451 0.000527431199123524
      0.109528105429 0.000751136149324599       0.074804005069     0.00104262552508   0.0748252246269124 0.000499360580738458
      0.110950461045 0.000751150219112476      0.0717636165127     0.00101976905544   0.0715384886793824 0.000473148494687969
      0.112372813282 0.000751164470132202      0.0692369052886     0.00100047071944   0.0683389278877527 0.000448648015529579
      0.113795162096  0.00075117890237172      0.0658044998135    0.000973787182507     0.06500638415514 0.000425725698201729
      0.115217507443  0.00075119351581882      0.0610469014476    0.000935831757317   0.0613967349785482  0.00040426017217925
      0.116639849281 0.000751208310461158      0.0568029804151    0.000900911670889   0.0574364434861809 0.000384140899633288
      0.118062187565  0.00075122328628621       0.051153205622    0.000852651373305   0.0531138720980944 0.000365267076554445
      0.119484522253 0.000751238443281329      0.0459089655654    0.000805749994439   0.0484686952205343 0.000347546658427088
      0.120906853302 0.000751253781433706      0.0424490783547    0.000773512018533   0.0435803549911619 0.000330895495122555
      0.122329180667  0.00075126930073036      0.0366782244134    0.000717022413013   0.0385562179689191 0.000315236561330641
      0.123751504306 0.000751285001158187       0.032705241141    0.000675774607553   0.0335199227293687 0.000300499270849505
      0.125173824175 0.000751300882703912      0.0279482240383    0.000623256835424    0.028600335748253 0.000286618864802003
      0.126596140232 0.000751316945354128      0.0231236178092    0.000565581758074   0.0239215156263767 0.000273535864789017
      0.128018452432 0.000751333189095245      0.0191641523513    0.000513885901012   0.0195940809841785 0.000261195583530784
      0.129440760732 0.000751349613913542         0.0141359001    0.000440271397973   0.0157083485821671 0.000249547686156624
      0.130863065089 0.000751366219795145      0.0120352606732    5.97466838036e-05   0.0123295336984476 0.000238545796492433
       0.13228536546 0.000751383006726032     0.00934358447845    4.93090836114e-05  0.00949517930146692 0.000228147143175127
      0.133707661802 0.000751399974692025       0.007159964344    4.06431350028e-05  0.00721481661295708 0.000218312241158771
       0.13512995407 0.000751417123678775      0.0055887953509    3.42157019178e-05  0.00547168167258018 0.000209004604715084
      0.136552242222 0.000751434453671812     0.00434438216249    2.89307750414e-05  0.00422615010518492 0.000200190488431162
      0.137974526215 0.000751451964656508     0.00361685846449    2.57148597532e-05  0.00342043194619923 0.000191838653284695
      0.139396806004 0.000751469656618054      0.0032326339746    2.39622827213e-05   0.0029840067720016 0.000183920155041714
      0.140819081547 0.000751487529541531     0.00306589923611    2.31866348511e-05  0.00283928071473907 0.000176408152609984
      0.142241352801 0.000751505583411852     0.00318062969614    2.37193714533e-05  0.00290700314112131 0.000169277734346473
      0.143663619722 0.000751523818213769     0.00337496823168    2.47063536734e-05  0.00311107556464763 0.000162505760393908
      0.145085882266 0.000751542233931882      0.0036949756928    2.61589950027e-05  0.00338249917761547  0.00015607071942789
      0.146508140391 0.000751560830550665     0.00397145575941    2.73928607322e-05  0.00366232196568575 0.000149952598359612
      0.147930394053 0.000751579608054414     0.00421400608699    2.84612866375e-05  0.00390354802807636 0.000144132763728174
      0.149352643209  0.00075159856642729     0.00432489280365    2.89462301701e-05  0.00407205258285885  0.00013859385357088
      0.150774887815 0.000751617705653286     0.00441551630015    2.93399338413e-05  0.00414660371624344 0.000133319678795792
      0.152197127829 0.000751637025716273     0.00440570235966    2.92971621979e-05  0.00411812785402432 0.000128295133096716
      0.153619363206 0.000751656526599929     0.00423975754483    2.85742069983e-05  0.00398837409478164 0.000123506110638225
      0.155041593904 0.000751676208287825     0.00402447267002    2.76282468751e-05  0.00376813760996118 0.000118939430706883
      0.156463819879  0.00075169607076335     0.00376295683488    2.64655617869e-05  0.00347519852929161 0.000114582768747606
      0.157886041087 0.000751716114009744     0.00337408957571    2.47042895404e-05  0.00313212330933615  0.00011042459313156
      0.159308257487 0.000751736338010139     0.00308011744466    2.33425864036e-05  0.00276406255710732 0.000106454107147938
      0.160730469033 0.000751756742747443     0.00261365787108    2.11158744366e-05  0.00239666365357379 0.000102661195774473
      0.162152675683 0.000751777328204473      0.0022931908026    1.95260552448e-05   0.0020541986067544 9.90363767181064e-05
      0.163574877394  0.00075179809436388     0.00195542091802     1.7781265055e-05  0.00175798747369574 9.55707554264198e-05
      0.164997074122 0.000751819041208152     0.00171939970045    1.65088742694e-05  0.00152517553976745  9.2255983666515e-05
      0.166419265824 0.000751840168719637     0.00153650353356    1.54844721767e-05  0.00136789878497892 8.90842213666051e-05
      0.167841452457 0.000751861476880536     0.00142038542022    1.48131868323e-05  0.00129284790370334 8.60481014471903e-05
      0.169263633977 0.000751882965672885     0.00142606290655    1.48464289689e-05  0.00130121757018609 8.31406973762132e-05
       0.17068581034 0.000751904635078568      0.0014925706036    1.52325652606e-05  0.00138900623799653 8.03554932111714e-05
      0.172107981505 0.000751926485079365     0.00161643442974    1.59373580224e-05  0.00154761394874231 7.76863559177948e-05
      0.173530147426 0.000751948515656829     0.00180153400168    1.69585580227e-05  0.00176467254280776 7.51275097975659e-05
      0.174952308062 0.000751970726792442     0.00205381716225    1.82992953111e-05  0.00202503500280796 7.26735127950815e-05
      0.176374463368  0.00075199311846747      0.0023343525766    1.97344470814e-05  0.00231184853172248 7.03192345961693e-05
      0.177796613302 0.000752015690663082     0.00260542551408    2.10763821058e-05  0.00260763899733784 6.80598363090864e-05
      0.179218757819 0.000752038443360243     0.00289958689434    2.24920938466e-05  0.00289534169144846 6.58907516486146e-05
      0.180640896878 0.000752061376539838     0.00321740446812    2.39825517742e-05  0.00315922387963018 6.38076694605475e-05
      0.182063030433 0.000752084490182517     0.00343099961467    2.49651513109e-05  0.00338565709739083 6.18065175232508e-05
      0.183485158443 0.000752107784268866     0.00358430526397    2.56621682408e-05  0.00356371046024243 5.98834474741791e-05
      0.184907280863 0.000752131258779252      0.0037512639166      2.641398538e-05  0.00368554935487465  5.8034820826338e-05
      0.186329397651 0.000752154913693944     0.00387658766861    2.69733282329e-05  0.00374663605860222 5.62571959419757e-05
      0.187751508763 0.000752178748993029     0.00385267463694    2.68668280435e-05  0.00374573953476128 5.45473159262984e-05
      0.189173614156  0.00075220276465646     0.00376766103801    2.64872359174e-05  0.00368477062241864 5.29020973451207e-05
      0.190595713786 0.000752226960664025     0.00367332014005    2.60639193999e-05  0.00356846594052611  5.1318619719667e-05
       0.19201780761 0.000752251336995379     0.00348570625226    2.52151940827e-05  0.00340394907533053 4.97941157292689e-05
      0.193439895585 0.000752275893630027     0.00333914599882    2.45448440255e-05  0.00320020107707726 4.83259620767578e-05
      0.194861977668 0.000752300630547327     0.00308701153477    2.33760521939e-05    0.002967474052136 4.69116709627539e-05
      0.196284053814 0.000752325547726453     0.00285420755945    2.22766508554e-05   0.0027166818006181 4.55488821269326e-05
      0.197706123982 0.000752350645146498     0.00256368247262    2.08728404235e-05  0.00245880011745267 4.42353554052605e-05
      0.199128188127 0.000752375922786338     0.00231195354194    1.96222677466e-05  0.00220430667340277 4.29689637862391e-05
      0.200550246206 0.000752401380624735     0.00203928550175    1.82246477035e-05  0.00196268644484734 4.17476869043089e-05
      0.201972298176 0.000752427018640302      0.0018164982344    1.70414620999e-05  0.00174202369010712 4.05696049591029e-05
      0.203394343994 0.000752452836811504     0.00159668488852    1.58290040676e-05  0.00154869568910455 3.94328930212192e-05
      0.204816383616 0.000752478835116639     0.00142823927619    1.48627561179e-05  0.00138717719495976 3.83358156997919e-05
      0.206238416999 0.000752505013533874     0.00128250360926     1.3995115781e-05  0.00125995812221991 3.72767221434193e-05
      0.207660444099  0.00075253137204121      0.0011998195825    1.34864695972e-05  0.00116757078495876 3.62540413565831e-05
      0.209082464874 0.000752557910616538      0.0011205150117    1.29866515456e-05  0.00110871734647308 3.52662778030986e-05
       0.21050447928 0.000752584629237562     0.00109082085699    1.27957157118e-05  0.00108048336973382 3.43120072854089e-05
      0.211926487274 0.000752611527881857     0.00108626985584    1.27656916617e-05  0.00107861969979776 3.33898730712024e-05
      0.213348488811 0.000752638606526812     0.00109142915849     6.3819630991e-06  0.00109787252664661 3.24985822594098e-05
       0.21477048385 0.000752665865149744     0.00112026718402    6.87719049242e-06  0.00113234041816066 3.16369023598946e-05
      0.216192472347 0.000752693303727766     0.00116189757771    7.05034664085e-06  0.00117583733873744 3.08036580861529e-05
      0.217614454258 0.000752720922237841     0.00121623472667     7.2749655485e-06  0.00122224205146615 2.99977283328511e-05
       0.21903642954 0.000752748720656806     0.00125786512065    7.44612931396e-06  0.00126581664706378 2.92180433334143e-05
       0.22045839815 0.000752776698961349     0.00129284474508     7.5893713891e-06  0.00130148001775676 2.84635819857008e-05
      0.221880360044  0.00075280485712799     0.00133221135443    7.74968165455e-06   0.0013250256478666 2.77333693336684e-05
      0.223302315179 0.000752833195133124      0.0013433797814    7.79494488572e-06  0.00133327687724426 2.70264741935047e-05
      0.224724263513 0.000752861712953016     0.00132416013838    7.71661449338e-06  0.00132417658233978 2.63420069175319e-05
         0.226146205 0.000752890410563704      0.0013026424649     7.6287601863e-06  0.00129681181828338 2.56791172883688e-05
      0.227568139599 0.000752919287941181     0.00128050297122    7.53817077327e-06  0.00125137721433108  2.5036992526282e-05
      0.228990067266 0.000752948345061231     0.00119781443798    7.19851343166e-06  0.00118908369607664 2.44148554169297e-05
      0.230411987957 0.000752977581899491       0.001134456394    6.93603181628e-06  0.00111202133479045  2.3811962539157e-05
       0.23183390163 0.000753006998431492     0.00106001373391    6.62480067862e-06  0.00102298674782212 2.32276025921936e-05
      0.233255808241 0.000753036594632577     0.00094615309734    6.14183828876e-06 0.000925286471129339 2.26610948180161e-05
      0.234677707746 0.000753066370477943    0.000848486814714    5.71950179159e-06 0.000822528097042928 2.21117875081207e-05
      0.236099600102  0.00075309632594266    0.000743412765034     5.2542046191e-06 0.000718410747573211 2.15790565924959e-05
      0.237521485267 0.000753126461001672     0.00063814946533    4.77397584665e-06 0.000616525680417986 2.10623043057468e-05
      0.238943363196 0.000753156775629716    0.000536995583825    4.29479165684e-06 0.000520176570684363  2.0560957926731e-05
      0.240365233847 0.000753187269801442     0.00045000838202    3.86380973128e-06  0.00043222736012054 2.00744685823731e-05
      0.241787097175 0.000753217943491293    0.000363751142256    3.41238843721e-06 0.000354983623436238 1.96023101195527e-05
      0.243208953139 0.000753248796673652    0.000298697963644    3.04975269737e-06 0.000290111270614904 1.91439780325041e-05
      0.244630801693 0.000753279829322644    0.000242972083755    2.71741058142e-06 0.000238594215303947 1.86989884520362e-05
      0.246052642796  0.00075331104141236    0.000198736354524    2.43356797683e-06 0.000200730496802606 1.82668771817469e-05
      0.247474476404 0.000753342432916679    0.000174182577659    2.26554737987e-06  0.00017616437124729 1.78471987900958e-05
      0.248896302473 0.000753374003809332    0.000159767168989    2.16240641046e-06 0.000163950169679132 1.74395257461663e-05
      0.250318120961 0.000753405754063953    0.000153719294349    2.11814303233e-06 0.000162642345387755  1.7043447600346e-05
      0.251739931823 0.000753437683653959    0.000153051513857    2.11314362341e-06 0.000170405146300995  1.6658570208929e-05
      0.253161735017 0.000753469792552689     0.00017290379107    2.25593599085e-06 0.000185134781191543 1.62845149952145e-05
      0.254583530499 0.000753502080733295    0.000195486668809    2.41079482605e-06 0.000204586801532664 1.59209182509924e-05
      0.256005318226 0.000753534548168803    0.000217420690923    2.55480813452e-06 0.000226501670743604 1.55674304711047e-05
      0.257427098154 0.000753567194832071    0.000239514222915    2.69494330267e-06  0.00024872209526785 1.52237157226191e-05
      0.258848870241 0.000753600020695859    0.000256498017476     2.7995896412e-06 0.000269296587650954 1.48894510441999e-05
      0.260270634443 0.000753633025732736    0.000275266165154    2.91238863737e-06 0.000286564848677552 1.45643258768875e-05
      0.261692390717 0.000753666209915148    0.000288951611052    2.99306016794e-06 0.000299221818253677 1.42480415212729e-05
      0.263114139019 0.000753699573215374    0.000300311991392    3.05910247919e-06 0.000306358574426683 1.39403106224023e-05
      0.264535879306  0.00075373311560557     0.00029936304069    3.05328890917e-06 0.000307479584700219 1.36408566788932e-05
      0.265957611535 0.000753766837057748    0.000293953207578    3.02171931466e-06 0.000302497066034946 1.33494135764845e-05
      0.267379335663 0.000753800737543776    0.000283379565175    2.95978246281e-06 0.000291704333436184 1.30657251438363e-05
      0.268801051645  0.00075383481703533    0.000266019974526    2.85657438288e-06 0.000275730965516097 1.27895447300072e-05
       0.27022275944 0.000753869075504036    0.000248254848844    2.74849659603e-06 0.000255483355105871 1.25206348005287e-05
      0.271644459003  0.00075390351292128    0.000224947415631    2.60290380177e-06 0.000232074722928926 1.22587665552981e-05
      0.273066150291 0.000753938129258353     0.00020209958847    2.45471087239e-06  0.00020674894182476 1.20037195618557e-05
      0.274487833261 0.000753972924486401    0.000178008121461    2.29141621608e-06 0.000180802552456232 1.17552814073557e-05
       0.27590950787 0.000754007898576427    0.000143670143419    2.04279722855e-06 0.000155509160069729 1.15132473664045e-05
      0.277331174074 0.000754043051499263    0.000127283836467    1.91574856879e-06  0.00013205001027394 1.12774200844788e-05
       0.27875283183 0.000754078383225625    0.000108161521685    1.75856981799e-06 0.000111453980634185 1.10476092754696e-05
      0.280174481095 0.000754113893726083    8.81740661775e-05    1.58097097434e-06  9.4549532799375e-05 1.08236314336162e-05
      0.281596121825  0.00075414958297104    7.62973054806e-05    1.46706998255e-06 8.19303889533132e-05 1.06053095585913e-05
      0.283017753977  0.00075418545093078    6.67456106645e-05     1.3696414155e-06 7.39358722680266e-05 1.03924728926257e-05
      0.284439377508 0.000754221497575444    6.38987569008e-05    1.33949814994e-06 7.06460286165678e-05 1.01849566699863e-05
      0.285860992375 0.000754257722875028      6.494233316e-05    1.35041260282e-06 7.18908684632048e-05 9.98260187757196e-06
      0.287282598533 0.000754294126799337    6.87165098896e-05    1.38989424516e-06 7.72723720682696e-05  9.7852550265092e-06
      0.288704195941 0.000754330709318132    8.12232012133e-05    1.51480237203e-06 8.61973192616267e-05 9.59276793282059e-06
      0.290125784554  0.00075436747040093     9.3648785489e-05    1.63073136377e-06 9.79185605610319e-05 9.40499750972819e-06
       0.29154736433 0.000754404410017183    0.000107047653035    1.74849730023e-06 0.000111582054583737 9.22180556710207e-06
      0.292968935224  0.00075444152813612     0.00012256341174    1.87777693509e-06 0.000126276862404966 9.04305862141798e-06
      0.294390497194  0.00075447882472691    0.000138079170631    2.00034514564e-06 0.000141085310607911 8.86862771248508e-06
      0.295812050196 0.000754516299758522    0.000155433353857    2.13087534622e-06 0.000155130698634351 8.69838822951515e-06
      0.297233594188 0.000754553953199839    0.000165460876335    2.20373760946e-06 0.000167620216126755 8.53221974361446e-06
      0.298655129125 0.000754591785019521      0.0001738932957    2.26370736647e-06 0.000177881127254917 8.37000584854922e-06
      0.300076654965 0.000754629795186164    0.000180411590758    2.30904939904e-06 0.000185388746015041 8.21163400706367e-06
      0.301498171663 0.000754667983668145    0.000187686883978    2.35891836857e-06 0.000189785238775456 8.05699540510576e-06
      0.302919679178 0.000754706350433803    0.000191366435835    2.38384582136e-06 0.000190888820215955  7.9059848108097e-06
      0.304341177465  0.00075474489545123    0.000186583829473    2.35135572333e-06 0.000188693426935196 7.75850044104306e-06
      0.305762666482 0.000754783618688456    0.000183396326396    2.32951604924e-06 0.000183359435147718 7.61444383197921e-06
      0.307184146184 0.000754822520113288    0.000174704365355    2.26914446822e-06 0.000175196412341176  7.4737197164266e-06
      0.308605616529 0.000754861599693474    0.000158712778939    2.15500343615e-06 0.000164639240478998 7.33623590505947e-06
      0.310027077473 0.000754900857396565    0.000150858922844    2.09720964845e-06  0.00015221920759756 7.20190317365299e-06
      0.311448528973 0.000754940293189998    0.000137354615976    1.99500095403e-06 0.000138531827516575  7.0706351541965e-06
      0.312869970987 0.000754979907041098    0.000124039558562    1.89009388801e-06 0.000124203212013458 6.94234823076879e-06
      0.314291403469 0.000755019698916936    0.000106128440779    1.74155770274e-06 0.000109856788261024 6.81696144010711e-06
      0.315712826378 0.000755059668784583    9.86801193309e-05    1.67677492977e-06 9.60820336232569e-05 6.69439637498684e-06
      0.317134239669 0.000755099816610855     7.9741647061e-05    1.50147501967e-06 8.34067021270179e-05 6.57457709308487e-06
        0.3185556433 0.000755140142362515    7.17526128118e-05    1.42219155011e-06 7.22737544965395e-05 6.45743002814353e-06
      0.319977037227 0.000755180646006125    6.45476124818e-05    1.34726278867e-06 6.30238957928707e-05 6.34288390571115e-06
      0.321398421408 0.000755221327508166    5.70398124351e-05    1.26512954057e-06 5.58842873530416e-05 6.23086966150802e-06
      0.322819795797 0.000755262186834865    5.26681478269e-05    1.21517049355e-06 5.09636534801588e-05   6.121320363832e-06
      0.324241160354 0.000755303223952477    4.79179842606e-05    1.15867322932e-06 4.82536650363576e-05 6.01417113780159e-06
      0.325662515033 0.000755344438826949    4.93589844943e-05    1.17649940376e-06 4.76361697391557e-05 5.90935909425852e-06
      0.327083859792   0.0007553858314242    5.10703413521e-05    1.19729782668e-06 4.88955659627012e-05 5.80682325981023e-06
      0.328505194587 0.000755427401709951    5.67153852124e-05    1.26232773408e-06 5.17353960775956e-05 5.70650451079033e-06
      0.329926519376 0.000755469149649845     5.9035044068e-05    1.28799423635e-06  5.5798074207495e-05 5.60834550906415e-06
      0.331347834114 0.000755511075209293     6.4409731131e-05    1.34622797148e-06 6.06865670630765e-05 5.51229064095066e-06
      0.332769138759 0.000755553178353658    6.92977763547e-05     1.3973002964e-06 6.59868161696929e-05  5.4182859577485e-06
      0.334190433268 0.000755595459048134    7.65379229051e-05    1.47023951145e-06 7.12897227850358e-05 5.32627911922131e-06
      0.335611717596 0.000755637917257713    8.02228820092e-05    1.50622275565e-06 7.62116079427297e-05 5.23621933903473e-06
      0.337032991701 0.000755680552947341    8.98286482313e-05    1.59692132194e-06 8.04122008998835e-05 5.14805733189684e-06
      0.338454255539 0.000755723366081763    8.81335130263e-05    1.58111398413e-06 8.36093896829929e-05 5.06174526332991e-06
      0.339875509068 0.000755766356625645    9.03315112482e-05    1.60134984805e-06 8.55901761158339e-05 4.97723670078259e-06
      0.341296752243 0.000755809524543426    8.92311602079e-05    1.59109255935e-06 8.62175019853816e-05 4.89448656712016e-06
      0.342717985022 0.000755852869799495    8.83146517396e-05    1.58255719943e-06 8.54328410264666e-05 4.81345109520943e-06
      0.344139207361 0.000755896392358042    8.72088937071e-05    1.57221459285e-06 8.32546711484336e-05 4.73408778483434e-06
      0.345560419217 0.000755940092183149    8.42917471577e-05    1.54470666296e-06 7.97731425099322e-05  4.6563553607532e-06
      0.346981620546 0.000755983969238729    7.66433619771e-05    1.47057461086e-06 7.51414305178177e-05 4.58021373258794e-06
      0.348402811306  0.00075602802348862    7.01304740431e-05    1.40480501657e-06 6.95644016035081e-05 4.50562395591906e-06
      0.349823991453 0.000756072254896457    6.15439520178e-05    1.31331047928e-06 6.32853188513933e-05 4.43254819517769e-06
      0.351245160944 0.000756116663425771    5.93378431242e-05    1.28857300951e-06 5.65713713634832e-05 4.36094968752631e-06
      0.352666319735 0.000756161249039923    5.10216774284e-05     1.1925666955e-06  4.9698825521464e-05  4.2907927083105e-06
      0.354087467783 0.000756206011702166    4.56253617653e-05    1.12625809817e-06 4.29398653035671e-05   4.222034459856e-06
      0.355508605045 0.000756250951375619    3.63710588783e-05    3.42187539157e-07 3.66206023619943e-05 4.15479614497697e-06
      0.358350847038 0.000756341361607899    2.58532902786e-05    2.96020126601e-07 2.58695484138134e-05 4.02415542560567e-06
      0.361193045367 0.000756432479438858     1.8074232879e-05    2.44188105224e-07 1.86047810913976e-05 3.89848845891785e-06
      0.364035199685 0.000756524304568397    1.54740042181e-05    2.25000193295e-07 1.53298632817192e-05 3.77769438988418e-06
      0.366877309647 0.000756616836694292    1.55533087239e-05     2.2557510284e-07 1.57258485720867e-05 3.66154802674027e-06
      0.369719374906  0.00075671007551207    1.86936494461e-05    2.48513715669e-07 1.88379092955434e-05 3.54983623562298e-06
      0.372561395116 0.000756804020715113    2.23963317644e-05    2.73759034849e-07 2.33310909832182e-05 3.44235720764199e-06
      0.375403369931 0.000756898671994623    2.62702398802e-05    2.98555228573e-07 2.77908212771637e-05   3.338919775878e-06
      0.378245299003 0.000756994029039567    2.98107083418e-05     3.2009421522e-07 3.10048863697714e-05  3.2393427784407e-06
      0.381087181988 0.000757090091536874    3.02811286573e-05    3.22894737888e-07  3.2174266223963e-05 3.14345446385401e-06
      0.383929018538  0.00075718685917118    2.85496455627e-05    3.12550830302e-07 3.10198977898054e-05 3.05109193639245e-06
      0.386770808308 0.000757284331625062    2.48340465848e-05    2.89461797896e-07 2.77762880021705e-05 2.96210063747356e-06
      0.389612550951 0.000757382508578872    2.00370214344e-05    2.57705158869e-07 2.30858444142757e-05 2.87633386136238e-06
      0.392454246121 0.000757481389710848    1.47353306264e-05     2.1894775463e-07 1.78255016180395e-05 2.79365230207616e-06
      0.395295893471 0.000757580974697049    1.05511131117e-05     1.8407527221e-07 1.29068601179479e-05 2.71392362965512e-06
      0.398137492656 0.000757681263211459    7.37322233097e-06    1.53340257257e-07 9.09165154288015e-06 2.63702209341308e-06
      0.400979043329 0.000757782254925858    5.56453728457e-06      1.333358335e-07 6.85677620363251e-06 2.56282815059743e-06
      0.403820545144 0.000757883949509927    5.38399916947e-06    1.31241102565e-07 6.32978044691554e-06 2.49122811829547e-06
      0.406661997754 0.000757986346631184    6.42306928692e-06    1.43270020171e-07 7.29967494520303e-06 2.42211384728447e-06
      0.409503400814 0.000758089445955095    8.59463276767e-06     1.6584756811e-07 9.29281739867055e-06 2.35538241605594e-06
      0.412344753977 0.000758193247144936    1.09163943576e-05    1.87369441351e-07 1.16920532252959e-05 2.29093584391581e-06
      0.415186056898 0.000758297749861942    1.32711995005e-05    2.07216789474e-07 1.38712661479927e-05 2.22868082150722e-06
      0.418027309229 0.000758402953765126    1.37905844101e-05    2.11368888581e-07 1.53175107247092e-05 2.16852845796151e-06
      0.420868510625 0.000758508858511508    1.46253851788e-05    2.17928950742e-07 1.57183147045695e-05 2.11039404311979e-06
      0.423709660739 0.000758615463755933     1.3823027141e-05    2.11570431947e-07 1.50009114904715e-05 2.05419682428721e-06
      0.426550759225 0.000758722769151189    1.16358430226e-05    1.93460438276e-07 1.33209063850561e-05 1.99985979615785e-06
      0.429391805738 0.000758830774348009    9.53727589649e-06    1.74690595337e-07 1.10079457510976e-05 1.94730950326884e-06
      0.432232799931 0.000758939478994966    7.54384738404e-06    1.55122138949e-07 8.48347419641822e-06  1.8964758541517e-06
      0.435073741457 0.000759048882738548    5.85682287368e-06    1.36689721569e-07 6.16945523087604e-06  1.8472919462758e-06
      0.437914629971 0.000759158985223246    4.26892905464e-06    1.17009979717e-07 4.40666496310716e-06  1.7996939011823e-06
      0.440755465126 0.000759269786091401    3.37194624833e-06    1.04397220737e-07 3.39733327758584e-06 1.75362070924783e-06
      0.443596246576 0.000759381284983325    3.35902895131e-06    1.04352610186e-07 3.18062595091682e-06 1.70901408324866e-06
      0.446436973976 0.000759493481537307     4.0430307431e-06    1.14208266352e-07 3.64220995962881e-06 1.66581832033266e-06
      0.449277646979 0.000759606375389501    4.96734954904e-06    1.26348211143e-07 4.55242813340739e-06 1.62398017186132e-06
      0.452118265238 0.000759719966174008    6.12597744792e-06    1.40176563555e-07 5.62266922478848e-06 1.58344872051247e-06
      0.454958828409    0.000759834253523    7.16144307884e-06    1.51583538068e-07 6.56711960800109e-06 1.54417526425308e-06
      0.457799336144 0.000759949237066446    7.40614585273e-06    1.53745276386e-07 7.15741393914006e-06 1.50611320690778e-06
      0.460639788097 0.000760064916432359    7.72294354605e-06     1.5670322612e-07 7.27287831374543e-06 1.46919029411825e-06
      0.462059993048 0.000760123016931973    7.33004039126e-06    7.63907377837e-08 7.14180532555676e-06 1.45114364791107e-06
      0.463480183923 0.000760181291246758    6.95362897559e-06    1.48638568126e-07 6.87498824150096e-06  1.4333898833834e-06
       0.46490036068 0.000760239739329693    6.56572744873e-06    7.24209400268e-08 6.49188258981258e-06 1.41594279221448e-06
      0.467740671666 0.000760357156611068    5.50875376289e-06    6.67289432253e-08 5.48569523093744e-06 1.38180888495576e-06
      0.470580925659 0.000760475268396975    4.36940416324e-06    5.93689957689e-08 4.31401563751477e-06  1.3486729497166e-06
      0.473421122313  0.00076059407430632    3.33963138881e-06    5.11571159108e-08 3.16423326303473e-06 1.31652542564937e-06
      0.476261261282 0.000760713573955994     2.3003958019e-06    4.19480321241e-08 2.21187885312685e-06 1.28533111969838e-06
       0.47910134222 0.000760833766960888    1.76975367815e-06    3.70106095646e-08   1.578161860441e-06 1.25505629286282e-06
      0.481941364781  0.00076095465293389    1.52433761324e-06    3.45107113026e-08 1.31241577614343e-06 1.22566859190796e-06
      0.484781328619 0.000761076231485893    1.52156645944e-06      3.445308231e-08 1.39024439900512e-06   1.197136984666e-06
      0.487621233388 0.000761198502225802    1.90608093976e-06    3.82457919777e-08 1.72604075349442e-06   1.169431698716e-06
      0.490461078742 0.000761321464760537    2.28924359661e-06    4.17309444681e-08 2.19592701629728e-06 1.14252416325015e-06
      0.493300864334 0.000761445118694994    2.72343607683e-06    4.54472834575e-08  2.6655832804555e-06 1.11638695394952e-06
       0.49614058982 0.000761569463632227    3.00690483561e-06    4.77504383517e-08 3.01708747356917e-06 1.09099374064616e-06
      0.498980254852 0.000761694499173145    3.08152322729e-06    4.83505581676e-08 3.16971171464034e-06 1.06631923775521e-06
      0.501819859085 0.000761820224916826    2.98243759597e-06    4.75792013657e-08  3.0913274019904e-06 1.04233915710007e-06
      0.504659402172 0.000761946640460301    2.63732758015e-06    4.47817352257e-08 2.79923840220961e-06 1.01903016322155e-06
      0.507498883769 0.000762073745398781    2.33256822742e-06    4.21767103569e-08 2.35142222275505e-06 9.96369830848406e-07
      0.510338303528 0.000762201539325351    1.87370567274e-06    3.79812074135e-08 1.83089804879862e-06 9.74336604586094e-07
      0.513177661104 0.000762330021831287    1.31075586714e-06    3.22145204263e-08 1.32696900614846e-06 9.52909760496374e-07
      0.516016956151 0.000762459192505884    9.47193972946e-07    2.79442425816e-08 9.17282854815443e-07 9.32069369659079e-07
      0.518856188322  0.00076258905093646    6.66090807339e-07    2.41802844092e-08 6.54072384636801e-07 9.11796263492368e-07
      0.521695357273 0.000762719596708542    5.63896016818e-07    2.26877693349e-08 5.56770360166435e-07 8.92072000736378e-07
      0.524534462657   0.0007628508294056    6.00934837874e-07     2.3263142586e-08 6.11731269899494e-07 8.72878836113329e-07
      0.527373504128 0.000762982748609235    7.75855488145e-07    2.57580899971e-08 7.78346677201303e-07 8.54199690429323e-07
       0.53021248134 0.000763115353899136    9.69025219988e-07    2.82740297598e-08 9.99688829358934e-07 8.36018122148059e-07
      0.533051393947 0.000763248644853088    1.18449938088e-06    3.08570097322e-08  1.2151482261742e-06 8.18318300316252e-07
      0.535890241603 0.000763382621046977    1.33779156815e-06    3.25538565485e-08 1.37242145263868e-06 8.01084978775929e-07
      0.538729023963 0.000763517282054844    1.40592143244e-06    3.32730164271e-08 1.43661618148895e-06 7.84303471589403e-07
       0.54156774068 0.000763652627448744    1.38821308235e-06     3.3063913126e-08  1.3950355687108e-06 7.67959629644378e-07
      0.544406391409 0.000763788656798946    1.26303799839e-06    3.16685900395e-08 1.25718286771202e-06 7.52039858354487e-07
      0.547244975804 0.000763925369673796    1.09730941219e-06    2.97383137427e-08 1.05054444965495e-06 7.36530935109232e-07
      0.550083493519 0.000764062765639766    8.36550742436e-07    2.64141261474e-08 8.13305297109709e-07  7.2142023263054e-07
      0.552921944207 0.000764200844261414    6.00799965202e-07    2.30261109996e-08 5.85880602155097e-07 7.06695536006341e-07
      0.555760327524 0.000764339605101584    4.48859617087e-07    2.05374605356e-08 4.02896209410547e-07 6.92345065403093e-07
      0.558598643123 0.000764479047721119    3.04353988652e-07    1.78633869156e-08 2.87156851021924e-07 6.78357458467867e-07
      0.561436890658 0.000764619171679061    2.90295283361e-07    1.74916661834e-08 2.46534663001401e-07 6.64721753478097e-07
      0.564275069784 0.000764759976532658    2.99532410247e-07    1.74217544334e-08 2.74057528428516e-07  6.5142737300496e-07
      0.567113180155 0.000764901461837272    3.73655166183e-07    1.86391324795e-08 3.50599730143684e-07 6.38456140851116e-07
      0.568532209449 0.000764972459519247    3.96748152114e-07    1.14101884116e-08 3.99262356218997e-07 6.32087884234896e-07
      0.569951221425 0.000765043627146432    5.03831732746e-07     2.1038754479e-08 4.51120122029743e-07 6.25806657381467e-07
      0.571370216039 0.000765114964662695    5.16515898049e-07    1.31120056416e-08  5.0123911235195e-07  6.1961074569423e-07
      0.574208153009 0.000765258149137558    6.14204770335e-07     1.4563618031e-08 5.86210880606495e-07 6.07440758891825e-07
      0.577046020013 0.000765402012492811    6.34616924913e-07    1.47336263594e-08 6.35359380607797e-07 5.95561011928893e-07
      0.579883816706 0.000765546554275664    6.82289846236e-07     1.4562334057e-08 6.38238449759531e-07 5.83970636194401e-07
      0.582721542742 0.000765691774031474    6.48404986816e-07    1.38057232833e-08  5.9475146015222e-07 5.72661209896564e-07
      0.585559197776 0.000765837671303845    5.65675829655e-07    1.30794393363e-08 5.13922074864339e-07 5.61624595213174e-07
       0.58839678146 0.000765984245634433    4.82270816387e-07    1.23113911415e-08 4.11159616655249e-07 5.50852928130932e-07
       0.59123429345 0.000766131496563311    3.16857702486e-07    1.06295949372e-08 3.04603250739432e-07 5.40338607936514e-07
        0.5940717334 0.000766279423628667    2.25116768137e-07    9.59792243767e-09 2.11345444058637e-07 5.30074287208644e-07
      0.596909100964 0.000766428026366908    1.37431216802e-07    8.50934390677e-09 1.44270432122829e-07 5.20052862205958e-07
      0.599746395797 0.000766577304312726    1.08841053916e-07     8.1016028522e-09 1.10044864598743e-07 5.10267463667778e-07
      0.602583617553 0.000766727256998991    9.94011245606e-08    7.95275685542e-09 1.08518194668127e-07 5.00711448013871e-07
      0.605420765885 0.000766877883956763    1.29388165557e-07     8.3581730099e-09 1.33492233172465e-07 4.91378388907678e-07
      0.608257840449 0.000767029184715505    1.81454301914e-07    9.03174443773e-09 1.74561779958623e-07 4.82262069159506e-07
      0.611094840898 0.000767181158802772     2.2563502234e-07    9.56732890322e-09 2.19556223821945e-07 4.73356472999778e-07
      0.613931766887 0.000767333805744485     2.7619170307e-07    1.01567882288e-08 2.57048980857774e-07 4.64655778637836e-07
      0.616768618071 0.000767487125064829     3.2472070179e-07    1.06949231838e-08 2.78447634165081e-07 4.56154351149779e-07
      0.619605394103  0.00076764111628615    3.32921515422e-07     1.0779393238e-08 2.79311768214198e-07 4.47846735658834e-07
      0.622442094638 0.000767795778929176    3.05975976689e-07     1.0477847526e-08 2.59732303002921e-07 4.39727650776237e-07
      0.625278719331  0.00076795111251292     2.6348493123e-07    9.98892229128e-09 2.23804012160722e-07 4.31791982327909e-07
      0.628115267835 0.000768107116554571    2.12184839377e-07    9.35748801507e-09 1.78392743529005e-07 4.24034777334519e-07
      0.630951739805 0.000768263790569721    1.46240411396e-07    8.48870381965e-09 1.31511258533264e-07  4.1645123821808e-07
      0.633788134896 0.000768421134072263    8.48018986907e-08    7.59584624225e-09 9.06574504137408e-08 4.09036717258611e-07
      0.636624452761 0.000768579146574283    5.89602977322e-08    7.17618953155e-09 6.14364506956602e-08 4.01786711270614e-07
      0.639460693056 0.000768737827586346    3.35692644325e-08    6.73935878029e-09 4.66980037791542e-08  3.9469685647568e-07
      0.642296855434 0.000768897176617167     3.7827402912e-08    6.79982031176e-09 4.62961912459573e-08  3.8776292360453e-07
      0.645132939551 0.000769057193173952    5.65045424898e-08    7.09397773598e-09 5.74477206732438e-08 3.80980813163646e-07
       0.64796894506 0.000769217876762069    9.47825158776e-08    7.67346474632e-09 7.55533295245984e-08 3.74346550916753e-07
      0.650804871616 0.000769379226885334    1.24949782586e-07    8.10084604169e-09 9.52735981507089e-08 3.67856283517027e-07
      0.653640718873 0.000769541243045847    1.40923321492e-07    8.31477265187e-09 1.11625317850422e-07 3.61506274328108e-07
      0.656476486486 0.000769703924744114    1.57369918732e-07    8.56957825678e-09 1.20886923692127e-07  3.5529289939577e-07
       0.65931217411 0.000769867271478994    1.41599078489e-07     8.3876430497e-09 1.21161755828754e-07 3.49212643582268e-07
      0.662147781398 0.000770031282747591    1.31010115692e-07    8.27410636894e-09 1.12530269991561e-07 3.43262096850902e-07
      0.664983308006  0.00077019595804555    1.01045649167e-07    7.88353408834e-09 9.68085411558009e-08 3.37437950678574e-07
      0.667818753587 0.000770361296866712    7.78401400091e-08    7.57636172933e-09 7.70035770881909e-08 3.31736994627922e-07
      0.670654117797 0.000770527298703471    3.96073343379e-08    6.93479221894e-09 5.66035712319281e-08 3.26156113024755e-07
      0.673489400289 0.000770693963046431    3.31413625877e-08    6.78192533992e-09 3.88570722746302e-08  3.2069228178562e-07
      0.676324600719 0.000770861289384764    1.58610770313e-08    6.43878243691e-09 2.61797020337317e-08  3.1534256534141e-07
      0.679159718741 0.000771029277205917    7.14202603738e-09    6.23383074878e-09 1.97869864147255e-08 3.10104113696664e-07
      0.681994754009 0.000771197925995745    1.98261427518e-08    6.41050236452e-09  1.9597537880982e-08 3.04974159586387e-07
      0.684829706179 0.000771367235238627    2.45799124026e-08    6.49313406525e-09 2.43942420281134e-08 2.99950015738444e-07
      0.687664574903 0.000771537204417121     6.1100569208e-08    7.10094890499e-09 3.21833192444948e-08 2.95029072251048e-07
      0.690499359838 0.000771707833012503    5.23365129261e-08    6.95901610065e-09 4.06602757502609e-08 2.90208794041338e-07
      0.693334060638 0.000771879120504299    7.03828081068e-08    7.24679300897e-09 4.76817848563565e-08 2.85486718417138e-07
      0.696168676957  0.00077205106637047    8.07690020056e-08    7.40740160891e-09  5.1652965037693e-08 2.80860452717798e-07
       0.69900320845 0.000772223670087474    6.23622621058e-08    7.10715033104e-09 5.17660194468512e-08 2.76327672045656e-07
      0.701837654772 0.000772396931130218     7.5046503223e-08    7.29503985223e-09 4.80618711240186e-08 2.71886117082286e-07
      0.704672015577    0.000772570848972    4.74025519724e-08    6.83875907816e-09  4.1323408456621e-08 2.67533591983907e-07
       0.70750629052 0.000772745423084639     3.4853489164e-08    6.61456216788e-09 3.28400388331737e-08 2.63267962347695e-07
      0.710340479255 0.000772920652938355    2.36561930562e-08     6.4067178214e-09 2.41031832338942e-08  2.5908715325736e-07
      0.713174581437 0.000773096538001904    1.59510441295e-08    6.26458385891e-09 1.64986130199892e-08 2.54989147392344e-07
      0.716008596721 0.000773273077742517    7.34470136918e-09    6.10265407977e-09 1.10545148715707e-08 2.50971983208979e-07
      0.718842524762 0.000773450271625913    1.38332572009e-08    6.21652528766e-09 8.28674475322398e-09 2.47033753184194e-07
      0.721676365214 0.000773628119116234    1.04087360859e-08    6.14911688651e-09 8.15942574937536e-09 2.43172602122751e-07
      0.724510117732 0.000773806619676184    2.00514398285e-08    6.31879816504e-09 1.01549838635576e-08 2.39386725520257e-07
      0.727343781971  0.00077398577276697    3.40423331138e-08    6.58678171138e-09 1.34275758002361e-08 2.35674367987071e-07
      0.730177357584 0.000774165577848181    2.93335965146e-08    6.52819546093e-09 1.70010270590653e-08 2.32033821728329e-07
      0.733010844228 0.000774346034378173    2.68778582712e-08    6.50838982013e-09 1.99684635485994e-08 2.28463425067146e-07
      0.735844241557 0.000774527141813637    3.38846249472e-08    6.65137834673e-09 2.16554971896929e-08 2.24961561034897e-07
      0.738677549226 0.000774708899609854     3.8638448658e-08    6.75383228908e-09 2.17202183809796e-08 2.21526655996591e-07
      0.741510766889 0.000774891307220575    1.46217716244e-08    6.34284934836e-09 2.01783990576747e-08 2.18157178330634e-07
      0.744343894201 0.000775074364098156    1.20083211903e-08    6.29981501334e-09  1.7357892407847e-08 2.14851637148959e-07
      0.747176930817   0.0007752580696935    4.21304231919e-09    6.16241747062e-09 1.37992096909463e-08 2.11608581064535e-07
      0.750009876391 0.000775442423455999    4.07786840075e-09    6.16365236494e-09 1.01274897812965e-08  2.0842659700054e-07
       0.75284273058   0.0007756274248338   -1.31798789884e-08    5.84382689389e-09 6.92354445658649e-09 2.05304309034393e-07
      0.755675493036  0.00077581307327329    7.36729085941e-09    6.19520173827e-09 4.61857193298655e-09 2.02240377293672e-07
      0.758508163416 0.000775999368219756    8.78773418006e-10    6.04328574549e-09 3.42972710604352e-09 1.99233496869685e-07
      0.761340741374 0.000776186309116865    9.23832976026e-10     6.0112841458e-09 3.34393925824265e-09 1.96282396786926e-07
      0.764173226565 0.000776373895406938    1.96685115342e-08    6.32207991586e-09 4.14732511625625e-09 1.93385838993608e-07
      0.767005618644 0.000776562126530887    1.20533936047e-08    6.15266762486e-09  5.4891981988818e-09  1.9054261739153e-07
      0.769837917265 0.000776751001928153    1.68965318033e-09    5.99148147016e-09 6.96441163123393e-09 1.87751556897642e-07
      0.772670122084 0.000776940521036917    2.24169466542e-08     6.3995654489e-09 8.19622623445543e-09 1.85011512532691e-07
      0.775502232756 0.000777130683293904    1.85868962124e-08     6.3616119465e-09 8.90391987195768e-09 1.82321368545745e-07
      0.778334248935 0.000777321488134389    6.19559444003e-09    6.16892037166e-09 8.94413679911155e-09 1.79680037564271e-07
      0.781166170276 0.000777512934992337    5.51977837979e-09    6.18750484984e-09 8.32127754310248e-09   1.770864597701e-07
      0.783997996435 0.000777705023300411   -4.48332639252e-09    5.96685163076e-09 7.16867007266368e-09 1.74539602104123e-07
      0.786829727065 0.000777897752489707    -3.2216198924e-09    5.95484804215e-09 5.70782145436373e-09 1.72038814915684e-07
      0.789661361823 0.000778091121990235    9.07960065057e-09    6.14867829379e-09 4.51095512432766e-09  1.7011579289145e-07
