# intensity: 0.965476430247041
# background: 0
#           Q (1/A)             dQ (1/A)                    R                   dR               theory              fresnel
  0.0100976740941405 0.000298983967676463    0.965405862123547   0.0102637374386372    0.963812568838879     0.71917677638076
  0.0105407405644655 0.000300768978964674    0.947539303417396   0.0100907559016562    0.958752992044836    0.515203677087362
  0.0109749650582671 0.000302542676220672    0.940726447667846   0.0100311390863223    0.951397725940414    0.300333111603946
  0.0114136096090078 0.000304358404464016    0.943196880160382   0.0100146439767608    0.943023051991632    0.181254775867741
  0.0118522550910711 0.000306197788023278    0.927143922545752   0.0099112817796712    0.933374529055174    0.124810197170054
  0.0122908987104893  0.00030806044950623    0.929971594893802  0.00994397220310285    0.921605872412719    0.092344422496958
  0.0127295413985848 0.000309945933979489    0.911481053038853  0.00975472636838775    0.906909857181281   0.0711647847060066
  0.0131681831553578  0.00031185380730833    0.903875419142294  0.00974313481596232    0.888379708318903   0.0563954664135265
  0.0136068286374211 0.000313783712203649    0.881864959606714  0.00952619266550613     0.86493684449639   0.0456360789366206
  0.0140454713255167 0.000315735208800561    0.860106135399623   0.0093703250032958    0.835317979873517   0.0375445514694772
  0.0144841112196445 0.000317707903577069    0.818651658181809  0.00904447099688934    0.798118396708711   0.0313081070104661
  0.0149271506816149 0.000319721526965076    0.773732069419352  0.00867651929476005    0.751441126169562   0.0263603944991648
  0.0153613947331905 0.000321715376799189    0.706975474841862   0.0081041338650115    0.695694303406325   0.0224845885327768
  0.0158000346273184 0.000323749366193884    0.647539433033302  0.00761512167973735    0.628954692653028   0.0193095791305115
  0.0162386763840914 0.000325803012955038    0.566279842779695  0.00689128770447634    0.552661628989158   0.0167059010994837
  0.0166773162782192 0.000327875940341101    0.484236335710795  0.00624118243672319    0.469539571198388   0.0145487122752062
  0.0171159543097019 0.000329967826925546    0.396957214183256   0.0054860434201914    0.384239369993585   0.0127451230708195
  0.0175590254366398 0.000332099691553251    0.309695783755403  0.00466202570344617    0.301910270435876   0.0112105172372029
  0.0179932322353125  0.00033420694567638    0.239471483217171  0.00400809339223876    0.230871187209175  0.00993352478910834
  0.0184362512081861 0.000336260346216705    0.178618276022526  0.00334804371322293    0.172718631726048  0.00881985291026241
  0.0188705064356327 0.000337438307293371    0.124307715934363  0.00271923713701844     0.13165697995495   0.0078808623890497
  0.0193091444671154 0.000338651672611226    0.099045092890099  0.00241466270254372    0.105628845481864  0.00706036282484538
  0.0197433866560459 0.000339875945621722   0.0857805403277229  0.00222146639418726   0.0927087170332141  0.00635410813323329
  0.0201908145099878 0.000341161066269967   0.0783219314864082  0.00212390079744471   0.0893116657618506  0.00571922060650203
  0.0206250473856926  0.00034243112915519   0.0808119943773635  0.00216736031217497   0.0923007781325023   0.0051792254085954
   0.021068112924695 0.000343749801628925   0.0894066425074025  0.00227521960728526   0.0988655810294841  0.00469416032652547
  0.0214979443699121 0.000345051019798781    0.097453082634656  0.00239121167788489    0.106502525415644  0.00427881624329972
  0.0219409484416246 0.000381469635058565    0.104520295990221  0.00184987949665795    0.113976136112641  0.00390499253103129
  0.0228182133287191 0.000388147351302768    0.120914187940497   0.0020000825917118    0.125037734254011  0.00327420033257551
  0.0237042475491762 0.000394878038951513    0.125107770984666  0.00200515516963903    0.128778495342622  0.00276005940336994
  0.0245815049856901 0.000401625457010118    0.127937447833639  0.00201111492601274    0.124758008449708  0.00234828562078674
  0.0254412107169628 0.000408477005775015    0.125372898333125  0.00196419145979181    0.114496844459372  0.00201810715002161
   0.026336008682847 0.000415024466104038    0.109628801870852  0.00178376191777833   0.0990842668121677  0.00173478106767883
  0.0272044837474823 0.000421817439435162   0.0908306266404736  0.00157867158254206   0.0815747414451289  0.00150635200432506
  0.0280729588121176 0.000428960781070171   0.0688879412061204  0.00133144198619139   0.0635038711093571  0.00131497670947847
  0.0289677418768406 0.000435436589157688   0.0513862351439608  0.00112015803421801   0.0460725283741766   0.0011489066365419
  0.0298362094908953 0.000442281290827535   0.0347661635872564 0.000900143373202342   0.0315936653688715  0.00101231796171537
  0.0307134445756674 0.000449543691162893   0.0214428045575305 0.000688761981540047   0.0201590895387096 0.000894640711193491
  0.0315994471311569 0.000456237767925774   0.0124354095108194 0.000513871288900191   0.0120435282806157 0.000792806623781734
  0.0324766784906387 0.000463542442991283  0.00649018178275457 0.000325691003969469  0.00713152756082097 0.000705983966950001
  0.0333363525569439  0.00047058350158706  0.00516285783669645 0.000287718155655836  0.00477403446788095 0.000632274829604161
  0.0342135690152645 0.000477110746494978  0.00547481016645729 0.000293199497735326  0.00414742430468656 0.000566800752097933
   0.035099558532238 0.000484363570175566  0.00614042989877098 0.000307923166729283  0.00458640952970981 0.000509113174021316
  0.0359592288732529 0.000491172480770457  0.00732290997190757 0.000334223514665322  0.00542682886240188 0.000460050670842068
  0.0368452034890652 0.000498434014421646  0.00812667382937218 0.000348783035923043  0.00624611029331934 0.000415572634990113
  0.0377136319875717 0.000505637418839558  0.00727661329268102 0.000296142901944146  0.00670874573627903 0.000377103996518879
  0.0385908335447311 0.000512415724265535   0.0071188405441661 0.000290757680201921  0.00670179231867286 0.000342697973501384
  0.0394680202007294 0.000519545637320147  0.00626241476318634 0.000269837975553018  0.00622037923248237 0.000312155669733805
  0.0403539836406708 0.000526740956133944  0.00502546715012472 0.000240581377975932  0.00535170750232406 0.000284704760064092
  0.0412311665713787 0.000533874195212794  0.00377533733367094 0.000205620298735488  0.00426553570970117 0.000260450645813713
  0.0420995689928532  0.00054114800450873  0.00257617757178708 0.000167995370999135  0.00313302392458344 0.000238952351711209
   0.042994286864996 0.000548283202508735  0.00166466190162913 0.000133638079914426  0.00206184239558647 0.000219084647459321
  0.0438714548945427 0.000555455875259599 0.000581164528250056 4.25111267092154e-05  0.00122067183076806 0.000201577028613019
  0.0447310693562031  0.00056271348328862 0.000297145172768154 3.72491005697562e-05 0.000660614467877862 0.000186098904934618
   0.045625776052475 0.000569560638724872 0.000174647432787976 2.86810146622228e-05 0.000366690852728822 0.000171541043124151
  0.0464853830635548 0.000576840136011376 0.000436095451457751 4.40402651666991e-05 0.000330822826028696 0.000158876493040093
  0.0473625250160694 0.000584233255856152 0.000743457785767278 5.67291496211074e-05 0.000480922079195933 0.000147145328451738
  0.0482572056353092 0.000591267514050923  0.00124970888884837 7.26853369172263e-05 0.000744141087911268 0.000136276373800459
  0.0491343401372433 0.000598829587668637  0.00146871432116925 7.34279705253528e-05  0.00102708901683245 0.000126580205758479
  0.0499939285218716 0.000606145497403052  0.00186512172838329 8.19180721159338e-05  0.00125999865487369 0.000117906531300646
  0.0508885867893696 0.000613211498109669  0.00197151955834013 8.36812310880473e-05  0.00140573713325351 0.000109656785397102
  0.0517657063901424 0.000620650500842361  0.00190135358188772 8.17730586351444e-05  0.00142855307479219 0.000102258508006494
  0.0526252686977386 0.000627376992904414  0.00168571183425643 7.65024264474214e-05  0.00133572430365239 9.56076470624214e-05
  0.0535199157893658  0.00063493900416072  0.00149026748277925 7.12017039977657e-05  0.00114070510802302 8.92521417539288e-05
  0.0543970167636871 0.000642377461905683  0.00101919160786714 5.84124692356597e-05 0.000889591541609385 8.35262599502447e-05
  0.0552565567195415 0.000649447785784948 0.000669532787840451 4.45604930252853e-05 0.000628065170202877 7.83562708296505e-05
  0.0561511851847172 0.000657032058357616 0.000444601694381581 3.62046724616003e-05  0.00038301363678903 7.33948165717123e-05
  0.0570282563567162 0.000664200453351861 0.000353024851904974 3.20721683702409e-05 0.000204820891596783 6.89065122595215e-05
  0.0579053275287151 0.000671545854399414 0.000343469059877111 3.14522326212571e-05 0.000110579274356128 6.47573873160415e-05
  0.0587736181914806 0.000679133471732938 0.000355303701808095 3.17547817215904e-05 0.000107301094233401 6.09539868458352e-05
  0.0596506744623184 0.000686178235602736 0.000424256674475737 3.44222164405478e-05 0.000187745607714201  5.7392406404836e-05
  0.0605277232825756 0.000693518881041974 0.000640951908350017 4.19154669703222e-05 0.000333132507336229 5.40879887168445e-05
  0.0614047646522522  0.00070103333973493  0.00074850495641783 4.28807804564134e-05 0.000516109214282548 5.10188249853757e-05
  0.0622905604541302 0.000708009904326121 0.000980203974195854 4.89542480663111e-05 0.000707909692856246 4.81364683653676e-05
  0.0631675869226456 0.000715678966628141  0.00119740556975887 5.37867072483827e-05 0.000875190120146037 4.54825351980283e-05
  0.0640446022152901 0.000723066814772674  0.00124198883452724 5.42611894131576e-05  0.00099651233434943 4.30086511858533e-05
   0.064912848174572 0.000730096480891901  0.00116130115618497 5.22456193196324e-05  0.00105634932551345 4.07234722082447e-05
  0.0657898560166359 0.000737921664878336  0.00122660396862865  5.3173737861606e-05   0.0010503639549994 3.85678171579888e-05
   0.066666841506958  0.00074518254804415 0.000994472864193412 4.52486529047934e-05 0.000981648108970655 3.65532481867328e-05
  0.0675525963306427 0.000752480359924855 0.000816625585864185 4.08600072060814e-05 0.000860596081155282 3.46505207610602e-05
  0.0684295669198036 0.000760034603303461  0.00067121525807405 3.67279599744794e-05 0.000706982697429337 3.28873141871589e-05
  0.0693065375089646 0.000767287324823408 0.000511650212219263 3.19429497641675e-05 0.000539496695451842 3.12350491055868e-05
  0.0701659619808197 0.000774458003165694 0.000360448071712205 1.88789780763805e-05 0.000380343210529013 2.97156629574251e-05
   0.071051687002182 0.000782080028082661 0.000219385727339013 2.07251767255476e-05 0.000237450722235235 2.82455171862393e-05
  0.0719373971223831 0.000789402117976418 0.000117856008093044  1.5209738621799e-05 0.000127135240290545 2.68652274889875e-05
  0.0728143304586411 0.000796976518617845 4.49113054850439e-05 9.17985176380905e-06 5.52166391787497e-05 2.55808225511508e-05
  0.0736824870109558 0.000804196212523934 3.07564404066535e-05 7.75561229305819e-06 1.99230504248217e-05 2.43841872113567e-05
  0.0745594054460526 0.000811638431349451 5.38385989430198e-05 9.96187627144897e-06 1.50255041888291e-05 2.32458561159662e-05
  0.0754363089799881 0.000819362456806646 9.32270350674954e-05 1.28491421567439e-05 3.21279718253765e-05 2.21733288224428e-05
  0.0763132125139236 0.000826510480593948 0.000119982112965491 1.44355546618365e-05 6.08126705183615e-05 2.11620193649624e-05
   0.077190101146698 0.000834101876832364 0.000163327722784256 1.67149968226212e-05 9.10008077071056e-05 2.02078597415422e-05
  0.0780669748783112 0.000841696149895971  0.00014527695569122  1.4992190515263e-05 0.000114461271946871 1.93069823414527e-05
  0.0789438486099243 0.000848717746089813 0.000169335929526408 1.61216227464558e-05 0.000125903260559258 1.84558107134229e-05
  0.0798207074403763 0.000856318495169839 0.000138663443420514 1.45462131896124e-05 0.000123398912967665  1.7651146385423e-05
  0.0806975588202477 0.000863761294070845 0.000132969960064797 1.41496452801634e-05 0.000108306539930332 1.68899293472506e-05
  0.0815744027495384    0.000871092578245 0.000109289240616146 1.28058043625206e-05 8.45816868999472e-05 1.61693732789089e-05
  0.0824424624443054 0.000878782565605759 7.29167838547968e-05 1.04800102558354e-05 5.80483522996112e-05 1.54935811363057e-05
  0.0833280608057976 0.000886153142464454  5.8312007514453e-05 9.35476391403681e-06 3.39108948857551e-05 1.48401783821066e-05
  0.0842048674821853 0.000893470899653392 2.18217526345986e-05  5.7497125065106e-06 1.82669145656759e-05    1.42268788594e-05
   0.085081659257412 0.000901087578216995 2.45200197559309e-05 5.98955582130072e-06 1.45674451754596e-05 1.36449946023619e-05
  0.0859584584832191 0.000908274788203172  2.0693403475739e-05 5.51141492119189e-06 2.43338174012538e-05 1.30925910170314e-05
  0.0868352353572846 0.000915896338968064 3.36201568765498e-05 6.82020029846808e-06  4.6773818876832e-05 1.25679173488417e-05
  0.0877032354474068 0.000923463380627292 5.59028662017444e-05 8.58062637711205e-06 7.86168036580098e-05 1.20741737598408e-05
  0.0885887667536736 0.000930715925951694 9.23531590645298e-05 1.08794277735157e-05 0.000116470713372006 1.15952332389765e-05
   0.089465506374836 0.000938479515574741 0.000120440176256703 1.18809604896186e-05  0.00015403443124774 1.11442426954817e-05
  0.0903422459959984  0.00094570354232637 0.000160524430056844 1.36511702569059e-05 0.000186502393486592   1.071501657718e-05
  0.0912189707159996  0.00095317816732685 0.000184129470119455 1.45641764899068e-05 0.000209603468580561 1.03062685987465e-05
  0.0920956805348396 0.000960812365476226  0.00018965677773621 1.47001145666716e-05 0.000220515465155157 9.91686192095773e-06
  0.0929723829030991 0.000968021765127983 0.000192116972154004 1.47713018357375e-05 0.000218252180525493   9.545688524355e-06
  0.0938490852713585 0.000975659917121531 0.000180171997533516  1.4247637579424e-05 0.000203670991414591 9.19174991523096e-06
  0.0947169959545135  0.00098337703617953 0.000183021588680311  1.4310055270626e-05 0.000179566729682093  8.8574008612617e-06
  0.0956024304032326 0.000990516239200314  0.00016933801536594  1.3258957386061e-05 0.000148792349251764 8.53182552213513e-06
  0.0964790880680084 0.000998293572046514 0.000114120761497847 1.09190583508269e-05 0.000116452943349557 8.22410692840516e-06
  0.0973557382822037  0.00100551462500673 9.80866743429485e-05 1.00927391580315e-05 8.64671544794313e-05 7.93014539400219e-06
  0.0982323735952377  0.00101302767273551 7.99311756103345e-05 9.12105865679511e-06 6.23811902172853e-05 7.64922836022507e-06
  0.0991089940071106  0.00102067585731012 5.92693680935958e-05 7.84828988248073e-06 4.66315060021539e-05   7.380663021488e-06
  0.0999943614006042  0.00102809392444875  5.1990573640712e-05 7.34087270116221e-06 4.02647814085419e-05 7.12128106114677e-06
   0.100870959460735  0.00103574519464749 5.60879991771165e-05  7.3490429125113e-06 4.30723012448709e-05  6.8756102247173e-06
   0.101747542619705  0.00104326476870156 4.37232508765354e-05  6.4924014372383e-06 5.33565523659733e-05 6.64045633334115e-06
   0.102624125778675   0.0010504983721356 6.08220218437046e-05 7.58449646151373e-06 6.86244692972602e-05 6.41527574784784e-06
   0.103500671684742  0.00105815394140283  7.1629087841264e-05 8.15153945359985e-06 8.59017767448454e-05  6.1995834128991e-06
   0.104368470609188  0.00106573136544432 7.40467669361996e-05 8.27000730088405e-06 0.000102041438119596 5.99490789761578e-06
   0.105245001614094  0.00107312473518059  9.4703152563796e-05 9.28706575460304e-06 0.000114792397983844 5.79668538257078e-06
   0.106112755835056  0.00108072655484944 8.19531937988715e-05 8.59772463327082e-06 0.000122055606766057 5.60846379992329e-06
   0.106998033821583  0.00108802659614902 9.22598028564594e-05 8.77340288023936e-06 0.000122995263139808 5.42425262298365e-06
   0.107874527573586  0.00109553466400636 8.50499895496292e-05  8.4026448189769e-06 0.000117460225601494 5.24926621647843e-06
   0.108751013875008  0.00110319771744071 9.19354376425556e-05  8.7178986016174e-06 0.000106325215193591 5.08128915702221e-06
   0.109627477824688  0.00111044536387495 6.09554089119924e-05 7.12511225233276e-06  9.1067644355295e-05 4.91998345500086e-06
   0.110503941774368  0.00111811072018409 6.58174227430142e-05 7.36346486114459e-06 7.35223737625215e-05 4.76503876236044e-06
   0.111380375921726  0.00112590815999405 5.35579492332509e-05 6.65669164982133e-06 5.55963793267978e-05 4.61615494583108e-06
   0.112256810069084  0.00113302920795754 3.28690729363148e-05 5.28923044088448e-06 3.89826680099964e-05 4.47304250871765e-06
     0.1131332218647  0.00114082852609649 1.87380830357203e-05 4.13129908580459e-06 2.49645230556659e-05 4.33544441794829e-06
   0.114009626209736  0.00114823618867361 1.57250985989185e-05  3.6734132953177e-06 1.42802832440086e-05 4.20310015148664e-06
    0.11488601565361  0.00115562353367042 7.30427982594408e-06  2.7151555353097e-06 7.11290361638154e-06 4.07577326259037e-06
   0.115762390196323  0.00116329484994933 8.02776743157335e-06 2.77349027781904e-06 3.14844559690525e-06  3.9532396783253e-06
   0.116629995405674  0.00117062671814797 3.13658091869862e-06 2.02458325011341e-06 1.70931035212233e-06 3.83643447228281e-06
   0.117515094578266  0.00117822746013839 5.96581174413439e-06 2.43631733561758e-06 1.90904643859513e-06 3.72169580546767e-06
   0.118391431868076  0.00118590135332229 5.96450276637598e-06 2.40731404346335e-06 2.87290070623276e-06 3.61229942465007e-06
   0.119267746806145  0.00119329445221717 1.90786280747528e-06 1.71271626656519e-06 3.84463459808797e-06 3.50688709909408e-06
   0.120144046843052  0.00120096998116906 4.67843742085898e-06 2.17806904325899e-06 4.32917768070206e-06  3.4052983103953e-06
   0.121020339429379  0.00120836517682758 3.37169477605743e-06 1.95019678310511e-06 4.13143168938411e-06 3.30736372180626e-06
   0.121896602213383  0.00121591279623816 4.10426466311231e-06 2.06403008841217e-06 3.34805516663651e-06 3.21293133455471e-06
   0.122772864997387  0.00122371996534304 1.01007127662568e-05 2.86244812821596e-06 2.30743390200665e-06 3.12184875334721e-06
   0.123649097979069  0.00123073031395545 7.21579970157679e-06 2.34183054139767e-06 1.47008404053564e-06  3.0339724293414e-06
   0.124525330960751  0.00123853888605099 4.74361055303844e-06 1.99573761750304e-06 1.31702319608769e-06 2.94917239187084e-06
   0.125401541590691  0.00124608968357302 5.81084431050273e-06 2.13938022288213e-06 2.23783427754213e-06 2.86731735993879e-06
   0.126277759671211  0.00125336205047286 7.49181371518725e-06 2.35804633439767e-06 4.44920893309223e-06  2.7882826197676e-06
   0.127153947949409  0.00126117225520357 6.75272738439492e-06 2.25882811351574e-06 7.94923250069226e-06 2.71195898459433e-06
   0.128030106425285  0.00126885402705082 1.35003931943079e-05 2.99390484980478e-06  1.2507996366334e-05  2.6382327090057e-06
          0.12890625  0.00127600057417707 1.39572933772924e-05 3.03990365068674e-06 1.77091909742144e-05 2.56699554048219e-06
   0.129782378673553  0.00128381216303727 1.99503309389559e-05 3.54794321868724e-06 2.30173889383037e-05 2.49815185402933e-06
   0.130658507347107   0.0012912175818394 2.77030443319839e-05 4.12210091054756e-06  2.7863916865665e-05  2.4316005895703e-06
   0.131534621119499   0.0012987736199285 3.66979148601088e-05 4.70722021587896e-06 3.17367727599097e-05  2.3672537848045e-06
   0.132410690188408  0.00130643687781077 3.19439735162095e-05 4.38526257415631e-06  3.4258673506644e-05  2.3050262377918e-06
   0.133286759257317  0.00131373801857224 3.83156575770588e-05 4.74275084534106e-06 3.52414735522656e-05 2.24482976052477e-06
   0.134162828326225  0.00132127459887866 4.63157468337901e-05  4.9870738721975e-06 3.47026047435863e-05 2.18658805014429e-06
    0.13503885269165  0.00132883313996398 4.75821572630124e-05 5.03051214347487e-06 3.28582574243653e-05 2.13022674009668e-06
   0.135914877057076    0.001336392125152 3.87923669124671e-05 4.54558157089983e-06 3.00785083316011e-05  2.0756708434645e-06
   0.136790886521339  0.00134405804706893  3.5505341317593e-05 4.33541736962107e-06 2.68247910654945e-05  2.0228521771093e-06
   0.137666881084442  0.00135149074584393 3.33368011348922e-05 4.19251889589588e-06 2.35767116067855e-05    1.97170464769e-06
   0.138551607728004  0.00135908854702737 3.17320270694554e-05 4.04073143576938e-06  2.0736012972615e-05 1.92167905526688e-06
   0.139418810606003  0.00136684573876087 2.42059071482873e-05 3.58266240278658e-06 1.86924294038306e-05 1.87417473430864e-06
   0.140294745564461  0.00137415291996369 2.66503292947001e-05 3.74065158813542e-06 1.75360903456086e-05  1.8276733303026e-06
   0.141170665621758  0.00138156679182692 1.90561865327707e-05 3.19739964022311e-06  1.7297220703086e-05 1.78260704269732e-06
   0.142055347561836  0.00138931489647257 2.57698465271556e-05 3.67603158959753e-06 1.78410976364535e-05 1.73849328763058e-06
   0.142922461032867  0.00139667141462988 1.47532212512853e-05 2.84311075164693e-06 1.88850495008682e-05 1.69657006015931e-06
   0.143798321485519  0.00140436167148738 1.69699230367021e-05 3.02227006032515e-06  2.0133535116047e-05 1.65550066956838e-06
   0.144674181938171  0.00141205215785001  1.3974239343808e-05 2.63575266180548e-06 2.12461352717737e-05 1.61566840796401e-06
   0.145550012588501  0.00141934220611093 1.73341284076545e-05  2.9078011025434e-06 2.19308327613891e-05 1.57703165758889e-06
   0.146425828337669  0.00142703345243826 1.40642631543483e-05 2.65070228540775e-06 2.19798067465329e-05 1.53954114048503e-06
   0.147301629185677  0.00143445106991915 1.51770568417135e-05 2.74385198391508e-06 2.12889856948062e-05 1.50315869375814e-06
   0.148177415132523  0.00144214287516419 1.41452487396148e-05 2.66938411460786e-06 1.98653412924866e-05 1.46784622347865e-06
   0.149053186178207  0.00144983469607143  1.5244983882885e-05 2.76283715683864e-06 1.78172404847649e-05  1.4335658721771e-06
    0.14992892742157  0.00145700156992459 1.44295621096236e-05 2.68218505492326e-06 1.53277009779485e-05 1.40028100177568e-06
   0.150804653763771  0.00146469405096379 1.60676919729043e-05 2.78493363593275e-06 1.26194627652909e-05 1.36795849196595e-06
   0.151680365204811  0.00147211398524396 1.19248949496808e-05 2.43733858700534e-06 9.92064052893278e-06 1.33656373529408e-06
   0.152556046843529  0.00147968125413529 8.61099134875525e-06 2.11351243418129e-06 7.43059515540897e-06 1.30606615374769e-06
   0.153431728482246  0.00148750015119802 9.85609501232664e-06 2.21405638872751e-06 5.29589819162319e-06 1.27643429393889e-06
    0.15430736541748  0.00149479557089879 7.79797002450668e-06 1.99460816110926e-06 3.59656912451072e-06 1.24763895229267e-06
   0.155183002352715  0.00150248915593806 3.76596931709757e-06 1.51118415423766e-06  2.3471866639909e-06 1.21965219832723e-06
   0.156058609485626  0.00151018282444608 4.59983995167558e-06 1.60312115718525e-06 1.50463677531153e-06 1.19244697352169e-06
   0.156934201717377  0.00151735432173467 4.69576291299202e-06 1.61042667250982e-06 9.87089256942406e-07 1.16599611002913e-06
   0.157809779047966  0.00152504839093647 7.05563069922001e-07 9.75569222708372e-07 6.96543349511812e-07 1.14027610245841e-06
   0.158685341477394  0.00153259647333904 2.65224629776034e-07 8.71959511373068e-07 5.38442835590385e-07 1.11526189634148e-06
     0.1595608741045  0.00153989487272427 1.42111530208981e-06 1.10120185294157e-06 4.40279443892492e-07  1.0909305963873e-06
   0.160445168614387  0.00154791904309866 1.78141865888339e-06 1.16317894743394e-06 3.60946427771755e-07  1.0670269515347e-06
   0.161311909556389  0.00155528403470304  1.4180844082096e-07 8.38837256651276e-07 2.96994191878861e-07 1.04422887238572e-06
    0.16218738257885  0.00156270823739493 7.55120892360892e-07 8.51736305196027e-07 2.70411734153237e-07 1.02181641786294e-06
   0.163062855601311  0.00157052785382121 1.04308690355928e-06 9.09851113983819e-07 3.25229246563484e-07  1.0000027932076e-06
   0.163938283920288  0.00157784848959049 6.71983053357599e-07 8.47178721384005e-07 5.09394670800647e-07  9.7876890291734e-07
   0.164813697338104  0.00158552273025842 9.75464213479568e-07 9.17001610543858e-07 8.61984166073795e-07 9.58096577490695e-07
    0.16568911075592  0.00159321779033749 1.92115762912043e-06 1.08223245987594e-06 1.40077642827666e-06  9.3796737252246e-07
   0.166564494371414   0.0016005187016919 2.20097943603481e-06 1.13425060118175e-06 2.11561735173144e-06  9.1836425931831e-07
   0.167439833283424   0.0016080895308314 2.53899035828951e-06 1.16651439252335e-06 2.96785398985154e-06 8.99272633365857e-07
   0.168315172195435  0.00161553615094373 1.58836249388434e-06 1.01220815196965e-06 3.89458098002862e-06 8.80674236740355e-07
   0.169190496206284  0.00162308663238407 4.51211659909094e-06 1.39380861781605e-06 4.81850484133153e-06 8.62554544502423e-07
   0.170065805315971  0.00163090620366714 5.47991880529933e-06 1.49238946804016e-06 5.66023793760636e-06 8.44890331048074e-07
   0.170941084623337  0.00163820856081612 5.15916792052126e-06 1.44983108972978e-06 6.35124631119424e-06 8.27694031845557e-07
    0.17181633412838  0.00164590400555331 6.75698272925317e-06 1.61097987944476e-06 6.84448492316076e-06 8.10916623765333e-07
   0.172691583633423  0.00165359928570807 5.14727950769017e-06 1.43579292385283e-06 7.12157566448397e-06 7.94584509742764e-07
     0.1735580265522  0.00166071958800814 6.44354308958472e-06 1.57175774600514e-06 7.19685432670412e-06 7.78815509289039e-07
    0.17443323135376  0.00166841510575807 1.08404315303482e-05 1.96127929447801e-06 7.11090652104438e-06 7.63286604969244e-07
   0.175317138433456  0.00167621074059789 8.07815116056064e-06 1.01807602262628e-06 6.91977145409596e-06 7.48002017796598e-07
   0.177071794867516  0.00169132184902066 1.14983253927044e-05 1.42672429493577e-06   6.499447103289e-06 7.18770803885477e-07
   0.178826361894608  0.00170628948983859  1.0516974162396e-05 1.36979689321171e-06  6.3695464018317e-06 6.90935557014406e-07
   0.180576488375664  0.00172122775165954 9.07709920889371e-06 1.28992390579735e-06 6.63808028804074e-06 6.64491232493211e-07
   0.182326480746269  0.00173674113724356 9.63490367122629e-06 1.33281393606787e-06 7.04870956824093e-06 6.39301288876925e-07
   0.184076428413391  0.00175174127610878 8.09313056695666e-06 1.26041984355962e-06 7.16295468416927e-06 6.15294393793187e-07
   0.185826271772385  0.00176659828151763 6.12559785940995e-06 1.02625922527938e-06 6.64319524321195e-06 5.92405386567528e-07
   0.187571659684181   0.0017817125440109 4.65084264841005e-06 9.14483388068372e-07 5.46231323149273e-06 5.70625691742762e-07
    0.18932132422924   0.0017970810632996 4.60800000906841e-06 9.06017389665166e-07 3.89930745251821e-06 5.49788573155999e-07
   0.191066488623619  0.00181205155514073  3.9564778965878e-06 8.63687444348311e-07 2.38665755690974e-06 5.29943874578079e-07
   0.192815959453583  0.00182699063319001 4.05248020837098e-06 8.82392978308141e-07 1.25172691052737e-06 5.10941187325786e-07
   0.194565325975418  0.00184219454049418 2.68021182634407e-06 7.52599083598019e-07 5.98829947519168e-07 4.92784129857851e-07
   0.196310237050056  0.00185728702323567 2.44126270415454e-06 7.14181397090016e-07 3.09888830807273e-07 4.75469846061661e-07
   0.198068156838417  0.00187234568138027 1.72585419301352e-06 6.39883479617383e-07 1.89533153793101e-07 4.58789093204007e-07
    0.19981724023819  0.00188746694313177 1.13094608699353e-06 5.79778615282093e-07 1.28347740741634e-07 4.42912898991274e-07
   0.201566249132156  0.00190258784464363 1.04155969304161e-06 5.83105145255364e-07 1.61934848366437e-07 4.27717415396084e-07
   0.203315153717995  0.00191784999600534 2.45132356315286e-06 6.99997272269701e-07 4.15703111709902e-07 4.13169143015025e-07
   0.205063953995705  0.00193272680310541 2.64224110184711e-06 7.09662726793663e-07 9.71665530752268e-07 3.99235005197372e-07
   0.206812635064125    0.001947845796975 2.22702279007488e-06 6.74438576308129e-07 1.76599632143207e-06 3.85884458967632e-07
    0.20855250954628  0.00196302631201104 3.47462418084012e-06 7.20602975527626e-07 2.58420972681392e-06 3.73150728885144e-07
   0.210300996899605  0.00197828531607691 3.73124561140334e-06 7.51141895918721e-07 3.18183699387341e-06 3.60878977816719e-07
   0.212058112025261  0.00199301770488599 4.43111065884722e-06 7.83487340791893e-07 3.39810940821581e-06 3.49050541842397e-07
    0.21380640566349   0.0020080735488428 2.96859728656466e-06 6.70516156928123e-07 3.25786130514285e-06 3.37758688039345e-07
   0.215550184249878  0.00202342120188245 5.27495974615361e-06 8.24494427369834e-07  2.9538158653892e-06 3.26947416007175e-07
   0.217298313975334  0.00203865680880071 5.94373779883698e-06 8.66250068196689e-07 2.72129189562849e-06  3.1654001080798e-07
   0.219041898846626  0.00205349951428135 4.49920691197325e-06  7.8540277548689e-07 2.70887794537116e-06 3.06568925881855e-07
   0.220785424113274  0.00206834176911403 6.85777432899488e-06 9.12378263472144e-07  2.8974545171235e-06 2.96987833136385e-07
    0.22253754734993  0.00208386501543103 5.10314342428758e-06 8.01521384419063e-07 3.12584675708598e-06 2.87733852397688e-07
   0.224289551377296  0.00209888520102566 3.88572743424891e-06 7.20405314086132e-07 3.18606936575924e-06 2.78838023635593e-07
   0.226032733917236  0.00211384540414406 3.28040307430572e-06 6.82879002422753e-07 2.94817523410076e-06 2.70325624800448e-07
   0.227784484624863  0.00212898394571023 1.88556867846686e-06 5.87128698827476e-07 2.41928060380457e-06 2.62096247157113e-07
   0.229531839489937  0.00214397195541213 2.83501315801349e-06 6.46384010168042e-07 1.73536501009277e-06  2.5419716749334e-07
   0.231279045343399  0.00215921893793432 1.67806666513323e-06 5.06993066880948e-07 1.07259144198033e-06 2.46594173994055e-07
   0.233026146888733  0.00217420461505713 1.05180596149708e-06 4.48458795798254e-07 5.63868537404332e-07 2.39273737596418e-07
     0.2347731590271  0.00218930954677775 1.38133518075169e-06 4.85263477302513e-07 2.51119820963269e-07 2.32223403604128e-07
   0.236519992351532  0.00220459257087736 1.53758246401957e-06 5.11420922674584e-07 9.78878345358523e-08  2.2543158707433e-07
   0.238266751170158  0.00221951500530877  3.9152368149569e-07 3.89531977423939e-07 4.17653155210178e-08 2.18886544485911e-07
   0.240009039640427  0.00223446678119046 1.45140218369739e-06 4.85994069109084e-07 4.60033500459576e-08 2.12593220593276e-07
    0.24176424741745  0.00224964572551965  1.2412069188425e-06 4.69398259123883e-07 1.17692778908621e-07 2.06480413094845e-07
    0.24351067841053  0.00226492325366573 1.27882456881527e-06 4.82301503413442e-07  2.8399340199583e-07 2.00614653866641e-07
   0.245256930589676  0.00227984104533246 2.06649601783038e-06 5.60620994628315e-07 5.53507487252011e-07 1.94956260777904e-07
   0.247003078460693  0.00229475830943439 2.15857347256642e-06 5.49922106702651e-07 8.88950351640517e-07 1.89496330912923e-07
   0.248749122023582  0.00230979272046073 2.17161779048123e-06 5.39731719995871e-07 1.21393457943881e-06 1.84226590927436e-07
   0.250486344099045  0.00232520300712022 3.07074643627904e-06 5.98602523074264e-07  1.4479520604634e-06 1.79164056105301e-07
   0.252236515283585  0.00234020545969316 2.51268936837061e-06  5.6074716881649e-07 1.55185126931102e-06 1.74238465568468e-07
   0.253986567258835  0.00235508730038046 2.23597732365937e-06 5.14755625747939e-07 1.53906162629169e-06 1.69481714425218e-07
   0.255732089281082  0.00237035416075855 1.95299516602695e-06 4.85496715471685e-07   1.470255446267e-06 1.64897549158688e-07
    0.25747749209404  0.00238538147036052 1.89535602703461e-06 4.78925976898161e-07  1.4116295407491e-06 1.60467627255918e-07
   0.259214073419571  0.00240028904222043  2.7641484133703e-06  5.4297417026986e-07 1.39770556572518e-06 1.56206781950853e-07
   0.260963588953018   0.0024153629056756 1.69270193274976e-06 4.76286565400686e-07 1.41513558915735e-06 1.52056292932075e-07
   0.262704342603683  0.00243047454735124 1.20764866246704e-06 4.55605851982256e-07 1.41567280758946e-06 1.48062541522636e-07
   0.264444887638092  0.00244552541404614 1.04717939902414e-06 4.27707634041132e-07 1.34840220222364e-06 1.44199526034788e-07
   0.266194045543671  0.00246051631240241  1.1693323175225e-06 4.29642684525427e-07 1.18885296628399e-06  1.4044349881616e-07
   0.267943054437637  0.00247550496559423 1.22105102462979e-06 4.33400024021197e-07 9.53592530508519e-07 1.36809285421332e-07
   0.269683241844177  0.00249080724356835 5.73409980175151e-07 3.85312887845728e-07 6.89939971167022e-07 1.33309366900311e-07
   0.271431982517242  0.00250591025815009  1.2512135924384e-06 4.56139355219591e-07 4.46251110701513e-07 1.29904264868386e-07
   0.273171901702881   0.0025207171304626 6.65800598796566e-07 3.80346020630129e-07 2.58915744918186e-07 1.26623555779687e-07
   0.274920403957367  0.00253569934791871 7.82888886505739e-07 3.67578572922864e-07 1.35612278452136e-07 1.23430372077167e-07
    0.27666437625885  0.00255102320513682 5.56270327644727e-07 3.00130213245574e-07 6.96227792094597e-08 1.20345129869028e-07
   0.278408259153366  0.00256609019755484 7.78965947903759e-07 3.11356394510137e-07 4.92756545388874e-08 1.17355827033144e-07
    0.28015199303627   0.0025810373542616 7.59955203697755e-07 3.05144461677457e-07 6.97077064155023e-08 1.14459020325447e-07
   0.281895577907562  0.00259586546090316 5.22177130128343e-07 2.83166506871797e-07 1.31907786206385e-07 1.11651276329839e-07
   0.283639043569565  0.00261123047475746 1.64718952166505e-07 2.51161343872485e-07 2.34326128977161e-07 1.08929341167903e-07
   0.285375952720642  0.00262437822421809 1.08221219223368e-06 2.10170482065734e-07 3.63987815037202e-07 1.06299474982211e-07
   0.287119150161743  0.00263629392749334  6.5719713837718e-07 2.07116277168369e-07 4.98126450164223e-07 1.03739345542223e-07
   0.288863450288773  0.00264822508519242 4.07131201085862e-07 2.18386637137684e-07 6.09456260595207e-07 1.01254292471418e-07
   0.290605127811432  0.00266014609510556 9.92979767731142e-07 2.38395368647183e-07 6.80313613783412e-07 9.88467817368177e-08
   0.292347848415375  0.00267208190995066 7.73838543115833e-07 2.27599012896777e-07 7.11243610779978e-07 9.65090347944582e-08
   0.294090449810028   0.0026840242024377 8.84956141670234e-07 2.29274203599674e-07 7.18655064174308e-07 9.42401523204536e-08
   0.295832991600037   0.0026959732137916 4.72586635895255e-07 2.10214528228804e-07 7.24100775318723e-07 9.20376454329033e-08
   0.297575235366821  0.00270792773441185 8.13796157861388e-07 2.21586016486005e-07 7.40468557338504e-07 8.98994708605631e-08
   0.299317479133606  0.00271988874368443 6.31341721827056e-07 2.11849079516381e-07 7.63847260169119e-07 8.78230261556658e-08
   0.301059454679489  0.00273185578994342 4.28050707485831e-07 2.00661056671117e-07 7.75725987204081e-07 8.58065107117614e-08
   0.302800238132477  0.00274382111652153 2.44046425380669e-07 1.89909860953943e-07 7.53951711553833e-07 8.38488652097908e-08
   0.304542034864426  0.00275580058167903 2.85213410951428e-07 1.89244453644441e-07  6.8557566426692e-07 8.19456534954087e-08
   0.306283593177795  0.00276778477966719 4.34406453457438e-07 1.93688064146626e-07  5.7443644106479e-07 8.00963904072863e-08
    0.30802384018898  0.00277976669597449 3.04480675981545e-07 1.85421534989976e-07 4.39545473235592e-07 7.83003442615041e-08
   0.309772551059723  0.00279181335335471 1.89575138639991e-07 1.77530397878265e-07 3.05204667929525e-07 7.65460080614464e-08
   0.311513662338257  0.00280381410327341 2.66399323637651e-07  1.7894571058505e-07 1.93344635667258e-07 7.48478175324075e-08
   0.313255965709686  0.00281582995446525 1.17489454196386e-07 1.69259952260234e-07 1.13441937160397e-07 7.31955061747126e-08
   0.314995557069778  0.00282783245300715 3.01914859058686e-07  1.7650701179104e-07 6.55678829607851e-08 7.15908726287365e-08
   0.316737443208694   0.0028398576790661 6.35425621220975e-07 3.33812577966908e-07 4.50381880259862e-08 7.00279478007761e-08
   0.318473219871521  0.00285184666675374 4.69908183945036e-07 2.94525577703767e-07 4.81784042977763e-08 6.85127079327661e-08
   0.320213675498962  0.00286387333636275 5.36365724672842e-07 2.99159557256728e-07 7.40344877107945e-08 6.70343169144286e-08
   0.321958601474762  0.00287593736275018 6.58374883090618e-08 2.46647593373725e-07 1.22151336288213e-07 6.55919465271222e-08
    0.32369863986969  0.00288797336021277 1.92783073193572e-07 2.60057329759895e-07 1.87783968499838e-07 6.41920442614468e-08
   0.325438529253006  0.00290001376104468 1.98843359002887e-07 2.59027314108593e-07 2.60621160121855e-07 6.28294087222603e-08
   0.327178299427032  0.00291205939830216 8.43845798637338e-08 2.43590762915493e-07 3.26527642577393e-07 6.15028323023765e-08
   0.328917890787125  0.00292410898718854 2.13704830257693e-07  2.5791944322837e-07 3.73257404612092e-07 6.02112197775803e-08
   0.330657333135605  0.00293616296642082 4.07151872742978e-08 2.35365786666893e-07 3.96094676150566e-07 5.89534469471992e-08
   0.332396537065506  0.00294822119456153 2.90403046153344e-07 2.64289550919103e-07  3.9986707961157e-07 5.77285142007004e-08
   0.334135681390762  0.00296028373219863 2.97253314447491e-07 2.63793717312277e-07 3.95858551668109e-07 5.65352741348621e-08
    0.33587458729744   0.0029723503213712 6.36938767248736e-08 2.34313036769011e-07 3.95241669108411e-07 5.53728670638617e-08
    0.33761340379715  0.00298442101476467 3.13320133852751e-07 2.63543156262435e-07 4.02756556804491e-07 5.42402420082351e-08
   0.339356750249863  0.00299652840528437 3.21018452834045e-07 2.63389604756507e-07 4.14205431481706e-07 5.31335957183065e-08
   0.341090440750122  0.00300857448536956 2.66523901398434e-07  2.5587393738464e-07 4.18842176498766e-07 5.20609240865118e-08
   0.342828720808029  0.00302065626415939 2.74023580346045e-07 2.55682760656183e-07 4.05597612366729e-07 5.10124577318343e-08
   0.344566851854324  0.00303274241297938 3.43269028092635e-07 2.63216213145297e-07 3.68757201000429e-07 4.99903425665051e-08
    0.34630474448204  0.00304483191226999 8.94594453946554e-07 3.19540515598992e-07 3.10933754484618e-07 4.89938363843943e-08
   0.348042547702789  0.00305692515443116 7.16618469884782e-07 3.01247416865125e-07  2.4162861951812e-07 4.80220873315275e-08
   0.349780172109604  0.00306902184510418 3.65311303446574e-07 2.63285137889526e-07 1.72915767078145e-07 4.70744127749564e-08
   0.351512879133224  0.00308108915229269 -4.95058180799439e-08 2.09529076395947e-07  1.1496545917164e-07 4.61525789782247e-08
    0.35325014591217  0.00309319237365398 1.39786209458398e-07 2.34707318122458e-07 7.29025822528132e-08 4.52508726886123e-08
    0.35498720407486    0.003105299093534  3.2881098899317e-07 2.57342936046837e-07  4.8006285866978e-08 4.43711855734635e-08
   0.356724083423614  0.00311740871630437 3.96106940144998e-07 2.64592627075711e-07 3.90136819630214e-08 4.35128623214198e-08
   0.358460903167725  0.00312952186652992 4.04994620385215e-07 2.65417078280105e-07 4.42544625466894e-08 4.26752202240246e-08
   0.360202193260193  0.00314167099577991 1.59333132877667e-07 2.35300971409801e-07 6.23167682079829e-08 4.18555654083783e-08
    0.36193385720253  0.00315375726827668 5.79444352104805e-07 2.84016113217213e-07 9.09399212609858e-08 4.10598591815515e-08
   0.363674759864807  0.00316591201087892 9.33538933006347e-08  2.2640841541989e-07 1.26659258171283e-07 4.02788862053212e-08
   0.365410834550858  0.00317803694508766 4.51003490541024e-07 2.69837188756059e-07 1.63607297315013e-07 3.95184801884911e-08
   0.367146700620651  0.00319016467244126 5.31360407930943e-07 2.63420231483703e-07 1.95774519763611e-07 3.87760258426081e-08
   0.368877649307251  0.00320226221552609 4.69039466041172e-07 2.56265611154554e-07 2.18712931261364e-07 3.80529495483821e-08
   0.370617866516113  0.00321442811234199  8.0756898757438e-07 2.91631647440737e-07 2.31572669835658e-07 3.73429239117421e-08
   0.372353225946426  0.00322656429946161 2.42889871904627e-07 2.30898964315449e-07 2.36704455421512e-07 3.66512918894804e-08
   0.374088376760483  0.00323870248258942 5.77749682167388e-07 2.68751738350683e-07 2.38428341883187e-07  3.5975684471843e-08
    0.37582802772522   0.0032508764757716 -4.2418165883354e-08 1.93724307819443e-07 2.40214697592519e-07 3.53138768107175e-08
   0.377562820911408  0.00326301962665727 7.41324036527972e-07 2.85738551181024e-07 2.42701899702954e-07 3.46690059220736e-08
   0.379292666912079  0.00327513211795928 6.27745482980435e-07 2.74761897749321e-07 2.43384067570211e-07 3.40406196128961e-08
   0.381031781435013  0.00328731271298832 5.10752200051338e-07  2.6275608460763e-07 2.38145360946619e-07 3.34231019162681e-08
   0.382766038179398  0.00329946318139241 5.09077040665239e-07 2.62939935360927e-07 2.23535141840752e-07 3.28211920711497e-08
   0.384495377540588  0.00331158270030863 4.52181484560102e-07 2.57241631378459e-07 1.98844511464364e-07 3.22344197107523e-08
   0.386224508285522  0.00332370397366614 4.47860807582815e-07 2.57147666527333e-07  1.6644660597709e-07 3.16607726603435e-08
   0.387962818145752  0.00333589352963481 4.46636909996772e-07 2.57676275083636e-07 1.30778300964307e-07 3.10968875663194e-08
    0.38969162106514  0.00334801929680573 2.74704010761341e-07 2.38710326392994e-07 9.73559855904513e-08 3.05484821036432e-08
   0.391429603099823  0.00336021244515185 4.42596978166899e-07 2.58350117285599e-07  6.9881861920905e-08 3.00092985581402e-08
   0.393157988786697  0.00337234247456799 3.84273350335566e-07 2.52604730520329e-07  5.0870331930215e-08 2.94848385622001e-08
    0.39489558339119  0.00338454004387278 5.52022149689099e-07 2.71527617444669e-07 4.07193784213947e-08 2.89690831054147e-08
   0.396623581647873  0.00339667329802025 5.45655749976799e-07 2.71130284456651e-07 3.91571252448892e-08 2.84673119322218e-08
   0.398360818624496   0.0034088742443199 4.33219625973174e-07 2.60170336235336e-07 4.52790861592551e-08 2.79737640006301e-08
   0.400088429450989  0.00342101105593462 9.16778553431762e-08 2.20955706904773e-07 5.76862117635391e-08 2.74935119330831e-08
   0.401825278997421  0.00343321557299433 2.58419372248993e-07 2.42094028800963e-07 7.45043230950862e-08 2.70210374781173e-08
   0.403552442789078  0.00344535560511508 4.25726290898931e-07 2.61850333439606e-07 9.28509493530634e-08 2.65612193897536e-08
   0.405288904905319  0.00345756368393066 2.53293254157148e-07 2.43508240312956e-07 1.09948196397298e-07 2.61087454784924e-08
   0.407015770673752  0.00346970670612215 -1.43064117296605e-07  1.9371035072138e-07 1.23243583783425e-07 2.56689033105869e-08
   0.408751785755157   0.0034819170971476 3.04479409276746e-07 2.51414400584811e-07 1.31926671805817e-07 2.52384846823485e-08
   0.410478204488754  0.00349406315794202  1.3456140854386e-07  2.3282789980036e-07 1.36600597282363e-07 2.48276259092625e-08
   0.412213802337646  0.00350627656510211 -3.54488381384378e-08 2.12884189461832e-07 1.39069076904423e-07 2.44436368654603e-08
    0.41394454240799  0.00351845838981571 7.25213134793415e-08 2.27845417024741e-07 1.40995792088141e-07 2.41058651631335e-08
   0.415675133466721  0.00353064200024503  1.4191935235508e-08 2.21759242193143e-07 1.43235245637607e-07  2.3826089115602e-08
   0.417405515909195  0.00354282659839477 4.77572367641812e-07 2.58627236456951e-07 1.45814516471089e-07 2.36071917227595e-08
   0.419135570526123  0.00355501196453154 -1.99142798878664e-07 1.79889245927753e-07 1.48430372047235e-07 2.34424215662789e-08
