# intensity: 0.995428292305567
# background: 4.582413542693e-07
#           Q (1/A)             dQ (1/A)                    R                   dR               theory              fresnel
      0.010084459364     0.00010301271332        0.99060473148       0.010563542732    0.994160604396569    0.878290085679181
      0.010527572831     0.00010516249785        0.97661193666       0.010441279393    0.988651219570136    0.409201205698978
      0.010957382779      0.0001072922675        0.98807846201       0.010539424411    0.982459693474562    0.223781073287785
      0.011400472385     0.00010953100917        0.96423061548       0.010304250072    0.974972963695244    0.148921001312043
      0.011830312024     0.00011174221746        0.95560004233       0.010292935543    0.965610041795451     0.10845783191618
      0.012277757864     0.00011408277381        0.94663621366       0.010226899042     0.95265338961125   0.0817687938406195
      0.012716371148     0.00011641324928        0.91241736146      0.0099023999243    0.935514845200616   0.0639662881694718
      0.013159412929     0.00011880140158        0.90662362274      0.0099148818247    0.912082852515117   0.0511115828821616
      0.013593700546     0.00012117372412        0.87333413658      0.0096539643153    0.881084612413104   0.0417680067350026
      0.014041082168      0.0001236481371        0.82494481857      0.0092914956277    0.838326508627344   0.0344410233753849
      0.014470975218     0.00012605336378        0.77726404339      0.0088960595594    0.784345017626843   0.0289585265923684
        0.0149139815     0.00012855857508        0.70004077822      0.0083146786816      0.7135131285057   0.0244782183609299
      0.015348249037     0.00013103911185         0.6171389073      0.0076590667876    0.629045294437132   0.0209450575470659
      0.015791263766     0.00013359342958        0.51371586062      0.0067930791659     0.53089321906051   0.0180091782732196
      0.016221121047     0.00013609360472        0.43210146033      0.0060959127578    0.431481660742928   0.0156611456773748
      0.016668542802      0.0001387174039        0.33747504569       0.005248827174    0.334369854263235   0.0136291346632702
      0.017107181564     0.00014130978984        0.25900984995      0.0044799239449    0.255643004926044   0.0119603904076373
      0.017550214409     0.00014394723651        0.20568003341      0.0039319426566    0.198563413666056    0.010536947926321
      0.017984456025     0.00014654997154         0.1669950762       0.003509855619    0.164597325926688  0.00934939565175454
      0.018427478239     0.00014922236187        0.14938067717       0.003299486706    0.148208548701369  0.00831152027130277
       0.01885736761     0.00015183111866        0.14723470632      0.0032760406905    0.144383646428142  0.00744330960866804
      0.019304756228     0.00015456152523        0.14685990505      0.0032660539884     0.14762657509214  0.00666072281346457
      0.019734613428     0.00015719903462        0.15368559444      0.0033443112594    0.153692285762337  0.00600619290196644
      0.020177706922     0.00015993148633         0.1602731667      0.0034167878142    0.160281740005453  0.00541610936807151
       0.02061186743     0.00016262169732        0.17100579443      0.0035525634992    0.165465300551214  0.00490847745346937
      0.021059259083     0.00016540653623        0.17073016209      0.0035537884473    0.168628459508801  0.00444767621046283
      0.021489170283     0.00016809406952        0.17086757139      0.0035497180809    0.169232760996671   0.0040560393575067
      0.021940947339     0.00021434759213         0.1692637428      0.0026716588365    0.166950848744437  0.00369584873483473
      0.022809438424     0.00022268882966        0.16493713409      0.0025946367965    0.156189214973812  0.00310674272658859
      0.023677926785     0.00023152492749        0.15289596595      0.0024264399802    0.138585502452096   0.0026301648365161
      0.024563957741     0.00023977165934        0.10751506407       0.001771634727     0.11610901249937  0.00223608782043683
      0.025441211656     0.00024841709665       0.088303047982       0.001561088994   0.0921828685709155  0.00191710980420706
      0.026318465085     0.00025727095267       0.068349112281      0.0013286146911   0.0691287891500963  0.00165391857303721
      0.027195712694     0.00026526542577       0.049524514207      0.0011004025389   0.0489417125029637  0.00143501907642833
      0.028081730878     0.00027403269465       0.034293302921     0.00089206670517   0.0327381866633472  0.00124996222131174
      0.028958971718     0.00028296429757       0.018804220474     0.00058659298013   0.0212925093444012  0.00109556628810854
      0.029836209028     0.00029111479763       0.013705831285     0.00049383275271   0.0141499508726899 0.000964577085090167
      0.030713445318     0.00030012434974       0.010048379471     0.00041549791918   0.0105157503513411 0.000852816765617194
      0.031590675251     0.00030874335659       0.010111023927     0.00041146399441  0.00933115610573801  0.00075695317453504
      0.032467901335     0.00031689352918       0.010969321906     0.00042429264199  0.00951996420010135 0.000674308912673157
       0.03332758136     0.00032568473559      0.0098383634437     0.00036540716198   0.0101512746613872 0.000604097790970424
      0.034204799507     0.00033404300924       0.010851910149     0.00038047154869   0.0105997695872704 0.000541729129952445
      0.035090787068     0.00034280985761       0.010917955803     0.00037558170666   0.0104724997967913 0.000486755201347582
      0.035967996729     0.00035132425919      0.0098426088646     0.00035303089459   0.0096587647764419 0.000439077524402433
      0.036836431128     0.00035961236078      0.0084111982931     0.00032236632455  0.00826813623136786 0.000397549200306498
      0.037722405411     0.00036840492659      0.0057966679994     0.00024818375104  0.00647456348461988 0.000360162769947234
      0.038599601604     0.00037697116591      0.0038792333272     0.00020073374987   0.0046025115037079 0.000327408146792402
      0.039485566449     0.00038539915318      0.0025842110391     0.00016161373813  0.00287528320349041 0.000298046866020734
      0.040353982388     0.00039431172731      0.0017345313562     0.00013042738943  0.00153116737546036 0.000272419560626017
      0.041239934792     0.00040263527116     0.00064574131373     8.0171699803e-05 0.000612346268507128 0.000249072081999836
      0.042108340889     0.00041131333225     0.00023416108467     4.6696911305e-05 0.000156566742355435 0.000228581012019365
      0.042985515111     0.00042006142086     0.00015610114762     3.8210426241e-05 6.92989434077494e-05   0.0002099974720982
      0.043866209055      0.0004280720557     0.00025480721667     2.1302382721e-05 0.000235155758134119 0.000193211200162202
      0.044735457301     0.00043688417251     0.00051173089549      3.261978336e-05 0.000514821540246927 0.000178268812336388
      0.045612620416     0.00044544968185     0.00078277188085     3.9724786217e-05 0.000794766453404358 0.000164638045864368
      0.046489763366     0.00045380677604     0.00093441709267     4.0937920787e-05 0.000987571431977068 0.000152294239861973
      0.047366915585      0.0004626844313      0.0010145532947     4.2196659438e-05  0.00105141634810895 0.000141094762756617
       0.04824844089     0.00047132363435     0.00096160097525     4.0784638105e-05 0.000985511975027832  0.00013086436735859
       0.04912119229     0.00047960632295     0.00086465326153     3.8348221521e-05 0.000823171275956841 0.000121641002922351
      0.050011468368     0.00048852355243     0.00068963043601     3.4014001444e-05 0.000609151112579286 0.000113060039014177
      0.050879816289     0.00049678399101     0.00036017012694     2.3287691287e-05 0.000407000587221145 0.000105412153576153
      0.051761322925       0.000505422741     0.00024880926448     1.9343909614e-05 0.000254281769435768 9.83046542998363e-05
      0.052638450221     0.00051429985912     0.00019947610649     1.7251630699e-05 0.000184281531048957  9.1821455133965e-05
      0.053515512709     0.00052247371234     0.00022799455419     1.8200968138e-05 0.000205833371283373 8.58686807090074e-05
      0.054392614543      0.0005312981476     0.00034808421059     2.2157159558e-05 0.000310032372058331 8.03945587838427e-05
      0.055269714896     0.00053973220977     0.00052927154891     2.5849477114e-05 0.000473422336866952 7.53533985263085e-05
      0.056146810558      0.0005480620818     0.00068824838884     2.9249240014e-05 0.000664335059719813 7.07046127006551e-05
      0.057019490052     0.00055704650816     0.00089515830071      3.308099682e-05 0.000848440447518773 6.64331476159976e-05
      0.057896529632     0.00056527167281      0.0010591260595     3.5810883106e-05 0.000998350040350279 6.24634177244807e-05
      0.058773635908     0.00057404378496      0.0012324090159     3.8517399444e-05  0.00109192208060636 5.87884547595221e-05
      0.059650704635     0.00058280249683      0.0011456778657     3.5577749008e-05  0.00111851060100713 5.53826489355003e-05
      0.060527730232     0.00059098838396      0.0011764075893     3.5885425852e-05  0.00107835204083672 5.22224536621545e-05
      0.061395988252     0.00059971579702      0.0010522867485     3.3699316235e-05 0.000982166467202043 4.93154874037066e-05
      0.062277413246     0.00060817074088     0.00092151015127     3.1355730135e-05 0.000843667558609906 4.65707652613784e-05
      0.063154441007     0.00061649948696     0.00072590486596     2.7639608255e-05 0.000685208733077378 4.40287450754324e-05
      0.064035837499     0.00062547460148     0.00051347313404     2.2215963887e-05 0.000525788367238371  4.1648542883288e-05
      0.064904074592     0.00063391515377      0.0003680230663     1.8721246415e-05 0.000386052916711665  3.9461097933318e-05
      0.065785465608     0.00064249966754     0.00026310394387      1.577293957e-05  0.00027449472898574 3.73875176876208e-05
      0.066666839476     0.00065113598309     0.00020685113679     1.3954871944e-05 0.000199945958320341 3.54501501806602e-05
      0.067543824032     0.00065933380044     0.00015530768455     1.2103251412e-05 0.000162608564110276 3.36471323725109e-05
      0.068420800357     0.00066805191461     0.00017131597787     1.2209214409e-05 0.000156591672168892 3.19591071192803e-05
      0.069297773573     0.00067697826677     0.00017203442999     1.2184781878e-05 0.000172482574991272 3.03773002581543e-05
      0.070176918396     0.00068524504903     0.00022387809706     9.7761542625e-06 0.000199081384849526 2.88901103703416e-05
      0.071047306796      0.0006939492943      0.0002544271925     1.4553728034e-05   0.0002250434663751 2.75078681785397e-05
      0.071924246884     0.00070217226995     0.00027433460766     1.5045278639e-05 0.000241906631067354 2.61993393377713e-05
      0.072801166802     0.00071088955868      0.0002729852195     1.4499541991e-05 0.000243764076739626 2.49692674708172e-05
      0.073682480629     0.00071968075089     0.00025785787722     1.3842257576e-05 0.000228703179277421 2.38062131676916e-05
      0.074555022652     0.00072793339475       0.000240579486     1.3446967183e-05 0.000198873920261778 2.27220076444108e-05
      0.075431933784     0.00073649408099     0.00016637946129     1.1184237397e-05 0.000158581899221483 2.16952130347592e-05
      0.076313209758     0.00074559714996     9.5300275892e-05     8.5189387573e-06 0.000114006860680719 2.07223785891852e-05
        0.0771944892     0.00075363283361      6.867740908e-05     7.0072603399e-06 7.19366842284495e-05  1.9804622948139e-05
      0.078071374206     0.00076245321781     3.6632016619e-05     5.2821378659e-06 3.81183811630595e-05 1.89425512514743e-05
       0.07894384588     0.00077106919245     2.3021967803e-05      4.343532116e-06 1.60120526901586e-05 1.81320428680799e-05
      0.079820710718     0.00077921262551     1.3468133092e-05     3.5184201106e-06 6.62966669042063e-06 1.73617865276835e-05
      0.080697560604     0.00078808443737     2.2245499774e-05     4.1865563184e-06 9.06235616737852e-06 1.66331397621242e-05
      0.081574400657     0.00079656569431     2.4208369277e-05     4.1302985426e-06  2.0390171328944e-05 1.59433849792587e-05
      0.082451230771     0.00080512491044     5.7235652434e-05     5.9878376595e-06 3.66204185768775e-05 1.52900732879995e-05
      0.083328050838     0.00081384006398     5.9788481589e-05     6.0819531944e-06 5.35296669498044e-05 1.46709181482885e-05
      0.084204860752     0.00082211262019     7.2997741246e-05     6.6546305754e-06 6.74785358679228e-05 1.40837777990908e-05
      0.085081665632     0.00083087938932     8.8135155096e-05     7.2383178454e-06 7.60030182510988e-05 1.35267075254568e-05
      0.085962849115     0.00083961600471     7.9706106921e-05      6.692427931e-06 7.81348223309969e-05 1.29952724877811e-05
      0.086835233731     0.00084796999644     6.5938970325e-05     6.1083868837e-06 7.44080284369112e-05 1.24955131832904e-05
      0.087707600961     0.00085671411608     6.6912274878e-05     6.1183561122e-06 6.65754087496669e-05 1.20204764378217e-05
      0.088584357408     0.00086498563599       5.82564353e-05     5.6998776564e-06 5.70236107124371e-05 1.15664533304036e-05
      0.089465517328     0.00087356536711     4.3920977921e-05       4.95861459e-06 4.83972536237673e-05 1.11324118006338e-05
      0.090346631345     0.00088227476591     3.2107728506e-05     4.1321866589e-06 4.30824813143256e-05 1.07194062760359e-05
      0.091218940428     0.00089040625657     4.2824634317e-05     4.6790617978e-06 4.26195724095099e-05  1.0330029556497e-05
       0.09209567241     0.00089931476719     3.1711823817e-05     4.0532474086e-06 4.75183023663231e-05 9.95715603733968e-06
      0.092972396898     0.00090800175337     5.1277720685e-05     5.0481406366e-06 5.72995532533077e-05 9.60174056812977e-06
      0.093849058561     0.00091621986952      6.822820106e-05     5.7696284361e-06 7.05906125421247e-05 9.26282646807256e-06
      0.094725777149     0.00092514061593     7.6016815825e-05     5.8925209099e-06  8.5428861075874e-05 8.93948178857695e-06
      0.095602404582     0.00093367040114     9.4681391096e-05     6.5362033678e-06 9.96138813101631e-05 8.63088796713215e-06
      0.096479093013     0.00094191421309     0.00010273653453     6.7870304795e-06 0.000111100333319255 8.33619271519456e-06
      0.097355717108     0.00095083400682     9.6630388757e-05     6.5469493489e-06 0.000118290128392367 8.05472932295073e-06
      0.098236738141     0.00095915115015     0.00011467310537      7.092056533e-06 0.000120305707864628 7.78438723087735e-06
      0.099108987995     0.00096758036921     0.00010228948945     6.5341357087e-06 0.000117020796974592 7.52849568183935e-06
      0.099985596882     0.00097621335137      0.0001068847254     6.6603304514e-06 0.000109034263846974 7.28249816961336e-06
       0.10086219359     0.00098463800973     9.0812081726e-05     6.1141821749e-06 9.75436869539583e-05 7.04711862182084e-06
       0.10173439628     0.00099337860324     8.1197717047e-05     5.7703577502e-06 8.41604013706368e-05 6.82292011141064e-06
       0.10261535002      0.0010020327787     7.1882384762e-05     5.4229221945e-06 7.03106690631317e-05 6.60607662003961e-06
       0.10348315299      0.0010102827638     5.2587759463e-05     4.5435544323e-06 5.77900717270019e-05 6.40143146372226e-06
       0.10436846689      0.0010193226877     4.1957588996e-05     4.0651454688e-06 4.72904282980983e-05 6.20137182498077e-06
       0.10524500108      0.0010275119373     3.6314975108e-05     3.8042514245e-06 3.97799731175665e-05 6.01151855774028e-06
       0.10612152244       0.001036299283     3.4990761788e-05     3.7175893598e-06 3.52520090482802e-05 5.82946112830807e-06
       0.10699803087      0.0010447742712     2.3933068182e-05     3.1048200193e-06 3.33384901977825e-05  5.6548095748681e-06
       0.10787452627      0.0010529628425     3.2292791476e-05     3.5372064965e-06 3.33262439273071e-05 5.48720581613038e-06
       0.10875100852      0.0010618014204     2.8121155687e-05     3.3027541566e-06  3.4314632027236e-05 5.32631794415766e-06
       0.10961871143      0.0010705438508     2.9163576217e-05     3.1984370331e-06  3.5376813114303e-05 5.17333577772915e-06
       0.11049516721      0.0010786796366     2.5854765273e-05     3.0244135614e-06 3.57640455078269e-05 5.02486468758687e-06
       0.11137597868      0.0010876174547     2.8445279344e-05     3.1475299675e-06 3.49274721194258e-05 4.88150710991269e-06
       0.11225241396      0.0010959608065     2.5789509905e-05     3.0016777236e-06 3.26582108841366e-05  4.7444008983656e-06
         0.113124448      0.0011044900833     2.1783675264e-05     2.7784729619e-06 2.90639212380837e-05 4.61322082612228e-06
       0.11400522721      0.0011132970159     1.9146190679e-05     2.6224934679e-06 2.44251148800133e-05 4.48578803026178e-06
       0.11488161785      0.0011217956454     1.2161666379e-05     2.1558287629e-06 1.93108189884656e-05 4.36380254531372e-06
       0.11575800773      0.0011301640627     1.4800696029e-05     2.3212021887e-06 1.42603082484418e-05 4.24640224145896e-06
       0.11663435743      0.0011386881622     7.6021423197e-06     1.7785451192e-06 9.78571327855945e-06  4.1333905600598e-06
       0.11751070221      0.0011470559409     2.9399182889e-06     1.3142018246e-06 6.26617900165073e-06 4.02456501449654e-06
       0.11838702796      0.0011560475719     3.7497061212e-06     1.4057375658e-06  3.9006612130472e-06 3.91974659393384e-06
       0.11926335713      0.0011642848857     1.7134351399e-06     1.1096978514e-06 2.69051145750894e-06 3.81874940925684e-06
       0.12014404353      0.0011729858762    -3.4259103256e-08     8.8696714753e-07 2.47256041680103e-06 3.72093978084342e-06
       0.12102033055      0.0011818335353     7.1896472254e-07     1.0215017443e-06  2.9636180553601e-06 3.62713514121106e-06
       0.12190097462      0.0011900528909     3.3360923461e-06     1.3481561307e-06 3.82606814113591e-06 3.53622765665717e-06
       0.12277286025      0.0011987091156      2.695664827e-06     1.3106664021e-06  4.7288095913816e-06 3.44941787969764e-06
       0.12364910271      0.0012074651326     3.1187254826e-06     1.3305308508e-06  5.4400740814692e-06 3.36523866081929e-06
        0.1245253301      0.0012154406501     5.7168960522e-06     1.5590662391e-06 5.82078458647725e-06 3.28400000342912e-06
       0.12540154233      0.0012244299843     2.4316228924e-06     1.2370279333e-06 5.85736929790716e-06 3.20558691078687e-06
       0.12627774972      0.0012330289389     2.3260442178e-06     1.2191838033e-06 5.64792361075453e-06   3.129875548524e-06
       0.12715393127      0.0012411597522     5.3941584519e-06     1.5144930618e-06 5.36712394280238e-06 3.05675610900759e-06
       0.12803009734      0.0012499400347     4.1697546951e-06       1.33499273e-06 5.22359222526427e-06  2.9861265024526e-06
        0.1289062478      0.0012584081434     6.4811185529e-06     1.5374388469e-06   5.412195413089e-06 2.91788172982109e-06
       0.12978238256      0.0012670578817     6.3554820116e-06     1.5390224581e-06 6.07393803541365e-06 2.85192777843636e-06
        0.1306585015      0.0012757334285     9.3026584575e-06     1.7642049112e-06 7.26733227613219e-06 2.78817216976919e-06
       0.13153020086      0.0012839966122     9.8516214807e-06     1.8130310876e-06 8.94811106092253e-06 2.72683131670233e-06
       0.13240630373      0.0012927494736      1.377023955e-05     2.0380219867e-06  1.1013989514246e-05 2.66720377830659e-06
       0.13328677072      0.0013011341356      1.415720526e-05     2.0423164012e-06 1.32840429149779e-05  2.6092402515716e-06
       0.13416719928      0.0013095963118     1.7250266337e-05     2.2000325559e-06 1.55290257055209e-05 2.55316848213836e-06
       0.13503885527      0.0013184302045     2.1510943897e-05     2.4037523493e-06 1.75146899357927e-05 2.49944599926223e-06
         0.135919265      0.0013266319395     2.0495976448e-05     2.3485961756e-06 1.91053401714792e-05 2.44691993815135e-06
       0.13678650537      0.0013353652684     2.1628083327e-05     2.3089129484e-06  2.0152523113107e-05 2.39682336566254e-06
       0.13767125569      0.0013441079954     1.9077182359e-05     2.1825221029e-06 2.06528622861651e-05 2.34733209592603e-06
       0.13853846396      0.0013523209732      1.583604036e-05     2.0195749869e-06 2.06252276831986e-05  2.3003433851483e-06
       0.13942317789      0.0013608811979     1.9755283686e-05     2.2177319475e-06  2.0171938510198e-05 2.25390498308577e-06
       0.14029035344      0.0013697431238     1.5909916145e-05     2.0331634522e-06 1.94537243754037e-05 2.20979950350691e-06
       0.14117066694      0.0013779169793     1.5141336983e-05     1.9746445489e-06 1.86082668738706e-05 2.16640135175514e-06
       0.14204657059      0.0013867181269     1.2807441586e-05     1.8291237702e-06   1.779920145389e-05 2.12454913307191e-06
       0.14291806912      0.0013952891807     1.8138729608e-05     2.0995906092e-06 1.71396588109704e-05 2.08417053688458e-06
       0.14379832587      0.0014034360913     1.5585650836e-05     1.9556584131e-06 1.66859914311991e-05 2.04462166405247e-06
       0.14466978606      0.0014122661853     1.8164597634e-05     2.0783789822e-06   1.645802030573e-05 2.00667012217526e-06
       0.14554125135      0.0014206025515     1.9413454653e-05     2.0432455432e-06 1.64077585650024e-05 1.96980413518574e-06
       0.14642144031      0.0014294758922     1.9117707541e-05     2.0255858648e-06 1.64567334910903e-05 1.93369681584883e-06
       0.14729724914      0.0014379633217     2.2867637903e-05     2.1875197701e-06 1.65008298518469e-05 1.89883262064098e-06
       0.14817302457      0.0014462423955     1.7373586309e-05     1.9442575366e-06  1.6433377174465e-05 1.86499348595359e-06
       0.14904880499      0.0014549889043     1.8907371524e-05     2.0160014808e-06 1.61622179562218e-05 1.83214331528404e-06
       0.14992453295      0.0014635271816      1.435673007e-05     1.7764807757e-06 1.56249447847329e-05 1.80024823542597e-06
       0.15080027686      0.0014717014669     1.5502232367e-05     1.8185235892e-06 1.47964908633989e-05 1.76927284061248e-06
       0.15167597033      0.0014806286109     1.2404456357e-05     1.6361299319e-06 1.36903450043979e-05  1.7391892035123e-06
       0.15255167908      0.0014888801772     1.1575675263e-05     1.5753713258e-06 1.23558163968966e-05 1.70996238607002e-06
       0.15342733417      0.0014975728232      1.297086366e-05     1.5851055634e-06 1.08664271895142e-05 1.68156704430051e-06
       0.15430299438       0.001506317189     6.0950879216e-06     1.1498576018e-06 9.30917229256786e-06 1.65397281351616e-06
       0.15517424142      0.0015144158518      7.828625164e-06     1.2585567339e-06 7.77854464269421e-06 1.62728467058553e-06
       0.15605861303      0.0015232810222     3.7348594209e-06     9.4224514082e-07 6.32126601695451e-06 1.60095342729824e-06
       0.15692545062      0.0015319285526     3.4878883417e-06     9.1159371346e-07 5.04327362343391e-06 1.57585932007653e-06
       0.15780978372      0.0015401436488     3.7397341946e-06     9.3013060146e-07 3.92696182833017e-06 1.55096462959688e-06
       0.15867659378      0.0015489462942     1.8775334358e-06     7.4070561322e-07 3.02777160615004e-06 1.52723310934768e-06
       0.15956088793       0.001557394552     2.1553331388e-06     7.6820230074e-07 2.30065115671518e-06 1.50368316173279e-06
       0.16042764917      0.0015658066905     2.5838374757e-06     8.1045711299e-07 1.75387257203385e-06 1.48122598239389e-06
       0.16131190394      0.0015745139466     3.1669515952e-06     8.6599402639e-07 1.33842650262819e-06 1.45893454785844e-06
       0.16217862636      0.0015827436382     2.4722162808e-06     8.0271954828e-07 1.04565678044007e-06 1.43767032169011e-06
       0.16306284132      0.0015913461517     4.0963765972e-06     9.2356133632e-07 8.44885410174918e-07 1.41655713466825e-06
       0.16393828026      0.0016001902157     4.3319067784e-06     9.4643929819e-07 7.34157623729578e-07 1.39621099567527e-06
       0.16480932084      0.0016085185362     5.1789729962e-06     1.0182837939e-06 7.11251426337711e-07 1.37649990901155e-06
        0.1656847334      0.0016172839645     4.5273614564e-06     9.7795813031e-07 7.84120474662396e-07 1.35720937571538e-06
       0.16656009689      0.0016256852721     5.7678794607e-06     1.0773887857e-06 9.64881777560562e-07 1.33842378290269e-06
       0.16743983521      0.0016340043445     5.5288204751e-06     1.0532367947e-06 1.26657045521427e-06 1.32003618418188e-06
       0.16831079114      0.0016427724159     7.2339837103e-06     1.1628488791e-06 1.69003207848326e-06 1.30230333893697e-06
        0.1691904907      0.0016510129063     1.0956306726e-05     1.3769625694e-06 2.24143220321941e-06 1.28485336076778e-06
       0.17006141529      0.0016598841694     1.1166892432e-05     1.3880953312e-06 2.89639907900437e-06 1.26802093254431e-06
       0.17094107416      0.0016685651752     1.1608728507e-05     1.3626864088e-06 3.64528729939686e-06 1.25144977041138e-06
       0.17181193986      0.0016765789206      1.138287546e-05     1.3525453016e-06 4.44155913538561e-06 1.23546314866762e-06
       0.17269594438      0.0016853588396     1.2221908818e-05     1.3980818612e-06 5.26843745406695e-06 1.21964494936309e-06
       0.17356677722       0.001694072688     1.6594915112e-05      1.601207473e-06 6.06269122595811e-06 1.20446200869881e-06
       0.17444196942       0.001702184919     1.2386653095e-05     1.4158746588e-06 6.80591153499514e-06 1.18958413004921e-06
       0.17531211853      0.0017110765743     1.4045788535e-05     8.4871096611e-07 7.46245065743667e-06  1.1751668071653e-06
        0.1770604224      0.0017278863705     1.2092297094e-05     9.0386939557e-07 8.47218298572169e-06 1.14725018725262e-06
       0.17880534078      0.0017447817003     1.1334370051e-05     8.5918733381e-07 9.04857272151893e-06 1.12071222637099e-06
       0.18055546676      0.0017622885409     9.1396423554e-06     7.4904958064e-07 9.25109207672989e-06    1.09535788619e-06
       0.18230898263      0.0017792867892     1.0042324503e-05     7.7155551537e-07 9.16727167624689e-06 1.07115787003262e-06
       0.18405891386       0.001796151562     1.1032125565e-05     8.0423050736e-07 8.85580370522225e-06 1.04814207747962e-06
       0.18581400495      0.0018129891682     1.3078759763e-05     8.6056592355e-07 8.31887083138968e-06 1.02613372002013e-06
       0.18756374912      0.0018305149635     1.3059264832e-05     8.5887032376e-07 7.53725013637663e-06 1.00520518440841e-06
       0.18931342344       0.001847462694     1.1852615371e-05     8.0314224201e-07 6.51166156346241e-06 9.85232661367666e-07
        0.1910629934      0.0018641650831     9.4561670703e-06     7.4014351049e-07 5.30346425597051e-06  9.6616481946369e-07
       0.19281245635      0.0018814361358     8.0741230978e-06     7.1072314169e-07 4.03264030259782e-06 9.47953105044329e-07
       0.19456184698       0.001898415041      6.958100236e-06     6.5837690947e-07 2.84435610739026e-06 9.30552731160848e-07
       0.19631111238      0.0019154024331     5.2823742494e-06     5.8877939741e-07 1.86366093053487e-06 9.13918518271729e-07
        0.1980603051      0.0019323776218     3.7014941594e-06     5.0842431629e-07 1.16622228277079e-06 8.98011043040268e-07
        0.1998128921      0.0019493787956     2.4673170806e-06     4.5993030928e-07  7.7231428837358e-07 8.82762966420944e-07
       0.20156013411      0.0019667615587     2.5724965624e-06     4.7845947692e-07 6.64771237385622e-07 8.68213944860224e-07
       0.20331078161      0.0019835117345     2.3208065263e-06     4.4607021841e-07 8.04961880854204e-07 8.54256245038892e-07
       0.20506131777      0.0020003637036     3.0271519458e-06     4.6418660178e-07 1.15019491923572e-06 8.40888509475494e-07
       0.20681033739       0.002017699106     3.8624017174e-06     5.1966194879e-07 1.65199020445536e-06 8.28091217903532e-07
       0.20855905986      0.0020347984658     4.3650327246e-06     5.5417941567e-07 2.25237319638576e-06 8.15826541688413e-07
       0.21030099519      0.0020518883714     5.2708818245e-06     5.9723173615e-07 2.87843581749168e-06  8.0411096369455e-07
       0.21204938592      0.0020685422974     6.1080945233e-06     6.2107102095e-07  3.4581336261351e-06 7.92830501812936e-07
       0.21379766704      0.0020855054712      7.299565557e-06     6.6054335542e-07 3.91900524277156e-06 7.82007054509797e-07
       0.21554585238      0.0021028812237      6.463603627e-06     6.1360861948e-07 4.21221996345664e-06 7.71618501873394e-07
       0.21730048151      0.0021197952489     5.9164677555e-06     5.9049559775e-07 4.31838603807671e-06 7.61607176176155e-07
       0.21904191134      0.0021365640701     5.5108659335e-06     5.8529396883e-07 4.24543966715986e-06 7.52063405333189e-07
       0.22078758864      0.0021540912869     5.0903167113e-06     5.5701795028e-07 4.02088102821892e-06 7.42870363445746e-07
       0.22254189389      0.0021708046384      4.288875822e-06     5.1628452468e-07 3.67792960476857e-06 7.33991144236107e-07
       0.22428299409        0.00218772291     3.2697267756e-06     4.5257046322e-07 3.25658703266947e-06 7.25518566343629e-07
       0.22603052534      0.0022045938386     3.1743466829e-06     4.5076495052e-07 2.78583266055743e-06 7.17339472128601e-07
       0.22777796412      0.0022217995651     2.4464480981e-06     4.2245183601e-07 2.29905807470749e-06 7.09471457061451e-07
       0.22953182797      0.0022388545022     2.6889531076e-06     4.2396714394e-07  1.8263357096289e-06 7.01872551668261e-07
       0.23127905473      0.0022556415719     1.7026584624e-06     3.6741612512e-07 1.40186980803331e-06 6.94585861945646e-07
       0.23302614793      0.0022725818536     1.9672750501e-06     3.7282666016e-07 1.04994910378174e-06 6.87570220241686e-07
       0.23477312757      0.0022898564199     1.9338074732e-06     3.7619606773e-07 7.87986414180167e-07 6.80813499266625e-07
       0.23651999278      0.0023067923006     1.9414213981e-06     3.8654832078e-07  6.2203535061768e-07  6.7430419661239e-07
       0.23826674271      0.0023235704627     1.7776499222e-06     3.6627603202e-07 5.47093947845845e-07 6.68031532473297e-07
       0.24001337651      0.0023404372054     7.5218040863e-07     2.9886799242e-07 5.49803756295979e-07 6.61985316511762e-07
       0.24175989333      0.0023578775554     1.9621458778e-06     3.5488640197e-07 6.12430698732552e-07 6.56156427301188e-07
       0.24350629233      0.0023746685044     1.1811809556e-06     3.1521925709e-07 7.15765604213732e-07 6.50534330532259e-07
       0.24525475461       0.002391448701     8.8682545842e-07     3.0810495974e-07 8.42292826506213e-07 6.45104188871664e-07
       0.24699873341      0.0024085413702     1.2198337902e-06     3.1895790398e-07 9.75575536262065e-07 6.39877654393931e-07
       0.24874696114      0.0024255756899     2.0458157706e-06      3.605673171e-07 1.10253390676313e-06 6.34820519292748e-07
       0.25049287538      0.0024423124231     1.6177344139e-06     3.3691875666e-07 1.21157829993046e-06 6.29944503662885e-07
       0.25223213928      0.0024591820843      2.166304983e-06     3.7116116356e-07 1.29478952774311e-06 6.25253321915739e-07
       0.25397781528      0.0024766771087     1.3333936784e-06     3.4331574977e-07 1.34884061268704e-06 6.20704953051987e-07
       0.25572335279        0.00249338082     1.7596750192e-06     3.5104320599e-07 1.37334934583262e-06 6.16310649289046e-07
       0.25746879104       0.002510133932     1.9777307004e-06     3.5385121699e-07  1.3713898232845e-06 6.12064178972389e-07
       0.25921409329      0.0025271174513     1.0392528284e-06      2.947421252e-07 1.34783131568517e-06 6.07959712512608e-07
        0.2609592471      0.0025442532967      1.411548994e-06     3.1440898456e-07 1.30784093389773e-06 6.03991606838511e-07
        0.2627043182      0.0025612965453     1.4242017217e-06     3.2477873104e-07 1.25578821397544e-06  6.0015428248361e-07
       0.26445360048      0.0025782555565     1.0514680961e-06     2.9445821444e-07 1.19466890970438e-06 5.96433615847989e-07
       0.26619185069      0.0025948087952     8.1445134152e-07     2.7505504655e-07  1.1271802310365e-06 5.92856391586752e-07
        0.2679365091      0.0026120124777     9.9666983797e-07     2.7811236774e-07 1.05424538064757e-06 5.89381706276118e-07
       0.26968104257      0.0026291618622     7.0561900798e-07     2.6615129624e-07 9.77625207910024e-07 5.86018664956018e-07
       0.27142543978       0.002645792066     9.3967650863e-07     2.8909083589e-07 8.99054236980677e-07 5.82762957889127e-07
       0.27317624336      0.0026628139396     4.3717382343e-07     2.4869889721e-07 8.20286158493931e-07 5.79598943875936e-07
       0.27492039669      0.0026797750762     9.6168883092e-08     2.1964151636e-07 7.44272714056865e-07 5.76546230554582e-07
       0.27666439525      0.0026967331907     4.7047905041e-07     2.3764875193e-07 6.73388888335145e-07 5.73589177794213e-07
       0.27840825896      0.0027134567033     2.8368527041e-07     2.3091138026e-07 6.10612231842302e-07  5.7072416713537e-07
       0.28015198698       0.002730487146     3.9647386392e-07     2.4855475421e-07 5.59181513784957e-07 5.67947797165225e-07
       0.28189557845       0.002747773366     1.7008162064e-07     2.2377483315e-07 5.22381976200478e-07 5.65256786661033e-07
       0.28363903253      0.0027644112978      2.022071843e-07     2.2047854124e-07 5.03158137162554e-07 5.62647949427768e-07
       0.28538234838      0.0027772293468     4.1557853713e-07     4.4109690379e-07  5.0360326455432e-07 5.60118082779102e-07
        0.2871342525       0.002785955991     5.0622732552e-07     4.5729479648e-07 5.24756641429817e-07 5.57652240853126e-07
       0.28886856193      0.0027946205108     4.9189992637e-07     4.6458231098e-07 5.65536376945236e-07 5.55284167612653e-07
       0.29061145795      0.0028033532696       7.32984385e-07     4.9157619301e-07 6.23991578851719e-07 5.52975026566678e-07
       0.29236293759      0.0028121543892    -1.8562119354e-07      3.665084816e-07 6.96297454588834e-07 5.50723333010457e-07
       0.29410554876      0.0028209359323     8.6183927873e-07     5.0411689893e-07 7.76328816060761e-07 5.48549228084919e-07
       0.29584801659      0.0028297414413     6.3688274652e-07     4.7571395108e-07 8.58108040905326e-07 5.46438624290241e-07
       0.29759034023      0.0028385706761     1.3310420913e-06     5.5150678059e-07 9.35026036181498e-07 5.44389497734709e-07
       0.29933251882      0.0028474233987      1.820608134e-07     4.1325287327e-07 1.00067560296441e-06 5.42399707905458e-07
       0.30107455152      0.0028562993737     1.9405410969e-07     4.1340158346e-07 1.04945908787622e-06 5.40467211776939e-07
       0.30281643749      0.0028651983678     -6.069653557e-07     2.7890987914e-07 1.07713084761867e-06 5.38590026054115e-07
       0.30455817587      0.0028741201498     2.0609665839e-07      4.121644162e-07 1.08123445431495e-06 5.36766266127858e-07
        0.3062997658      0.0028830644908     1.0217523344e-07     3.9539339252e-07 1.06137358013881e-06 5.34994115096272e-07
       0.30803250855      0.0028919863218     4.5070887625e-07     4.4163616232e-07 1.01953447501017e-06 5.33280312788518e-07
       0.30977379982      0.0029009749933    -1.1779836967e-07     3.5930856216e-07 9.58959682585453e-07 5.31605982847183e-07
       0.31152365726      0.0029100307202     1.1604563252e-07     3.9289849611e-07 8.84672649818046e-07 5.29970209835698e-07
       0.31325592857      0.0029190177763     2.4233176794e-07     4.0911896086e-07 8.04168688832196e-07 5.28395529817826e-07
       0.31500547997      0.0029281168331     7.0319668918e-07     4.6890186687e-07 7.22631165145469e-07 5.26848775322211e-07
       0.31673744661      0.0029371463556     3.6523717328e-07     4.2437838222e-07 6.48205120068391e-07 5.25359322903527e-07
       0.31848668857      0.0029462878743      2.562148894e-07     4.0840071064e-07 5.85212829651377e-07 5.23895831028118e-07
        0.3202183679       0.002955359121     2.6851170359e-07     4.0875290304e-07 5.39382485119824e-07 5.22486115277079e-07
       0.32196727626      0.0029645421416     3.8304191928e-07     4.2300773983e-07 5.12680239323732e-07  5.2110057523968e-07
       0.32369864417      0.0029736541698     2.7321372934e-07     4.0747292839e-07 5.06667301810092e-07 5.19765526801435e-07
       0.32544723627      0.0029828779661     5.5911930245e-08     3.7547558703e-07 5.20408059254503e-07  5.1845299241139e-07
       0.32717828936      0.0029920299576    -2.8543928053e-07     3.1728735246e-07 5.51142382573209e-07 5.17187913990468e-07
       0.32892656179      0.0030012937113     1.0883757795e-06     5.0638700114e-07 5.95573926481013e-07  5.1594380845188e-07
       0.33066600524      0.0030105311618     5.3014697532e-07     4.3927218522e-07 6.48275753127048e-07 5.14738388164301e-07
       0.33239655907      0.0030197414888     7.3393616189e-08     3.7402926865e-07  7.0383168742052e-07 5.13570205763782e-07
       0.33414436634      0.0030290637901      5.475778395e-07     4.4038825102e-07 7.57775345378634e-07 5.12420874032616e-07
       0.33587459693      0.0030383121039      2.161319657e-06     6.1667381978e-07  8.0425077549019e-07 5.11312337230002e-07
         0.337622076      0.0030476723868    -1.7063882852e-08     3.5649958019e-07 8.40231796639689e-07 5.10221392872925e-07
        0.3393520007      0.0030569580353     7.9561096615e-07     4.6943182323e-07 8.62244468383844e-07 5.09168875302862e-07
       0.34109912745       0.003066355425     5.6961877687e-07     4.4020070746e-07 8.69265032969077e-07 5.08132799598224e-07
       0.34282872217      0.0030756775489    -2.2706882625e-07     3.1881148889e-07 8.61047458119017e-07 5.07132939013714e-07
       0.34456683269      0.0030850644764     1.0826352333e-08     3.5939294859e-07 8.38732767949226e-07 5.06153274867621e-07
       0.34629607417      0.0030944221416     1.3175432396e-07     3.7746851791e-07 8.04744180101008e-07 5.05202829462813e-07
       0.34805122861      0.0031039388683      7.058489677e-07     4.5540967899e-07 7.61289497628921e-07 5.04262147649642e-07
       0.34978015324      0.0031133317568     2.5763506926e-07     3.9583502586e-07 7.13163571192575e-07 5.03358415721831e-07
       0.35151758693      0.0031227890865     7.2448669044e-07     4.5815441763e-07 6.63149833595454e-07  5.0247249253708e-07
        0.3532548493      0.0031322635741      1.490316556e-07     3.7935516877e-07 6.14998656979794e-07 5.01608281523248e-07
       0.35499193949      0.0031417550458     2.7731321536e-07     3.9759757523e-07 5.71810078973166e-07 5.00765173549929e-07
       0.35672885666      0.0031512633297     2.7793962649e-07      3.976217034e-07 5.36054219956299e-07 4.99942528066293e-07
       0.35846559997      0.0031607882558     6.3419119207e-07     4.4639118575e-07 5.09438697479003e-07 4.99139771745823e-07
       0.36020216857      0.0031703296554     3.9712879121e-07     4.1529575121e-07 4.92846038736892e-07 4.98356300365679e-07
       0.36193856161      0.0031798873618     1.4297597026e-06      5.386771611e-07  4.8634741312777e-07 4.97591594040328e-07
        0.3636661272      0.0031894134642    -7.2487166244e-08     3.4285658652e-07 4.89235045463572e-07 4.96848764058909e-07
       0.36541081763      0.0031990510362     4.9881287014e-07      4.282035433e-07 5.00325828512403e-07 4.96116292875428e-07
       0.36713802965      0.0032086087753     3.1131914583e-08     3.5918700613e-07 5.17654658002254e-07 4.95408177247377e-07
       0.36888236127      0.0032182779772     4.8592884649e-07     4.2585198451e-07  5.3950269331565e-07 4.94709776612858e-07
       0.37060921635      0.0032278667152     2.0838869069e-08     3.5799626137e-07 5.63277475426009e-07 4.94034443275977e-07
       0.37235322712      0.0032375671395     1.3365920738e-07      3.760013187e-07 5.87308124387516e-07 4.93368210285026e-07
       0.37408836756      0.0032472344606     1.5056316613e-06     5.4697562714e-07 6.09282046626107e-07 4.92720671309233e-07
       0.37582332568      0.0032569168126     9.2611953179e-07     4.8225419853e-07 6.27668679346788e-07 4.92088056612939e-07
       0.37755810062      0.0032666140428     6.9491142301e-07     4.5501208653e-07 6.41191771669481e-07 4.91469565335409e-07
       0.37929269154      0.0032763260004     5.7233683238e-07     4.3917154291e-07 6.49006001432479e-07 4.90866001569709e-07
       0.38102709761      0.0032860525359     1.1393419646e-06     5.0852928594e-07 6.50749069649062e-07 4.90275728157797e-07
       0.38276131796      0.0032957935014     1.0122033842e-07     3.7364230132e-07 6.46458188824211e-07 4.89698805339471e-07
       0.38449535177      0.0033055487504     3.2909847809e-07     4.0793651122e-07 6.36589787469724e-07 4.89134873984248e-07
       0.38622919817      0.0033153181379     6.6733644196e-07     4.5286267116e-07 6.21949905387178e-07 4.88583583039397e-07
       0.38796285633      0.0033251015203     8.9433014974e-07     4.8180140438e-07   6.036216396313e-07 4.88044593644908e-07
       0.38969632541      0.0033348987554      4.230749973e-07     4.2198139365e-07 5.82881981277487e-07 4.87517577037238e-07
       0.39143828224      0.0033447588583     7.7871473311e-08     3.7410569631e-07 5.61002227773808e-07 4.86999665041559e-07
       0.39316269291      0.0033545342224     7.1172781711e-08     3.7363320683e-07 5.39701912360789e-07 4.86498200048478e-07
       0.39489558965      0.0033643721769    -1.6107484779e-07     3.3746119462e-07 5.19967452054262e-07 4.86005231200829e-07
       0.39662829393      0.0033742234295     6.6659111533e-08     3.7503487488e-07 5.03062514778109e-07 4.85523021483026e-07
       0.39836947873      0.0033841372669     6.0576635454e-08     3.7497174086e-07 4.89856828865259e-07 4.85048952390157e-07
       0.40009312169      0.0033939652891     2.8173587098e-07     4.0932839294e-07 4.81156857540217e-07 4.84589757444388e-07
        0.4018252435      0.0034038556297    -6.8090233991e-08     3.5822735625e-07 4.77118716028175e-07 4.84138166693371e-07
       0.40355716946      0.0034137587353     2.7436783243e-07     4.1029322339e-07  4.7778542584141e-07 4.83696260753823e-07
       0.40528889874      0.0034236744759     3.6383099591e-08     3.7645064496e-07 4.82819640283486e-07  4.8326379009609e-07
       0.40701180283      0.0034335532201     3.1359327438e-08     3.7807997766e-07 4.91521623243338e-07 4.82843119635943e-07
       0.40875176384      0.0034435433486     7.2025034319e-07     4.7249423372e-07 5.03119827285917e-07 4.82429374824918e-07
       0.41047427232      0.0034534466022    -2.0380716815e-07     3.4394318401e-07 5.16187971588913e-07   4.820357389931e-07
       0.41221383207      0.0034634612333    -3.2449326229e-07     3.2570813949e-07 5.29554266445387e-07 4.81665454205701e-07
       0.41393594158       0.003473388499    -2.2173327865e-07     3.4425791601e-07 5.41572154321696e-07 4.81341398906798e-07
       0.41567513792      0.0034834273735     4.7407360277e-07     4.4736431284e-07 5.51540530127473e-07 4.81070084658061e-07
       0.41740546674      0.0034934280256     1.1871410199e-07     4.0137479007e-07 5.59051245213076e-07 4.80859220078927e-07
       0.41912693025      0.0035033901595    -9.1912373165e-07     2.0742872649e-07 5.64431644330817e-07 4.80701599317175e-07
