#      z (A) rho (1e-6/A2) irho (1e-6/A2) rhoM (1e-6/A2) theta (degrees)
-10.00000000   2.14800000   0.00000000   0.00000000 270.00000000
  0.00000000   2.14800000   0.00000000   0.00000000 270.00000000
  0.00000000   3.00238203   0.00000000   0.00000000 270.00000000
  0.00000000   3.00238203   0.00000000   0.00000000 270.00000000
  0.00000000   3.00238203   0.00000000   0.00000000 270.00000000
 25.01706236   3.00238203   0.00000000   0.00000000 270.00000000
 25.01706236   9.34418578   0.00000000   1.86205994 270.00000000
134.48221350   9.34418578   0.00000000   1.86205994 270.00000000
134.48221350   5.91451970   0.00000000   0.00000000 270.00000000
182.07645575   5.91451970   0.00000000   0.00000000 270.00000000
182.07645575   5.85192670   0.00000000   0.00000000 270.00000000
183.07645575   5.85192670   0.00000000   0.00000000 270.00000000
183.07645575   5.43222125   0.00000000   0.00000000 270.00000000
184.07645575   5.43222125   0.00000000   0.00000000 270.00000000
184.07645575   4.79990881   0.00000000   0.00000000 270.00000000
185.07645575   4.79990881   0.00000000   0.00000000 270.00000000
185.07645575   4.17109214   0.00000000   0.00000000 270.00000000
186.07645575   4.17109214   0.00000000   0.00000000 270.00000000
186.07645575   3.76187400   0.00000000   0.00000000 270.00000000
187.07645575   3.76187400   0.00000000   0.00000000 270.00000000
187.07645575   3.69258172   0.00000000   0.00000000 270.00000000
188.07645575   3.69258172   0.00000000   0.00000000 270.00000000
188.07645575   3.66876402   0.00000000   0.00000000 270.00000000
189.07645575   3.66876402   0.00000000   0.00000000 270.00000000
189.07645575   3.64723593   0.00000000   0.00000000 270.00000000
190.07645575   3.64723593   0.00000000   0.00000000 270.00000000
190.07645575   3.62793741   0.00000000   0.00000000 270.00000000
191.07645575   3.62793741   0.00000000   0.00000000 270.00000000
191.07645575   3.61080840   0.00000000   0.00000000 270.00000000
192.07645575   3.61080840   0.00000000   0.00000000 270.00000000
192.07645575   3.59578886   0.00000000   0.00000000 270.00000000
193.07645575   3.59578886   0.00000000   0.00000000 270.00000000
193.07645575   3.58281874   0.00000000   0.00000000 270.00000000
194.07645575   3.58281874   0.00000000   0.00000000 270.00000000
194.07645575   3.57183800   0.00000000   0.00000000 270.00000000
195.07645575   3.57183800   0.00000000   0.00000000 270.00000000
195.07645575   3.56278657   0.00000000   0.00000000 270.00000000
196.07645575   3.56278657   0.00000000   0.00000000 270.00000000
196.07645575   3.55560442   0.00000000   0.00000000 270.00000000
197.07645575   3.55560442   0.00000000   0.00000000 270.00000000
197.07645575   3.55023149   0.00000000   0.00000000 270.00000000
198.07645575   3.55023149   0.00000000   0.00000000 270.00000000
198.07645575   3.54660775   0.00000000   0.00000000 270.00000000
199.07645575   3.54660775   0.00000000   0.00000000 270.00000000
199.07645575   3.54467313   0.00000000   0.00000000 270.00000000
200.07645575   3.54467313   0.00000000   0.00000000 270.00000000
200.07645575   3.54436759   0.00000000   0.00000000 270.00000000
201.07645575   3.54436759   0.00000000   0.00000000 270.00000000
201.07645575   3.54563109   0.00000000   0.00000000 270.00000000
202.07645575   3.54563109   0.00000000   0.00000000 270.00000000
202.07645575   3.54840357   0.00000000   0.00000000 270.00000000
203.07645575   3.54840357   0.00000000   0.00000000 270.00000000
203.07645575   3.55262498   0.00000000   0.00000000 270.00000000
204.07645575   3.55262498   0.00000000   0.00000000 270.00000000
204.07645575   3.55823529   0.00000000   0.00000000 270.00000000
205.07645575   3.55823529   0.00000000   0.00000000 270.00000000
205.07645575   3.56517443   0.00000000   0.00000000 270.00000000
206.07645575   3.56517443   0.00000000   0.00000000 270.00000000
206.07645575   3.57338236   0.00000000   0.00000000 270.00000000
207.07645575   3.57338236   0.00000000   0.00000000 270.00000000
207.07645575   3.58279904   0.00000000   0.00000000 270.00000000
208.07645575   3.58279904   0.00000000   0.00000000 270.00000000
208.07645575   3.59336441   0.00000000   0.00000000 270.00000000
209.07645575   3.59336441   0.00000000   0.00000000 270.00000000
209.07645575   3.60501843   0.00000000   0.00000000 270.00000000
210.07645575   3.60501843   0.00000000   0.00000000 270.00000000
210.07645575   3.61770104   0.00000000   0.00000000 270.00000000
211.07645575   3.61770104   0.00000000   0.00000000 270.00000000
211.07645575   3.63135221   0.00000000   0.00000000 270.00000000
212.07645575   3.63135221   0.00000000   0.00000000 270.00000000
212.07645575   3.64591187   0.00000000   0.00000000 270.00000000
213.07645575   3.64591187   0.00000000   0.00000000 270.00000000
213.07645575   3.66131999   0.00000000   0.00000000 270.00000000
214.07645575   3.66131999   0.00000000   0.00000000 270.00000000
214.07645575   3.67751651   0.00000000   0.00000000 270.00000000
215.07645575   3.67751651   0.00000000   0.00000000 270.00000000
215.07645575   3.69444139   0.00000000   0.00000000 270.00000000
216.07645575   3.69444139   0.00000000   0.00000000 270.00000000
216.07645575   3.71203457   0.00000000   0.00000000 270.00000000
217.07645575   3.71203457   0.00000000   0.00000000 270.00000000
217.07645575   3.73023602   0.00000000   0.00000000 270.00000000
218.07645575   3.73023602   0.00000000   0.00000000 270.00000000
218.07645575   3.74898567   0.00000000   0.00000000 270.00000000
219.07645575   3.74898567   0.00000000   0.00000000 270.00000000
219.07645575   3.76822349   0.00000000   0.00000000 270.00000000
220.07645575   3.76822349   0.00000000   0.00000000 270.00000000
220.07645575   3.78788942   0.00000000   0.00000000 270.00000000
221.07645575   3.78788942   0.00000000   0.00000000 270.00000000
221.07645575   3.80792342   0.00000000   0.00000000 270.00000000
222.07645575   3.80792342   0.00000000   0.00000000 270.00000000
222.07645575   3.82826543   0.00000000   0.00000000 270.00000000
223.07645575   3.82826543   0.00000000   0.00000000 270.00000000
223.07645575   3.84885541   0.00000000   0.00000000 270.00000000
224.07645575   3.84885541   0.00000000   0.00000000 270.00000000
224.07645575   3.86963332   0.00000000   0.00000000 270.00000000
225.07645575   3.86963332   0.00000000   0.00000000 270.00000000
225.07645575   3.89053910   0.00000000   0.00000000 270.00000000
226.07645575   3.89053910   0.00000000   0.00000000 270.00000000
226.07645575   3.91151270   0.00000000   0.00000000 270.00000000
227.07645575   3.91151270   0.00000000   0.00000000 270.00000000
227.07645575   3.93249407   0.00000000   0.00000000 270.00000000
228.07645575   3.93249407   0.00000000   0.00000000 270.00000000
228.07645575   3.95342318   0.00000000   0.00000000 270.00000000
229.07645575   3.95342318   0.00000000   0.00000000 270.00000000
229.07645575   3.97423996   0.00000000   0.00000000 270.00000000
230.07645575   3.97423996   0.00000000   0.00000000 270.00000000
230.07645575   3.99488438   0.00000000   0.00000000 270.00000000
231.07645575   3.99488438   0.00000000   0.00000000 270.00000000
231.07645575   4.01529637   0.00000000   0.00000000 270.00000000
232.07645575   4.01529637   0.00000000   0.00000000 270.00000000
232.07645575   4.03541590   0.00000000   0.00000000 270.00000000
233.07645575   4.03541590   0.00000000   0.00000000 270.00000000
233.07645575   4.05518292   0.00000000   0.00000000 270.00000000
234.07645575   4.05518292   0.00000000   0.00000000 270.00000000
234.07645575   4.07453737   0.00000000   0.00000000 270.00000000
235.07645575   4.07453737   0.00000000   0.00000000 270.00000000
235.07645575   4.09341922   0.00000000   0.00000000 270.00000000
236.07645575   4.09341922   0.00000000   0.00000000 270.00000000
236.07645575   4.11176840   0.00000000   0.00000000 270.00000000
237.07645575   4.11176840   0.00000000   0.00000000 270.00000000
237.07645575   4.12952488   0.00000000   0.00000000 270.00000000
238.07645575   4.12952488   0.00000000   0.00000000 270.00000000
238.07645575   4.14662860   0.00000000   0.00000000 270.00000000
239.07645575   4.14662860   0.00000000   0.00000000 270.00000000
239.07645575   4.16301951   0.00000000   0.00000000 270.00000000
240.07645575   4.16301951   0.00000000   0.00000000 270.00000000
240.07645575   4.17863757   0.00000000   0.00000000 270.00000000
241.07645575   4.17863757   0.00000000   0.00000000 270.00000000
241.07645575   4.19342274   0.00000000   0.00000000 270.00000000
242.07645575   4.19342274   0.00000000   0.00000000 270.00000000
242.07645575   4.20731495   0.00000000   0.00000000 270.00000000
243.07645575   4.20731495   0.00000000   0.00000000 270.00000000
243.07645575   4.22025416   0.00000000   0.00000000 270.00000000
244.07645575   4.22025416   0.00000000   0.00000000 270.00000000
244.07645575   4.23218033   0.00000000   0.00000000 270.00000000
245.07645575   4.23218033   0.00000000   0.00000000 270.00000000
245.07645575   4.24303341   0.00000000   0.00000000 270.00000000
246.07645575   4.24303341   0.00000000   0.00000000 270.00000000
246.07645575   4.25275334   0.00000000   0.00000000 270.00000000
247.07645575   4.25275334   0.00000000   0.00000000 270.00000000
247.07645575   4.26128008   0.00000000   0.00000000 270.00000000
248.07645575   4.26128008   0.00000000   0.00000000 270.00000000
248.07645575   4.26855358   0.00000000   0.00000000 270.00000000
249.07645575   4.26855358   0.00000000   0.00000000 270.00000000
249.07645575   4.27451379   0.00000000   0.00000000 270.00000000
250.07645575   4.27451379   0.00000000   0.00000000 270.00000000
250.07645575   4.27910067   0.00000000   0.00000000 270.00000000
251.07645575   4.27910067   0.00000000   0.00000000 270.00000000
251.07645575   4.28225417   0.00000000   0.00000000 270.00000000
252.07645575   4.28225417   0.00000000   0.00000000 270.00000000
252.07645575   4.28391495   0.00000000   0.00000000 270.00000000
253.07645575   4.28391495   0.00000000   0.00000000 270.00000000
253.07645575   4.28502095   0.00000000   0.00000000 270.00000000
254.07645575   4.28502095   0.00000000   0.00000000 270.00000000
254.07645575   4.28644471   0.00000000   0.00000000 270.00000000
255.07645575   4.28644471   0.00000000   0.00000000 270.00000000
255.07645575   4.28818087   0.00000000   0.00000000 270.00000000
256.07645575   4.28818087   0.00000000   0.00000000 270.00000000
256.07645575   4.29022410   0.00000000   0.00000000 270.00000000
257.07645575   4.29022410   0.00000000   0.00000000 270.00000000
257.07645575   4.29256902   0.00000000   0.00000000 270.00000000
258.07645575   4.29256902   0.00000000   0.00000000 270.00000000
258.07645575   4.29521031   0.00000000   0.00000000 270.00000000
259.07645575   4.29521031   0.00000000   0.00000000 270.00000000
259.07645575   4.29814260   0.00000000   0.00000000 270.00000000
260.07645575   4.29814260   0.00000000   0.00000000 270.00000000
260.07645575   4.30136055   0.00000000   0.00000000 270.00000000
261.07645575   4.30136055   0.00000000   0.00000000 270.00000000
261.07645575   4.30485881   0.00000000   0.00000000 270.00000000
262.07645575   4.30485881   0.00000000   0.00000000 270.00000000
262.07645575   4.30863202   0.00000000   0.00000000 270.00000000
263.07645575   4.30863202   0.00000000   0.00000000 270.00000000
263.07645575   4.31267484   0.00000000   0.00000000 270.00000000
264.07645575   4.31267484   0.00000000   0.00000000 270.00000000
264.07645575   4.31698192   0.00000000   0.00000000 270.00000000
265.07645575   4.31698192   0.00000000   0.00000000 270.00000000
265.07645575   4.32154791   0.00000000   0.00000000 270.00000000
266.07645575   4.32154791   0.00000000   0.00000000 270.00000000
266.07645575   4.32636746   0.00000000   0.00000000 270.00000000
267.07645575   4.32636746   0.00000000   0.00000000 270.00000000
267.07645575   4.33143521   0.00000000   0.00000000 270.00000000
268.07645575   4.33143521   0.00000000   0.00000000 270.00000000
268.07645575   4.33674583   0.00000000   0.00000000 270.00000000
269.07645575   4.33674583   0.00000000   0.00000000 270.00000000
269.07645575   4.34229395   0.00000000   0.00000000 270.00000000
270.07645575   4.34229395   0.00000000   0.00000000 270.00000000
270.07645575   4.34807423   0.00000000   0.00000000 270.00000000
271.07645575   4.34807423   0.00000000   0.00000000 270.00000000
271.07645575   4.35408133   0.00000000   0.00000000 270.00000000
272.07645575   4.35408133   0.00000000   0.00000000 270.00000000
272.07645575   4.36030988   0.00000000   0.00000000 270.00000000
273.07645575   4.36030988   0.00000000   0.00000000 270.00000000
273.07645575   4.36675454   0.00000000   0.00000000 270.00000000
274.07645575   4.36675454   0.00000000   0.00000000 270.00000000
274.07645575   4.37340996   0.00000000   0.00000000 270.00000000
275.07645575   4.37340996   0.00000000   0.00000000 270.00000000
275.07645575   4.38027079   0.00000000   0.00000000 270.00000000
276.07645575   4.38027079   0.00000000   0.00000000 270.00000000
276.07645575   4.38733168   0.00000000   0.00000000 270.00000000
277.07645575   4.38733168   0.00000000   0.00000000 270.00000000
277.07645575   4.39458728   0.00000000   0.00000000 270.00000000
278.07645575   4.39458728   0.00000000   0.00000000 270.00000000
278.07645575   4.40203224   0.00000000   0.00000000 270.00000000
279.07645575   4.40203224   0.00000000   0.00000000 270.00000000
279.07645575   4.40966122   0.00000000   0.00000000 270.00000000
280.07645575   4.40966122   0.00000000   0.00000000 270.00000000
280.07645575   4.41746885   0.00000000   0.00000000 270.00000000
281.07645575   4.41746885   0.00000000   0.00000000 270.00000000
281.07645575   4.42544980   0.00000000   0.00000000 270.00000000
282.07645575   4.42544980   0.00000000   0.00000000 270.00000000
282.07645575   4.43359871   0.00000000   0.00000000 270.00000000
283.07645575   4.43359871   0.00000000   0.00000000 270.00000000
283.07645575   4.44191022   0.00000000   0.00000000 270.00000000
284.07645575   4.44191022   0.00000000   0.00000000 270.00000000
284.07645575   4.45037901   0.00000000   0.00000000 270.00000000
285.07645575   4.45037901   0.00000000   0.00000000 270.00000000
285.07645575   4.45899970   0.00000000   0.00000000 270.00000000
286.07645575   4.45899970   0.00000000   0.00000000 270.00000000
286.07645575   4.46776695   0.00000000   0.00000000 270.00000000
287.07645575   4.46776695   0.00000000   0.00000000 270.00000000
287.07645575   4.47667542   0.00000000   0.00000000 270.00000000
288.07645575   4.47667542   0.00000000   0.00000000 270.00000000
288.07645575   4.48571975   0.00000000   0.00000000 270.00000000
289.07645575   4.48571975   0.00000000   0.00000000 270.00000000
289.07645575   4.49489460   0.00000000   0.00000000 270.00000000
290.07645575   4.49489460   0.00000000   0.00000000 270.00000000
290.07645575   4.50419460   0.00000000   0.00000000 270.00000000
291.07645575   4.50419460   0.00000000   0.00000000 270.00000000
291.07645575   4.51361442   0.00000000   0.00000000 270.00000000
292.07645575   4.51361442   0.00000000   0.00000000 270.00000000
292.07645575   4.52314871   0.00000000   0.00000000 270.00000000
293.07645575   4.52314871   0.00000000   0.00000000 270.00000000
293.07645575   4.53279211   0.00000000   0.00000000 270.00000000
294.07645575   4.53279211   0.00000000   0.00000000 270.00000000
294.07645575   4.54253927   0.00000000   0.00000000 270.00000000
295.07645575   4.54253927   0.00000000   0.00000000 270.00000000
295.07645575   4.55238484   0.00000000   0.00000000 270.00000000
296.07645575   4.55238484   0.00000000   0.00000000 270.00000000
296.07645575   4.56232348   0.00000000   0.00000000 270.00000000
297.07645575   4.56232348   0.00000000   0.00000000 270.00000000
297.07645575   4.57234984   0.00000000   0.00000000 270.00000000
298.07645575   4.57234984   0.00000000   0.00000000 270.00000000
298.07645575   4.58245856   0.00000000   0.00000000 270.00000000
299.07645575   4.58245856   0.00000000   0.00000000 270.00000000
299.07645575   4.59264429   0.00000000   0.00000000 270.00000000
300.07645575   4.59264429   0.00000000   0.00000000 270.00000000
300.07645575   4.60290169   0.00000000   0.00000000 270.00000000
301.07645575   4.60290169   0.00000000   0.00000000 270.00000000
301.07645575   4.61322540   0.00000000   0.00000000 270.00000000
302.07645575   4.61322540   0.00000000   0.00000000 270.00000000
302.07645575   4.62361008   0.00000000   0.00000000 270.00000000
303.07645575   4.62361008   0.00000000   0.00000000 270.00000000
303.07645575   4.63405038   0.00000000   0.00000000 270.00000000
304.07645575   4.63405038   0.00000000   0.00000000 270.00000000
304.07645575   4.64454094   0.00000000   0.00000000 270.00000000
305.07645575   4.64454094   0.00000000   0.00000000 270.00000000
305.07645575   4.65507642   0.00000000   0.00000000 270.00000000
306.07645575   4.65507642   0.00000000   0.00000000 270.00000000
306.07645575   4.66565146   0.00000000   0.00000000 270.00000000
307.07645575   4.66565146   0.00000000   0.00000000 270.00000000
307.07645575   4.67626072   0.00000000   0.00000000 270.00000000
308.07645575   4.67626072   0.00000000   0.00000000 270.00000000
308.07645575   4.68689885   0.00000000   0.00000000 270.00000000
309.07645575   4.68689885   0.00000000   0.00000000 270.00000000
309.07645575   4.69756049   0.00000000   0.00000000 270.00000000
310.07645575   4.69756049   0.00000000   0.00000000 270.00000000
310.07645575   4.70824030   0.00000000   0.00000000 270.00000000
311.07645575   4.70824030   0.00000000   0.00000000 270.00000000
311.07645575   4.71893293   0.00000000   0.00000000 270.00000000
312.07645575   4.71893293   0.00000000   0.00000000 270.00000000
312.07645575   4.72963303   0.00000000   0.00000000 270.00000000
313.07645575   4.72963303   0.00000000   0.00000000 270.00000000
313.07645575   4.74033524   0.00000000   0.00000000 270.00000000
314.07645575   4.74033524   0.00000000   0.00000000 270.00000000
314.07645575   4.75103422   0.00000000   0.00000000 270.00000000
315.07645575   4.75103422   0.00000000   0.00000000 270.00000000
315.07645575   4.76172462   0.00000000   0.00000000 270.00000000
316.07645575   4.76172462   0.00000000   0.00000000 270.00000000
316.07645575   4.77240109   0.00000000   0.00000000 270.00000000
317.07645575   4.77240109   0.00000000   0.00000000 270.00000000
317.07645575   4.78305827   0.00000000   0.00000000 270.00000000
318.07645575   4.78305827   0.00000000   0.00000000 270.00000000
318.07645575   4.79369083   0.00000000   0.00000000 270.00000000
319.07645575   4.79369083   0.00000000   0.00000000 270.00000000
319.07645575   4.80429340   0.00000000   0.00000000 270.00000000
320.07645575   4.80429340   0.00000000   0.00000000 270.00000000
320.07645575   4.81486064   0.00000000   0.00000000 270.00000000
321.07645575   4.81486064   0.00000000   0.00000000 270.00000000
321.07645575   4.82538720   0.00000000   0.00000000 270.00000000
322.07645575   4.82538720   0.00000000   0.00000000 270.00000000
322.07645575   4.83586773   0.00000000   0.00000000 270.00000000
323.07645575   4.83586773   0.00000000   0.00000000 270.00000000
323.07645575   4.84629689   0.00000000   0.00000000 270.00000000
324.07645575   4.84629689   0.00000000   0.00000000 270.00000000
324.07645575   4.85666931   0.00000000   0.00000000 270.00000000
325.07645575   4.85666931   0.00000000   0.00000000 270.00000000
325.07645575   4.86697965   0.00000000   0.00000000 270.00000000
326.07645575   4.86697965   0.00000000   0.00000000 270.00000000
326.07645575   4.87722256   0.00000000   0.00000000 270.00000000
327.07645575   4.87722256   0.00000000   0.00000000 270.00000000
327.07645575   4.88739269   0.00000000   0.00000000 270.00000000
328.07645575   4.88739269   0.00000000   0.00000000 270.00000000
328.07645575   4.89748469   0.00000000   0.00000000 270.00000000
329.07645575   4.89748469   0.00000000   0.00000000 270.00000000
329.07645575   4.90749321   0.00000000   0.00000000 270.00000000
330.07645575   4.90749321   0.00000000   0.00000000 270.00000000
330.07645575   4.91741291   0.00000000   0.00000000 270.00000000
331.07645575   4.91741291   0.00000000   0.00000000 270.00000000
331.07645575   4.92723842   0.00000000   0.00000000 270.00000000
332.07645575   4.92723842   0.00000000   0.00000000 270.00000000
332.07645575   4.93696441   0.00000000   0.00000000 270.00000000
333.07645575   4.93696441   0.00000000   0.00000000 270.00000000
333.07645575   4.94658552   0.00000000   0.00000000 270.00000000
334.07645575   4.94658552   0.00000000   0.00000000 270.00000000
334.07645575   4.95609640   0.00000000   0.00000000 270.00000000
335.07645575   4.95609640   0.00000000   0.00000000 270.00000000
335.07645575   4.96549170   0.00000000   0.00000000 270.00000000
336.07645575   4.96549170   0.00000000   0.00000000 270.00000000
336.07645575   4.97476607   0.00000000   0.00000000 270.00000000
337.07645575   4.97476607   0.00000000   0.00000000 270.00000000
337.07645575   4.98391417   0.00000000   0.00000000 270.00000000
338.07645575   4.98391417   0.00000000   0.00000000 270.00000000
338.07645575   4.99293064   0.00000000   0.00000000 270.00000000
339.07645575   4.99293064   0.00000000   0.00000000 270.00000000
339.07645575   5.00181013   0.00000000   0.00000000 270.00000000
340.07645575   5.00181013   0.00000000   0.00000000 270.00000000
340.07645575   5.01054729   0.00000000   0.00000000 270.00000000
341.07645575   5.01054729   0.00000000   0.00000000 270.00000000
341.07645575   5.01913678   0.00000000   0.00000000 270.00000000
342.07645575   5.01913678   0.00000000   0.00000000 270.00000000
342.07645575   5.02757324   0.00000000   0.00000000 270.00000000
343.07645575   5.02757324   0.00000000   0.00000000 270.00000000
343.07645575   5.03585133   0.00000000   0.00000000 270.00000000
344.07645575   5.03585133   0.00000000   0.00000000 270.00000000
344.07645575   5.04396569   0.00000000   0.00000000 270.00000000
345.07645575   5.04396569   0.00000000   0.00000000 270.00000000
345.07645575   5.05191097   0.00000000   0.00000000 270.00000000
346.07645575   5.05191097   0.00000000   0.00000000 270.00000000
346.07645575   5.05968183   0.00000000   0.00000000 270.00000000
347.07645575   5.05968183   0.00000000   0.00000000 270.00000000
347.07645575   5.06727291   0.00000000   0.00000000 270.00000000
348.07645575   5.06727291   0.00000000   0.00000000 270.00000000
348.07645575   5.07467887   0.00000000   0.00000000 270.00000000
349.07645575   5.07467887   0.00000000   0.00000000 270.00000000
349.07645575   5.08189435   0.00000000   0.00000000 270.00000000
350.07645575   5.08189435   0.00000000   0.00000000 270.00000000
350.07645575   5.08891400   0.00000000   0.00000000 270.00000000
351.07645575   5.08891400   0.00000000   0.00000000 270.00000000
351.07645575   5.09573248   0.00000000   0.00000000 270.00000000
352.07645575   5.09573248   0.00000000   0.00000000 270.00000000
352.07645575   5.10234444   0.00000000   0.00000000 270.00000000
353.07645575   5.10234444   0.00000000   0.00000000 270.00000000
353.07645575   5.10874452   0.00000000   0.00000000 270.00000000
354.07645575   5.10874452   0.00000000   0.00000000 270.00000000
354.07645575   5.11492738   0.00000000   0.00000000 270.00000000
355.07645575   5.11492738   0.00000000   0.00000000 270.00000000
355.07645575   5.12088766   0.00000000   0.00000000 270.00000000
356.07645575   5.12088766   0.00000000   0.00000000 270.00000000
356.07645575   5.12662002   0.00000000   0.00000000 270.00000000
357.07645575   5.12662002   0.00000000   0.00000000 270.00000000
357.07645575   5.13211911   0.00000000   0.00000000 270.00000000
358.07645575   5.13211911   0.00000000   0.00000000 270.00000000
358.07645575   5.13737957   0.00000000   0.00000000 270.00000000
359.07645575   5.13737957   0.00000000   0.00000000 270.00000000
359.07645575   5.14239606   0.00000000   0.00000000 270.00000000
360.07645575   5.14239606   0.00000000   0.00000000 270.00000000
360.07645575   5.14716323   0.00000000   0.00000000 270.00000000
361.07645575   5.14716323   0.00000000   0.00000000 270.00000000
361.07645575   5.15167572   0.00000000   0.00000000 270.00000000
362.07645575   5.15167572   0.00000000   0.00000000 270.00000000
362.07645575   5.15592819   0.00000000   0.00000000 270.00000000
363.07645575   5.15592819   0.00000000   0.00000000 270.00000000
363.07645575   5.15991529   0.00000000   0.00000000 270.00000000
364.07645575   5.15991529   0.00000000   0.00000000 270.00000000
364.07645575   5.16363167   0.00000000   0.00000000 270.00000000
365.07645575   5.16363167   0.00000000   0.00000000 270.00000000
365.07645575   5.16707197   0.00000000   0.00000000 270.00000000
366.07645575   5.16707197   0.00000000   0.00000000 270.00000000
366.07645575   5.17023085   0.00000000   0.00000000 270.00000000
367.07645575   5.17023085   0.00000000   0.00000000 270.00000000
367.07645575   5.17310297   0.00000000   0.00000000 270.00000000
368.07645575   5.17310297   0.00000000   0.00000000 270.00000000
368.07645575   5.17568295   0.00000000   0.00000000 270.00000000
369.07645575   5.17568295   0.00000000   0.00000000 270.00000000
369.07645575   5.17796547   0.00000000   0.00000000 270.00000000
370.07645575   5.17796547   0.00000000   0.00000000 270.00000000
370.07645575   5.17994517   0.00000000   0.00000000 270.00000000
371.07645575   5.17994517   0.00000000   0.00000000 270.00000000
371.07645575   5.18161670   0.00000000   0.00000000 270.00000000
372.07645575   5.18161670   0.00000000   0.00000000 270.00000000
372.07645575   5.18297470   0.00000000   0.00000000 270.00000000
373.07645575   5.18297470   0.00000000   0.00000000 270.00000000
373.07645575   5.18401384   0.00000000   0.00000000 270.00000000
374.07645575   5.18401384   0.00000000   0.00000000 270.00000000
374.07645575   5.18472875   0.00000000   0.00000000 270.00000000
375.07645575   5.18472875   0.00000000   0.00000000 270.00000000
375.07645575   5.18511410   0.00000000   0.00000000 270.00000000
376.07645575   5.18511410   0.00000000   0.00000000 270.00000000
376.07645575   5.18516452   0.00000000   0.00000000 270.00000000
377.07645575   5.18516452   0.00000000   0.00000000 270.00000000
377.07645575   5.18487468   0.00000000   0.00000000 270.00000000
378.07645575   5.18487468   0.00000000   0.00000000 270.00000000
378.07645575   5.18423921   0.00000000   0.00000000 270.00000000
379.07645575   5.18423921   0.00000000   0.00000000 270.00000000
379.07645575   5.18325278   0.00000000   0.00000000 270.00000000
380.07645575   5.18325278   0.00000000   0.00000000 270.00000000
380.07645575   5.18191002   0.00000000   0.00000000 270.00000000
381.07645575   5.18191002   0.00000000   0.00000000 270.00000000
381.07645575   5.18020560   0.00000000   0.00000000 270.00000000
382.07645575   5.18020560   0.00000000   0.00000000 270.00000000
382.07645575   5.17813416   0.00000000   0.00000000 270.00000000
383.07645575   5.17813416   0.00000000   0.00000000 270.00000000
383.07645575   5.17562266   0.00000000   0.00000000 270.00000000
384.07645575   5.17562266   0.00000000   0.00000000 270.00000000
384.07645575   5.17211651   0.00000000   0.00000000 270.00000000
385.07645575   5.17211651   0.00000000   0.00000000 270.00000000
385.07645575   5.16753004   0.00000000   0.00000000 270.00000000
386.07645575   5.16753004   0.00000000   0.00000000 270.00000000
386.07645575   5.16190751   0.00000000   0.00000000 270.00000000
387.07645575   5.16190751   0.00000000   0.00000000 270.00000000
387.07645575   5.15529319   0.00000000   0.00000000 270.00000000
388.07645575   5.15529319   0.00000000   0.00000000 270.00000000
388.07645575   5.14773134   0.00000000   0.00000000 270.00000000
389.07645575   5.14773134   0.00000000   0.00000000 270.00000000
389.07645575   5.13926622   0.00000000   0.00000000 270.00000000
390.07645575   5.13926622   0.00000000   0.00000000 270.00000000
390.07645575   5.12994209   0.00000000   0.00000000 270.00000000
391.07645575   5.12994209   0.00000000   0.00000000 270.00000000
391.07645575   5.11980320   0.00000000   0.00000000 270.00000000
392.07645575   5.11980320   0.00000000   0.00000000 270.00000000
392.07645575   5.10889383   0.00000000   0.00000000 270.00000000
393.07645575   5.10889383   0.00000000   0.00000000 270.00000000
393.07645575   5.09725822   0.00000000   0.00000000 270.00000000
394.07645575   5.09725822   0.00000000   0.00000000 270.00000000
394.07645575   5.08494065   0.00000000   0.00000000 270.00000000
395.07645575   5.08494065   0.00000000   0.00000000 270.00000000
395.07645575   5.07198538   0.00000000   0.00000000 270.00000000
396.07645575   5.07198538   0.00000000   0.00000000 270.00000000
396.07645575   5.05843665   0.00000000   0.00000000 270.00000000
397.07645575   5.05843665   0.00000000   0.00000000 270.00000000
397.07645575   5.04433875   0.00000000   0.00000000 270.00000000
398.07645575   5.04433875   0.00000000   0.00000000 270.00000000
398.07645575   5.02973591   0.00000000   0.00000000 270.00000000
399.07645575   5.02973591   0.00000000   0.00000000 270.00000000
399.07645575   5.01467242   0.00000000   0.00000000 270.00000000
400.07645575   5.01467242   0.00000000   0.00000000 270.00000000
400.07645575   4.99919252   0.00000000   0.00000000 270.00000000
401.07645575   4.99919252   0.00000000   0.00000000 270.00000000
401.07645575   4.98334047   0.00000000   0.00000000 270.00000000
402.07645575   4.98334047   0.00000000   0.00000000 270.00000000
402.07645575   4.96716055   0.00000000   0.00000000 270.00000000
403.07645575   4.96716055   0.00000000   0.00000000 270.00000000
403.07645575   4.95069701   0.00000000   0.00000000 270.00000000
404.07645575   4.95069701   0.00000000   0.00000000 270.00000000
404.07645575   4.93399411   0.00000000   0.00000000 270.00000000
405.07645575   4.93399411   0.00000000   0.00000000 270.00000000
405.07645575   4.91709611   0.00000000   0.00000000 270.00000000
406.07645575   4.91709611   0.00000000   0.00000000 270.00000000
406.07645575   4.90004727   0.00000000   0.00000000 270.00000000
407.07645575   4.90004727   0.00000000   0.00000000 270.00000000
407.07645575   4.88289185   0.00000000   0.00000000 270.00000000
408.07645575   4.88289185   0.00000000   0.00000000 270.00000000
408.07645575   4.86567412   0.00000000   0.00000000 270.00000000
409.07645575   4.86567412   0.00000000   0.00000000 270.00000000
409.07645575   4.84843833   0.00000000   0.00000000 270.00000000
410.07645575   4.84843833   0.00000000   0.00000000 270.00000000
410.07645575   4.83122875   0.00000000   0.00000000 270.00000000
411.07645575   4.83122875   0.00000000   0.00000000 270.00000000
411.07645575   4.81408964   0.00000000   0.00000000 270.00000000
412.07645575   4.81408964   0.00000000   0.00000000 270.00000000
412.07645575   4.79706525   0.00000000   0.00000000 270.00000000
413.07645575   4.79706525   0.00000000   0.00000000 270.00000000
413.07645575   4.78019985   0.00000000   0.00000000 270.00000000
414.07645575   4.78019985   0.00000000   0.00000000 270.00000000
414.07645575   4.76353770   0.00000000   0.00000000 270.00000000
415.07645575   4.76353770   0.00000000   0.00000000 270.00000000
415.07645575   4.74712306   0.00000000   0.00000000 270.00000000
416.07645575   4.74712306   0.00000000   0.00000000 270.00000000
416.07645575   4.73100019   0.00000000   0.00000000 270.00000000
417.07645575   4.73100019   0.00000000   0.00000000 270.00000000
417.07645575   4.71521335   0.00000000   0.00000000 270.00000000
418.07645575   4.71521335   0.00000000   0.00000000 270.00000000
418.07645575   4.69980680   0.00000000   0.00000000 270.00000000
419.07645575   4.69980680   0.00000000   0.00000000 270.00000000
419.07645575   4.68482481   0.00000000   0.00000000 270.00000000
420.07645575   4.68482481   0.00000000   0.00000000 270.00000000
420.07645575   4.67031163   0.00000000   0.00000000 270.00000000
421.07645575   4.67031163   0.00000000   0.00000000 270.00000000
421.07645575   4.65631153   0.00000000   0.00000000 270.00000000
422.07645575   4.65631153   0.00000000   0.00000000 270.00000000
422.07645575   4.64286876   0.00000000   0.00000000 270.00000000
423.07645575   4.64286876   0.00000000   0.00000000 270.00000000
423.07645575   4.63002758   0.00000000   0.00000000 270.00000000
424.07645575   4.63002758   0.00000000   0.00000000 270.00000000
424.07645575   4.61783227   0.00000000   0.00000000 270.00000000
425.07645575   4.61783227   0.00000000   0.00000000 270.00000000
425.07645575   4.60632707   0.00000000   0.00000000 270.00000000
426.07645575   4.60632707   0.00000000   0.00000000 270.00000000
426.07645575   4.59555625   0.00000000   0.00000000 270.00000000
427.07645575   4.59555625   0.00000000   0.00000000 270.00000000
427.07645575   4.58556408   0.00000000   0.00000000 270.00000000
428.07645575   4.58556408   0.00000000   0.00000000 270.00000000
428.07645575   4.57639480   0.00000000   0.00000000 270.00000000
429.07645575   4.57639480   0.00000000   0.00000000 270.00000000
429.07645575   4.56809268   0.00000000   0.00000000 270.00000000
430.07645575   4.56809268   0.00000000   0.00000000 270.00000000
430.07645575   4.56070199   0.00000000   0.00000000 270.00000000
431.07645575   4.56070199   0.00000000   0.00000000 270.00000000
431.07645575   4.55426698   0.00000000   0.00000000 270.00000000
432.07645575   4.55426698   0.00000000   0.00000000 270.00000000
432.07645575   4.54883191   0.00000000   0.00000000 270.00000000
433.07645575   4.54883191   0.00000000   0.00000000 270.00000000
433.07645575   4.54444105   0.00000000   0.00000000 270.00000000
434.07645575   4.54444105   0.00000000   0.00000000 270.00000000
434.07645575   4.54113865   0.00000000   0.00000000 270.00000000
435.07645575   4.54113865   0.00000000   0.00000000 270.00000000
435.07645575   4.53896898   0.00000000   0.00000000 270.00000000
436.07645575   4.53896898   0.00000000   0.00000000 270.00000000
436.07645575   4.53797630   0.00000000   0.00000000 270.00000000
437.07645575   4.53797630   0.00000000   0.00000000 270.00000000
437.07645575   4.53824254   0.00000000   0.00000000 270.00000000
438.07645575   4.53824254   0.00000000   0.00000000 270.00000000
438.07645575   4.54088748   0.00000000   0.00000000 270.00000000
439.07645575   4.54088748   0.00000000   0.00000000 270.00000000
439.07645575   4.54631843   0.00000000   0.00000000 270.00000000
440.07645575   4.54631843   0.00000000   0.00000000 270.00000000
440.07645575   4.55440385   0.00000000   0.00000000 270.00000000
441.07645575   4.55440385   0.00000000   0.00000000 270.00000000
441.07645575   4.56501221   0.00000000   0.00000000 270.00000000
442.07645575   4.56501221   0.00000000   0.00000000 270.00000000
442.07645575   4.57801199   0.00000000   0.00000000 270.00000000
443.07645575   4.57801199   0.00000000   0.00000000 270.00000000
443.07645575   4.59327164   0.00000000   0.00000000 270.00000000
444.07645575   4.59327164   0.00000000   0.00000000 270.00000000
444.07645575   4.61065963   0.00000000   0.00000000 270.00000000
445.07645575   4.61065963   0.00000000   0.00000000 270.00000000
445.07645575   4.63004444   0.00000000   0.00000000 270.00000000
446.07645575   4.63004444   0.00000000   0.00000000 270.00000000
446.07645575   4.65129453   0.00000000   0.00000000 270.00000000
447.07645575   4.65129453   0.00000000   0.00000000 270.00000000
447.07645575   4.67427837   0.00000000   0.00000000 270.00000000
448.07645575   4.67427837   0.00000000   0.00000000 270.00000000
448.07645575   4.69886442   0.00000000   0.00000000 270.00000000
449.07645575   4.69886442   0.00000000   0.00000000 270.00000000
449.07645575   4.72492115   0.00000000   0.00000000 270.00000000
450.07645575   4.72492115   0.00000000   0.00000000 270.00000000
450.07645575   4.75231703   0.00000000   0.00000000 270.00000000
451.07645575   4.75231703   0.00000000   0.00000000 270.00000000
451.07645575   4.78092053   0.00000000   0.00000000 270.00000000
452.07645575   4.78092053   0.00000000   0.00000000 270.00000000
452.07645575   4.81060012   0.00000000   0.00000000 270.00000000
453.07645575   4.81060012   0.00000000   0.00000000 270.00000000
453.07645575   4.84122426   0.00000000   0.00000000 270.00000000
454.07645575   4.84122426   0.00000000   0.00000000 270.00000000
454.07645575   4.87266142   0.00000000   0.00000000 270.00000000
455.07645575   4.87266142   0.00000000   0.00000000 270.00000000
455.07645575   4.90478006   0.00000000   0.00000000 270.00000000
456.07645575   4.90478006   0.00000000   0.00000000 270.00000000
456.07645575   4.93744867   0.00000000   0.00000000 270.00000000
457.07645575   4.93744867   0.00000000   0.00000000 270.00000000
457.07645575   4.97053569   0.00000000   0.00000000 270.00000000
458.07645575   4.97053569   0.00000000   0.00000000 270.00000000
458.07645575   5.00390961   0.00000000   0.00000000 270.00000000
459.07645575   5.00390961   0.00000000   0.00000000 270.00000000
459.07645575   5.03743889   0.00000000   0.00000000 270.00000000
460.07645575   5.03743889   0.00000000   0.00000000 270.00000000
460.07645575   5.07099199   0.00000000   0.00000000 270.00000000
461.07645575   5.07099199   0.00000000   0.00000000 270.00000000
461.07645575   5.10443739   0.00000000   0.00000000 270.00000000
462.07645575   5.10443739   0.00000000   0.00000000 270.00000000
462.07645575   5.13764354   0.00000000   0.00000000 270.00000000
463.07645575   5.13764354   0.00000000   0.00000000 270.00000000
463.07645575   5.17047893   0.00000000   0.00000000 270.00000000
464.07645575   5.17047893   0.00000000   0.00000000 270.00000000
464.07645575   5.20281201   0.00000000   0.00000000 270.00000000
465.07645575   5.20281201   0.00000000   0.00000000 270.00000000
465.07645575   5.23451126   0.00000000   0.00000000 270.00000000
466.07645575   5.23451126   0.00000000   0.00000000 270.00000000
466.07645575   5.26544514   0.00000000   0.00000000 270.00000000
467.07645575   5.26544514   0.00000000   0.00000000 270.00000000
467.07645575   5.29548211   0.00000000   0.00000000 270.00000000
468.07645575   5.29548211   0.00000000   0.00000000 270.00000000
468.07645575   5.32449066   0.00000000   0.00000000 270.00000000
469.07645575   5.32449066   0.00000000   0.00000000 270.00000000
469.07645575   5.35233924   0.00000000   0.00000000 270.00000000
470.07645575   5.35233924   0.00000000   0.00000000 270.00000000
470.07645575   5.37889632   0.00000000   0.00000000 270.00000000
471.07645575   5.37889632   0.00000000   0.00000000 270.00000000
471.07645575   5.40403037   0.00000000   0.00000000 270.00000000
472.07645575   5.40403037   0.00000000   0.00000000 270.00000000
472.07645575   5.42760986   0.00000000   0.00000000 270.00000000
473.07645575   5.42760986   0.00000000   0.00000000 270.00000000
473.07645575   5.44950325   0.00000000   0.00000000 270.00000000
474.07645575   5.44950325   0.00000000   0.00000000 270.00000000
474.07645575   5.46957902   0.00000000   0.00000000 270.00000000
475.07645575   5.46957902   0.00000000   0.00000000 270.00000000
475.07645575   5.48770562   0.00000000   0.00000000 270.00000000
476.07645575   5.48770562   0.00000000   0.00000000 270.00000000
476.07645575   5.50375154   0.00000000   0.00000000 270.00000000
477.07645575   5.50375154   0.00000000   0.00000000 270.00000000
477.07645575   5.51758523   0.00000000   0.00000000 270.00000000
478.07645575   5.51758523   0.00000000   0.00000000 270.00000000
478.07645575   5.52907516   0.00000000   0.00000000 270.00000000
479.07645575   5.52907516   0.00000000   0.00000000 270.00000000
479.07645575   5.53808980   0.00000000   0.00000000 270.00000000
480.07645575   5.53808980   0.00000000   0.00000000 270.00000000
480.07645575   5.54449762   0.00000000   0.00000000 270.00000000
481.07645575   5.54449762   0.00000000   0.00000000 270.00000000
481.07645575   5.54816708   0.00000000   0.00000000 270.00000000
482.07645575   5.54816708   0.00000000   0.00000000 270.00000000
482.07645575   5.54896666   0.00000000   0.00000000 270.00000000
483.07645575   5.54896666   0.00000000   0.00000000 270.00000000
483.07645575   5.54676482   0.00000000   0.00000000 270.00000000
484.07645575   5.54676482   0.00000000   0.00000000 270.00000000
484.07645575   5.54143003   0.00000000   0.00000000 270.00000000
485.07645575   5.54143003   0.00000000   0.00000000 270.00000000
485.07645575   5.53283075   0.00000000   0.00000000 270.00000000
486.07645575   5.53283075   0.00000000   0.00000000 270.00000000
486.07645575   5.52083546   0.00000000   0.00000000 270.00000000
487.07645575   5.52083546   0.00000000   0.00000000 270.00000000
487.07645575   5.50531262   0.00000000   0.00000000 270.00000000
488.07645575   5.50531262   0.00000000   0.00000000 270.00000000
488.07645575   5.48613070   0.00000000   0.00000000 270.00000000
489.07645575   5.48613070   0.00000000   0.00000000 270.00000000
489.07645575   5.46315816   0.00000000   0.00000000 270.00000000
490.07645575   5.46315816   0.00000000   0.00000000 270.00000000
490.07645575   5.43626348   0.00000000   0.00000000 270.00000000
491.07645575   5.43626348   0.00000000   0.00000000 270.00000000
491.07645575   5.40531512   0.00000000   0.00000000 270.00000000
492.07645575   5.40531512   0.00000000   0.00000000 270.00000000
492.07645575   5.37018155   0.00000000   0.00000000 270.00000000
493.07645575   5.37018155   0.00000000   0.00000000 270.00000000
493.07645575   5.33073123   0.00000000   0.00000000 270.00000000
494.07645575   5.33073123   0.00000000   0.00000000 270.00000000
494.07645575   5.27703546   0.00000000   0.00000000 270.00000000
495.07645575   5.27703546   0.00000000   0.00000000 270.00000000
495.07645575   5.19660835   0.00000000   0.00000000 270.00000000
496.07645575   5.19660835   0.00000000   0.00000000 270.00000000
496.07645575   5.09131680   0.00000000   0.00000000 270.00000000
497.07645575   5.09131680   0.00000000   0.00000000 270.00000000
497.07645575   4.96311976   0.00000000   0.00000000 270.00000000
498.07645575   4.96311976   0.00000000   0.00000000 270.00000000
498.07645575   4.81397612   0.00000000   0.00000000 270.00000000
499.07645575   4.81397612   0.00000000   0.00000000 270.00000000
499.07645575   4.64584483   0.00000000   0.00000000 270.00000000
500.07645575   4.64584483   0.00000000   0.00000000 270.00000000
500.07645575   4.46068478   0.00000000   0.00000000 270.00000000
501.07645575   4.46068478   0.00000000   0.00000000 270.00000000
501.07645575   4.26045491   0.00000000   0.00000000 270.00000000
502.07645575   4.26045491   0.00000000   0.00000000 270.00000000
502.07645575   4.04711414   0.00000000   0.00000000 270.00000000
503.07645575   4.04711414   0.00000000   0.00000000 270.00000000
503.07645575   3.82262139   0.00000000   0.00000000 270.00000000
504.07645575   3.82262139   0.00000000   0.00000000 270.00000000
504.07645575   3.58893556   0.00000000   0.00000000 270.00000000
505.07645575   3.58893556   0.00000000   0.00000000 270.00000000
505.07645575   3.34801560   0.00000000   0.00000000 270.00000000
506.07645575   3.34801560   0.00000000   0.00000000 270.00000000
506.07645575   3.10182041   0.00000000   0.00000000 270.00000000
507.07645575   3.10182041   0.00000000   0.00000000 270.00000000
507.07645575   2.85230892   0.00000000   0.00000000 270.00000000
508.07645575   2.85230892   0.00000000   0.00000000 270.00000000
508.07645575   2.60144005   0.00000000   0.00000000 270.00000000
509.07645575   2.60144005   0.00000000   0.00000000 270.00000000
509.07645575   2.35117271   0.00000000   0.00000000 270.00000000
510.07645575   2.35117271   0.00000000   0.00000000 270.00000000
510.07645575   2.10346583   0.00000000   0.00000000 270.00000000
511.07645575   2.10346583   0.00000000   0.00000000 270.00000000
511.07645575   1.86027833   0.00000000   0.00000000 270.00000000
512.07645575   1.86027833   0.00000000   0.00000000 270.00000000
512.07645575   1.62356912   0.00000000   0.00000000 270.00000000
513.07645575   1.62356912   0.00000000   0.00000000 270.00000000
513.07645575   1.39529713   0.00000000   0.00000000 270.00000000
514.07645575   1.39529713   0.00000000   0.00000000 270.00000000
514.07645575   1.17742129   0.00000000   0.00000000 270.00000000
515.07645575   1.17742129   0.00000000   0.00000000 270.00000000
515.07645575   0.97190050   0.00000000   0.00000000 270.00000000
516.07645575   0.97190050   0.00000000   0.00000000 270.00000000
516.07645575   0.78069369   0.00000000   0.00000000 270.00000000
517.07645575   0.78069369   0.00000000   0.00000000 270.00000000
517.07645575   0.60575978   0.00000000   0.00000000 270.00000000
518.07645575   0.60575978   0.00000000   0.00000000 270.00000000
518.07645575   0.44905768   0.00000000   0.00000000 270.00000000
519.07645575   0.44905768   0.00000000   0.00000000 270.00000000
519.07645575   0.31254633   0.00000000   0.00000000 270.00000000
520.07645575   0.31254633   0.00000000   0.00000000 270.00000000
520.07645575   0.19818464   0.00000000   0.00000000 270.00000000
521.07645575   0.19818464   0.00000000   0.00000000 270.00000000
521.07645575   0.10793153   0.00000000   0.00000000 270.00000000
522.07645575   0.10793153   0.00000000   0.00000000 270.00000000
522.07645575   0.04374591   0.00000000   0.00000000 270.00000000
523.07645575   0.04374591   0.00000000   0.00000000 270.00000000
523.07645575   0.00758672   0.00000000   0.00000000 270.00000000
524.07645575   0.00758672   0.00000000   0.00000000 270.00000000
524.07645575   0.00015763   0.00000000   0.00000000 270.00000000
524.27719989   0.00015763   0.00000000   0.00000000 270.00000000
524.27719989   0.00000000   0.00000000   0.00000000 270.00000000
534.27719989   0.00000000   0.00000000   0.00000000 270.00000000
