#     thickness (A)        interface (A)       rho (1e-6/A^2)      irho (1e-6/A^2)      rhoM (1e-6/A^2)      theta (degrees)
                   0     74.9451367958337                2.148                    0                    0                  270
                   0                    0     3.00238203221965                    0                    0                  270
    25.0170623590559     4.13242463170786     3.00238203221965                    0                    0                  270
    109.465151144217     8.62393878709837     9.34418578344208                    0     1.86205994317822                  270
    47.5942422459342     5.05613789721276     5.91451970041435                    0                    0                  270
                   1                    0     5.85192670200158                    0                    0                  270
                   1                    0     5.43222124727389                    0                    0                  270
                   1                    0     4.79990880995328                    0                    0                  270
                   1                    0     4.17109214357168                    0                    0                  270
                   1                    0       3.761874001661                    0                    0                  270
                   1                    0     3.69258171504833                    0                    0                  270
                   1                    0     3.66876401566669                    0                    0                  270
                   1                    0     3.64723592904027                    0                    0                  270
                   1                    0      3.6279374068275                    0                    0                  270
                   1                    0     3.61080840068678                    0                    0                  270
                   1                    0     3.59578886227652                    0                    0                  270
                   1                    0     3.58281874325515                    0                    0                  270
                   1                    0     3.57183799528105                    0                    0                  270
                   1                    0     3.56278657001266                    0                    0                  270
                   1                    0     3.55560441910838                    0                    0                  270
                   1                    0     3.55023149422662                    0                    0                  270
                   1                    0      3.5466077470258                    0                    0                  270
                   1                    0     3.54467312916432                    0                    0                  270
                   1                    0      3.5443675923006                    0                    0                  270
                   1                    0     3.54563108809304                    0                    0                  270
                   1                    0     3.54840356820006                    0                    0                  270
                   1                    0     3.55262498428007                    0                    0                  270
                   1                    0     3.55823528799149                    0                    0                  270
                   1                    0     3.56517443099271                    0                    0                  270
                   1                    0     3.57338236494217                    0                    0                  270
                   1                    0     3.58279904149825                    0                    0                  270
                   1                    0     3.59336441231939                    0                    0                  270
                   1                    0     3.60501842906398                    0                    0                  270
                   1                    0     3.61770104339044                    0                    0                  270
                   1                    0     3.63135220695719                    0                    0                  270
                   1                    0     3.64591187142262                    0                    0                  270
                   1                    0     3.66131998844517                    0                    0                  270
                   1                    0     3.67751650968322                    0                    0                  270
                   1                    0      3.6944413867952                    0                    0                  270
                   1                    0     3.71203457143953                    0                    0                  270
                   1                    0      3.7302360152746                    0                    0                  270
                   1                    0     3.74898566995883                    0                    0                  270
                   1                    0     3.76822348715063                    0                    0                  270
                   1                    0     3.78788941850842                    0                    0                  270
                   1                    0      3.8079234156906                    0                    0                  270
                   1                    0     3.82826543035559                    0                    0                  270
                   1                    0      3.8488554141618                    0                    0                  270
                   1                    0     3.86963331876763                    0                    0                  270
                   1                    0     3.89053909583151                    0                    0                  270
                   1                    0     3.91151269701184                    0                    0                  270
                   1                    0     3.93249407396703                    0                    0                  270
                   1                    0      3.9534231783555                    0                    0                  270
                   1                    0     3.97423996183565                    0                    0                  270
                   1                    0      3.9948843760659                    0                    0                  270
                   1                    0     4.01529637270466                    0                    0                  270
                   1                    0     4.03541590341034                    0                    0                  270
                   1                    0     4.05518291984135                    0                    0                  270
                   1                    0     4.07453737365611                    0                    0                  270
                   1                    0     4.09341921651301                    0                    0                  270
                   1                    0     4.11176840007049                    0                    0                  270
                   1                    0     4.12952487598694                    0                    0                  270
                   1                    0     4.14662859592078                    0                    0                  270
                   1                    0     4.16301951153042                    0                    0                  270
                   1                    0     4.17863757447427                    0                    0                  270
                   1                    0     4.19342273641074                    0                    0                  270
                   1                    0     4.20731494899825                    0                    0                  270
                   1                    0      4.2202541638952                    0                    0                  270
                   1                    0     4.23218033276001                    0                    0                  270
                   1                    0     4.24303340725109                    0                    0                  270
                   1                    0     4.25275333902685                    0                    0                  270
                   1                    0      4.2612800797457                    0                    0                  270
                   1                    0     4.26855358106605                    0                    0                  270
                   1                    0     4.27451379464631                    0                    0                  270
                   1                    0      4.2791006721449                    0                    0                  270
                   1                    0     4.28225416522023                    0                    0                  270
                   1                    0     4.28391494657362                    0                    0                  270
                   1                    0     4.28502094979136                    0                    0                  270
                   1                    0     4.28644470900837                    0                    0                  270
                   1                    0     4.28818087442241                    0                    0                  270
                   1                    0     4.29022409623122                    0                    0                  270
                   1                    0     4.29256902463253                    0                    0                  270
                   1                    0     4.29521030982409                    0                    0                  270
                   1                    0     4.29814260200364                    0                    0                  270
                   1                    0     4.30136055136893                    0                    0                  270
                   1                    0      4.3048588081177                    0                    0                  270
                   1                    0     4.30863202244768                    0                    0                  270
                   1                    0     4.31267484455662                    0                    0                  270
                   1                    0     4.31698192464226                    0                    0                  270
                   1                    0     4.32154791290235                    0                    0                  270
                   1                    0     4.32636745953463                    0                    0                  270
                   1                    0     4.33143521473683                    0                    0                  270
                   1                    0      4.3367458287067                    0                    0                  270
                   1                    0     4.34229395164199                    0                    0                  270
                   1                    0     4.34807423374043                    0                    0                  270
                   1                    0     4.35408132519977                    0                    0                  270
                   1                    0     4.36030987621774                    0                    0                  270
                   1                    0      4.3667545369921                    0                    0                  270
                   1                    0     4.37340995772058                    0                    0                  270
                   1                    0     4.38027078860092                    0                    0                  270
                   1                    0     4.38733167983087                    0                    0                  270
                   1                    0     4.39458728160817                    0                    0                  270
                   1                    0     4.40203224413057                    0                    0                  270
                   1                    0     4.40966121759579                    0                    0                  270
                   1                    0     4.41746885220159                    0                    0                  270
                   1                    0     4.42544979814571                    0                    0                  270
                   1                    0     4.43359870562588                    0                    0                  270
                   1                    0     4.44191022483986                    0                    0                  270
                   1                    0     4.45037900598538                    0                    0                  270
                   1                    0     4.45899969926019                    0                    0                  270
                   1                    0     4.46776695486202                    0                    0                  270
                   1                    0     4.47667542298863                    0                    0                  270
                   1                    0     4.48571975383774                    0                    0                  270
                   1                    0     4.49489459760711                    0                    0                  270
                   1                    0     4.50419460449448                    0                    0                  270
                   1                    0     4.51361442469758                    0                    0                  270
                   1                    0     4.52314870841416                    0                    0                  270
                   1                    0     4.53279210584197                    0                    0                  270
                   1                    0     4.54253926717874                    0                    0                  270
                   1                    0     4.55238484262221                    0                    0                  270
                   1                    0     4.56232348237014                    0                    0                  270
                   1                    0     4.57234983662025                    0                    0                  270
                   1                    0      4.5824585555703                    0                    0                  270
                   1                    0     4.59264428941802                    0                    0                  270
                   1                    0     4.60290168836115                    0                    0                  270
                   1                    0     4.61322540259745                    0                    0                  270
                   1                    0     4.62361008232465                    0                    0                  270
                   1                    0     4.63405037774049                    0                    0                  270
                   1                    0     4.64454093904271                    0                    0                  270
                   1                    0     4.65507641642906                    0                    0                  270
                   1                    0     4.66565146009728                    0                    0                  270
                   1                    0     4.67626072024511                    0                    0                  270
                   1                    0     4.68689884707029                    0                    0                  270
                   1                    0     4.69756049077057                    0                    0                  270
                   1                    0     4.70824030154369                    0                    0                  270
                   1                    0     4.71893292958738                    0                    0                  270
                   1                    0     4.72963302509939                    0                    0                  270
                   1                    0     4.74033523827747                    0                    0                  270
                   1                    0     4.75103421931936                    0                    0                  270
                   1                    0     4.76172461842279                    0                    0                  270
                   1                    0     4.77240108578551                    0                    0                  270
                   1                    0     4.78305827160526                    0                    0                  270
                   1                    0     4.79369082607979                    0                    0                  270
                   1                    0     4.80429339940683                    0                    0                  270
                   1                    0     4.81486064178413                    0                    0                  270
                   1                    0     4.82538720340943                    0                    0                  270
                   1                    0     4.83586773448047                    0                    0                  270
                   1                    0       4.846296885195                    0                    0                  270
                   1                    0     4.85666930575075                    0                    0                  270
                   1                    0     4.86697964634547                    0                    0                  270
                   1                    0      4.8772225571769                    0                    0                  270
                   1                    0     4.88739268844278                    0                    0                  270
                   1                    0     4.89748469034086                    0                    0                  270
                   1                    0     4.90749321306887                    0                    0                  270
                   1                    0     4.91741290682456                    0                    0                  270
                   1                    0     4.92723842180567                    0                    0                  270
                   1                    0     4.93696440820994                    0                    0                  270
                   1                    0     4.94658551623512                    0                    0                  270
                   1                    0     4.95609639607895                    0                    0                  270
                   1                    0     4.96549169793916                    0                    0                  270
                   1                    0      4.9747660720135                    0                    0                  270
                   1                    0     4.98391416849972                    0                    0                  270
                   1                    0     4.99293063759555                    0                    0                  270
                   1                    0     5.00181012949874                    0                    0                  270
                   1                    0     5.01054729440703                    0                    0                  270
                   1                    0     5.01913678251816                    0                    0                  270
                   1                    0     5.02757324402987                    0                    0                  270
                   1                    0     5.03585132913991                    0                    0                  270
                   1                    0     5.04396568804601                    0                    0                  270
                   1                    0     5.05191097094593                    0                    0                  270
                   1                    0     5.05968182803739                    0                    0                  270
                   1                    0     5.06727290951815                    0                    0                  270
                   1                    0     5.07467886558594                    0                    0                  270
                   1                    0     5.08189434643852                    0                    0                  270
                   1                    0     5.08891400227361                    0                    0                  270
                   1                    0     5.09573248328896                    0                    0                  270
                   1                    0     5.10234443968232                    0                    0                  270
                   1                    0     5.10874452165142                    0                    0                  270
                   1                    0     5.11492737939401                    0                    0                  270
                   1                    0     5.12088766310783                    0                    0                  270
                   1                    0     5.12662002299062                    0                    0                  270
                   1                    0     5.13211910924013                    0                    0                  270
                   1                    0     5.13737957205409                    0                    0                  270
                   1                    0     5.14239606163025                    0                    0                  270
                   1                    0     5.14716322816636                    0                    0                  270
                   1                    0     5.15167572186014                    0                    0                  270
                   1                    0     5.15592819290935                    0                    0                  270
                   1                    0     5.15991529151172                    0                    0                  270
                   1                    0     5.16363166786501                    0                    0                  270
                   1                    0     5.16707197216694                    0                    0                  270
                   1                    0     5.17023085461527                    0                    0                  270
                   1                    0     5.17310296540773                    0                    0                  270
                   1                    0     5.17568295474206                    0                    0                  270
                   1                    0     5.17796547281602                    0                    0                  270
                   1                    0     5.17994516982734                    0                    0                  270
                   1                    0     5.18161669597376                    0                    0                  270
                   1                    0     5.18297470145303                    0                    0                  270
                   1                    0     5.18401383646288                    0                    0                  270
                   1                    0     5.18472875120106                    0                    0                  270
                   1                    0     5.18511409586531                    0                    0                  270
                   1                    0     5.18516452065338                    0                    0                  270
                   1                    0       5.184874675763                    0                    0                  270
                   1                    0     5.18423921139192                    0                    0                  270
                   1                    0     5.18325277773788                    0                    0                  270
                   1                    0     5.18191002499862                    0                    0                  270
                   1                    0     5.18020560337188                    0                    0                  270
                   1                    0     5.17813416305541                    0                    0                  270
                   1                    0     5.17562266211267                    0                    0                  270
                   1                    0      5.1721165071751                    0                    0                  270
                   1                    0     5.16753003694386                    0                    0                  270
                   1                    0      5.1619075122539                    0                    0                  270
                   1                    0     5.15529319394017                    0                    0                  270
                   1                    0     5.14773134283764                    0                    0                  270
                   1                    0     5.13926621978124                    0                    0                  270
                   1                    0     5.12994208560593                    0                    0                  270
                   1                    0     5.11980320114667                    0                    0                  270
                   1                    0      5.1088938272384                    0                    0                  270
                   1                    0     5.09725822471608                    0                    0                  270
                   1                    0     5.08494065441465                    0                    0                  270
                   1                    0     5.07198537716908                    0                    0                  270
                   1                    0     5.05843665381431                    0                    0                  270
                   1                    0     5.04433874518529                    0                    0                  270
                   1                    0     5.02973591211698                    0                    0                  270
                   1                    0     5.01467241544433                    0                    0                  270
                   1                    0     4.99919251600228                    0                    0                  270
                   1                    0      4.9833404746258                    0                    0                  270
                   1                    0     4.96716055214984                    0                    0                  270
                   1                    0     4.95069700940934                    0                    0                  270
                   1                    0     4.93399410723925                    0                    0                  270
                   1                    0     4.91709610647454                    0                    0                  270
                   1                    0     4.90004726795015                    0                    0                  270
                   1                    0     4.88289185250103                    0                    0                  270
                   1                    0     4.86567412096213                    0                    0                  270
                   1                    0     4.84843833416841                    0                    0                  270
                   1                    0     4.83122875295483                    0                    0                  270
                   1                    0     4.81408963815632                    0                    0                  270
                   1                    0     4.79706525060784                    0                    0                  270
                   1                    0     4.78019985114436                    0                    0                  270
                   1                    0      4.7635377006008                    0                    0                  270
                   1                    0     4.74712305981214                    0                    0                  270
                   1                    0     4.73100018961331                    0                    0                  270
                   1                    0     4.71521335083928                    0                    0                  270
                   1                    0     4.69980680432499                    0                    0                  270
                   1                    0      4.6848248109054                    0                    0                  270
                   1                    0     4.67031163141546                    0                    0                  270
                   1                    0     4.65631152669012                    0                    0                  270
                   1                    0     4.64286875756433                    0                    0                  270
                   1                    0     4.63002758487304                    0                    0                  270
                   1                    0     4.61783226945121                    0                    0                  270
                   1                    0     4.60632707213378                    0                    0                  270
                   1                    0     4.59555625375572                    0                    0                  270
                   1                    0     4.58556407515196                    0                    0                  270
                   1                    0     4.57639479715747                    0                    0                  270
                   1                    0      4.5680926806072                    0                    0                  270
                   1                    0     4.56070198633609                    0                    0                  270
                   1                    0      4.5542669751791                    0                    0                  270
                   1                    0     4.54883190797118                    0                    0                  270
                   1                    0     4.54444104554728                    0                    0                  270
                   1                    0     4.54113864874236                    0                    0                  270
                   1                    0     4.53896897839137                    0                    0                  270
                   1                    0     4.53797629532925                    0                    0                  270
                   1                    0     4.53824253695173                    0                    0                  270
                   1                    0     4.54088747876447                    0                    0                  270
                   1                    0     4.54631842721667                    0                    0                  270
                   1                    0     4.55440384990326                    0                    0                  270
                   1                    0     4.56501221441913                    0                    0                  270
                   1                    0      4.5780119883592                    0                    0                  270
                   1                    0      4.5932716393184                    0                    0                  270
                   1                    0     4.61065963489162                    0                    0                  270
                   1                    0     4.63004444267379                    0                    0                  270
                   1                    0     4.65129453025983                    0                    0                  270
                   1                    0     4.67427836524463                    0                    0                  270
                   1                    0     4.69886441522312                    0                    0                  270
                   1                    0     4.72492114779022                    0                    0                  270
                   1                    0     4.75231703054083                    0                    0                  270
                   1                    0     4.78092053106987                    0                    0                  270
                   1                    0     4.81060011697225                    0                    0                  270
                   1                    0     4.84122425584289                    0                    0                  270
                   1                    0     4.87266141527669                    0                    0                  270
                   1                    0     4.90478006286859                    0                    0                  270
                   1                    0     4.93744866621348                    0                    0                  270
                   1                    0     4.97053569290628                    0                    0                  270
                   1                    0     5.00390961054191                    0                    0                  270
                   1                    0     5.03743888671529                    0                    0                  270
                   1                    0     5.07099198902131                    0                    0                  270
                   1                    0      5.1044373850549                    0                    0                  270
                   1                    0     5.13764354241097                    0                    0                  270
                   1                    0     5.17047892868444                    0                    0                  270
                   1                    0     5.20281201147022                    0                    0                  270
                   1                    0     5.23451125836322                    0                    0                  270
                   1                    0     5.26544513695836                    0                    0                  270
                   1                    0     5.29548211485055                    0                    0                  270
                   1                    0      5.3244906596347                    0                    0                  270
                   1                    0     5.35233923890573                    0                    0                  270
                   1                    0     5.37889632025856                    0                    0                  270
                   1                    0     5.40403037128809                    0                    0                  270
                   1                    0     5.42760985958924                    0                    0                  270
                   1                    0     5.44950325275692                    0                    0                  270
                   1                    0     5.46957901838605                    0                    0                  270
                   1                    0     5.48770562407155                    0                    0                  270
                   1                    0     5.50375153740832                    0                    0                  270
                   1                    0     5.51758522599128                    0                    0                  270
                   1                    0     5.52907515741534                    0                    0                  270
                   1                    0     5.53808979927542                    0                    0                  270
                   1                    0     5.54449761916643                    0                    0                  270
                   1                    0     5.54816708468328                    0                    0                  270
                   1                    0      5.5489666634209                    0                    0                  270
                   1                    0     5.54676482297418                    0                    0                  270
                   1                    0     5.54143003093805                    0                    0                  270
                   1                    0     5.53283075490743                    0                    0                  270
                   1                    0     5.52083546247721                    0                    0                  270
                   1                    0     5.50531262124233                    0                    0                  270
                   1                    0     5.48613069879768                    0                    0                  270
                   1                    0      5.4631581627382                    0                    0                  270
                   1                    0     5.43626348065878                    0                    0                  270
                   1                    0     5.40531512015434                    0                    0                  270
                   1                    0      5.3701815488198                    0                    0                  270
                   1                    0     5.33073123425008                    0                    0                  270
                   1                    0     5.27703546066386                    0                    0                  270
                   1                    0     5.19660834511133                    0                    0                  270
                   1                    0     5.09131680356288                    0                    0                  270
                   1                    0     4.96311975626088                    0                    0                  270
                   1                    0     4.81397612344771                    0                    0                  270
                   1                    0     4.64584482536575                    0                    0                  270
                   1                    0     4.46068478225738                    0                    0                  270
                   1                    0     4.26045491436497                    0                    0                  270
                   1                    0     4.04711414193089                    0                    0                  270
                   1                    0     3.82262138519753                    0                    0                  270
                   1                    0     3.58893556440726                    0                    0                  270
                   1                    0     3.34801559980246                    0                    0                  270
                   1                    0      3.1018204116255                    0                    0                  270
                   1                    0     2.85230892011876                    0                    0                  270
                   1                    0     2.60144004552461                    0                    0                  270
                   1                    0     2.35117270808544                    0                    0                  270
                   1                    0     2.10346582804362                    0                    0                  270
                   1                    0     1.86027832564152                    0                    0                  270
                   1                    0     1.62356912112153                    0                    0                  270
                   1                    0     1.39529713472601                    0                    0                  270
                   1                    0     1.17742128669735                    0                    0                  270
                   1                    0    0.971900497277919                    0                    0                  270
                   1                    0    0.780693686710097                    0                    0                  270
                   1                    0    0.605759775236257                    0                    0                  270
                   1                    0     0.44905768309878                    0                    0                  270
                   1                    0    0.312546330540039                    0                    0                  270
                   1                    0    0.198184637802412                    0                    0                  270
                   1                    0    0.107931525128275                    0                    0                  270
                   1                    0   0.0437459127600031                    0                    0                  270
                   1                    0  0.00758672093997514                    0                    0                  270
   0.200744136411231                    0 0.000157628972367263                    0                    0                  270
                   0                    0                    0                    0                    0                  270
