#      z (A) rho (1e-6/A2) irho (1e-6/A2)
-50.65302981  20.08812461   0.10780906
-50.55302981  20.08850599   0.10796189
-50.45302981  20.08889420   0.10811745
-50.35302981  20.08928934   0.10827580
-50.25302981  20.08969153   0.10843696
-50.15302981  20.09010086   0.10860099
-50.05302981  20.09051746   0.10876793
-49.95302981  20.09094144   0.10893783
-49.85302981  20.09137291   0.10911073
-49.75302981  20.09181199   0.10928669
-49.65302981  20.09225881   0.10946574
-49.55302981  20.09271347   0.10964793
-49.45302981  20.09317611   0.10983332
-49.35302981  20.09364684   0.11002196
-49.25302981  20.09412579   0.11021389
-49.15302981  20.09461309   0.11040916
-49.05302981  20.09510887   0.11060783
-48.95302981  20.09561324   0.11080995
-48.85302981  20.09612636   0.11101557
-48.75302981  20.09664834   0.11122474
-48.65302981  20.09717933   0.11143752
-48.55302981  20.09771945   0.11165396
-48.45302981  20.09826886   0.11187412
-48.35302981  20.09882768   0.11209805
-48.25302981  20.09939606   0.11232582
-48.15302981  20.09997414   0.11255747
-48.05302981  20.10056207   0.11279307
-47.95302981  20.10115999   0.11303267
-47.85302981  20.10176806   0.11327634
-47.75302981  20.10238642   0.11352414
-47.65302981  20.10301522   0.11377611
-47.55302981  20.10365463   0.11403234
-47.45302981  20.10430479   0.11429288
-47.35302981  20.10496586   0.11455778
-47.25302981  20.10563800   0.11482713
-47.15302981  20.10632138   0.11510098
-47.05302981  20.10701615   0.11537939
-46.95302981  20.10772249   0.11566244
-46.85302981  20.10844056   0.11595019
-46.75302981  20.10917052   0.11624270
-46.65302981  20.10991256   0.11654006
-46.55302981  20.11066684   0.11684232
-46.45302981  20.11143354   0.11714955
-46.35302981  20.11221283   0.11746183
-46.25302981  20.11300490   0.11777924
-46.15302981  20.11380992   0.11810183
-46.05302981  20.11462808   0.11842969
-45.95302981  20.11545957   0.11876289
-45.85302981  20.11630457   0.11910150
-45.75302981  20.11716326   0.11944560
-45.65302981  20.11803586   0.11979527
-45.55302981  20.11892253   0.12015059
-45.45302981  20.11982349   0.12051163
-45.35302981  20.12073893   0.12087847
-45.25302981  20.12166905   0.12125119
-45.15302981  20.12261405   0.12162988
-45.05302981  20.12357414   0.12201461
-44.95302981  20.12454952   0.12240547
-44.85302981  20.12554040   0.12280254
-44.75302981  20.12654700   0.12320591
-44.65302981  20.12756952   0.12361566
-44.55302981  20.12860819   0.12403188
-44.45302981  20.12966322   0.12445466
-44.35302981  20.13073482   0.12488408
-44.25302981  20.13182323   0.12532023
-44.15302981  20.13292866   0.12576321
-44.05302981  20.13405135   0.12621310
-43.95302981  20.13519152   0.12667000
-43.85302981  20.13634941   0.12713399
-43.75302981  20.13752525   0.12760518
-43.65302981  20.13871927   0.12808366
-43.55302981  20.13993171   0.12856952
-43.45302981  20.14116283   0.12906285
-43.35302981  20.14241285   0.12956377
-43.25302981  20.14368202   0.13007236
-43.15302981  20.14497060   0.13058873
-43.05302981  20.14627883   0.13111297
-42.95302981  20.14760697   0.13164519
-42.85302981  20.14895527   0.13218549
-42.75302981  20.15032399   0.13273397
-42.65302981  20.15171339   0.13329074
-42.55302981  20.15312373   0.13385590
-42.45302981  20.15455529   0.13442956
-42.35302981  20.15600832   0.13501183
-42.25302981  20.15748310   0.13560281
-42.15302981  20.15897990   0.13620262
-42.05302981  20.16049900   0.13681136
-41.95302981  20.16204068   0.13742915
-41.85302981  20.16360520   0.13805610
-41.75302981  20.16519287   0.13869232
-41.65302981  20.16680396   0.13933793
-41.55302981  20.16843876   0.13999303
-41.45302981  20.17009757   0.14065776
-41.35302981  20.17178067   0.14133223
-41.25302981  20.17348837   0.14201654
-41.15302981  20.17522095   0.14271084
-41.05302981  20.17697873   0.14341522
-40.95302981  20.17876201   0.14412983
-40.85302981  20.18057108   0.14485477
-40.75302981  20.18240627   0.14559018
-40.65302981  20.18426788   0.14633618
-40.55302981  20.18615623   0.14709289
-40.45302981  20.18807163   0.14786044
-40.35302981  20.19001441   0.14863896
-40.25302981  20.19198488   0.14942858
-40.15302981  20.19398337   0.15022942
-40.05302981  20.19601020   0.15104163
-39.95302981  20.19806572   0.15186533
-39.85302981  20.20015024   0.15270065
-39.75302981  20.20226411   0.15354773
-39.65302981  20.20440766   0.15440671
-39.55302981  20.20658124   0.15527772
-39.45302981  20.20878518   0.15616090
-39.35302981  20.21101984   0.15705638
-39.25302981  20.21328556   0.15796432
-39.15302981  20.21558269   0.15888484
-39.05302981  20.21791159   0.15981809
-38.95302981  20.22027261   0.16076421
-38.85302981  20.22266611   0.16172335
-38.75302981  20.22509245   0.16269565
-38.65302981  20.22755200   0.16368125
-38.55302981  20.23004513   0.16468032
-38.45302981  20.23257221   0.16569298
-38.35302981  20.23513360   0.16671940
-38.25302981  20.23772968   0.16775971
-38.15302981  20.24036083   0.16881408
-38.05302981  20.24302743   0.16988266
-37.95302981  20.24572987   0.17096560
-37.85302981  20.24846852   0.17206305
-37.75302981  20.25124378   0.17317517
-37.65302981  20.25405603   0.17430211
-37.55302981  20.25690568   0.17544404
-37.45302981  20.25979311   0.17660111
-37.35302981  20.26271873   0.17777348
-37.25302981  20.26568293   0.17896131
-37.15302981  20.26868612   0.18016477
-37.05302981  20.27172870   0.18138401
-36.95302981  20.27481109   0.18261920
-36.85302981  20.27793370   0.18387051
-36.75302981  20.28109693   0.18513810
-36.65302981  20.28430121   0.18642214
-36.55302981  20.28754695   0.18772279
-36.45302981  20.29083457   0.18904023
-36.35302981  20.29416450   0.19037462
-36.25302981  20.29753717   0.19172614
-36.15302981  20.30095300   0.19309495
-36.05302981  20.30441243   0.19448123
-35.95302981  20.30791588   0.19588516
-35.85302981  20.31146379   0.19730690
-35.75302981  20.31505661   0.19874663
-35.65302981  20.31869477   0.20020454
-35.55302981  20.32237872   0.20168079
-35.45302981  20.32610889   0.20317557
-35.35302981  20.32988575   0.20468906
-35.25302981  20.33370973   0.20622143
-35.15302981  20.33758129   0.20777286
-35.05302981  20.34150089   0.20934355
-34.95302981  20.34546898   0.21093367
-34.85302981  20.34948603   0.21254340
-34.75302981  20.35355248   0.21417293
-34.65302981  20.35766881   0.21582246
-34.55302981  20.36183548   0.21749215
-34.45302981  20.36605296   0.21918220
-34.35302981  20.37032172   0.22089281
-34.25302981  20.37464223   0.22262415
-34.15302981  20.37901497   0.22437642
-34.05302981  20.38344040   0.22614980
-33.95302981  20.38791901   0.22794450
-33.85302981  20.39245129   0.22976070
-33.75302981  20.39703770   0.23159860
-33.65302981  20.40167874   0.23345838
-33.55302981  20.40637489   0.23534025
-33.45302981  20.41112664   0.23724440
-33.35302981  20.41593447   0.23917103
-33.25302981  20.42079889   0.24112032
-33.15302981  20.42572037   0.24309249
-33.05302981  20.43069943   0.24508773
-32.95302981  20.43573655   0.24710624
-32.85302981  20.44083223   0.24914821
-32.75302981  20.44598697   0.25121385
-32.65302981  20.45120128   0.25330336
-32.55302981  20.45647566   0.25541694
-32.45302981  20.46181061   0.25755479
-32.35302981  20.46720664   0.25971712
-32.25302981  20.47266425   0.26190413
-32.15302981  20.47818396   0.26411602
-32.05302981  20.48376628   0.26635300
-31.95302981  20.48941171   0.26861528
-31.85302981  20.49512078   0.27090305
-31.75302981  20.50089399   0.27321653
-31.65302981  20.50673187   0.27555592
-31.55302981  20.51263493   0.27792142
-31.45302981  20.51860368   0.28031326
-31.35302981  20.52463866   0.28273163
-31.25302981  20.53074037   0.28517675
-31.15302981  20.53690934   0.28764881
-31.05302981  20.54314609   0.29014804
-30.95302981  20.54945115   0.29267465
-30.85302981  20.55582504   0.29522883
-30.75302981  20.56226829   0.29781081
-30.65302981  20.56878142   0.30042079
-30.55302981  20.57536496   0.30305899
-30.45302981  20.58201943   0.30572561
-30.35302981  20.58874537   0.30842087
-30.25302981  20.59554331   0.31114498
-30.15302981  20.60241377   0.31389815
-30.05302981  20.60935728   0.31668060
-29.95302981  20.61637438   0.31949253
-29.85302981  20.62346560   0.32233417
-29.75302981  20.63063146   0.32520572
-29.65302981  20.63787250   0.32810739
-29.55302981  20.64518926   0.33103941
-29.45302981  20.65258226   0.33400197
-29.35302981  20.66005203   0.33699531
-29.25302981  20.66759911   0.34001962
-29.15302981  20.67522403   0.34307512
-29.05302981  20.68292733   0.34616204
-28.95302981  20.69070954   0.34928057
-28.85302981  20.69857118   0.35243094
-28.75302981  20.70651279   0.35561335
-28.65302981  20.71453491   0.35882802
-28.55302981  20.72263807   0.36207516
-28.45302981  20.73082279   0.36535500
-28.35302981  20.73908960   0.36866773
-28.25302981  20.74743905   0.37201357
-28.15302981  20.75587166   0.37539273
-28.05302981  20.76438795   0.37880543
-27.95302981  20.77298846   0.38225188
-27.85302981  20.78167371   0.38573229
-27.75302981  20.79044424   0.38924687
-27.65302981  20.79930057   0.39279583
-27.55302981  20.80824322   0.39637939
-27.45302981  20.81727272   0.39999774
-27.35302981  20.82638959   0.40365111
-27.25302981  20.83559436   0.40733970
-27.15302981  20.84488755   0.41106372
-27.05302981  20.85426967   0.41482339
-26.95302981  20.86374125   0.41861890
-26.85302981  20.87330280   0.42245046
-26.75302981  20.88295485   0.42631828
-26.65302981  20.89269789   0.43022258
-26.55302981  20.90253246   0.43416354
-26.45302981  20.91245905   0.43814139
-26.35302981  20.92247818   0.44215632
-26.25302981  20.93259036   0.44620853
-26.15302981  20.94279609   0.45029823
-26.05302981  20.95309588   0.45442563
-25.95302981  20.96349022   0.45859091
-25.85302981  20.97397963   0.46279429
-25.75302981  20.98456459   0.46703596
-25.65302981  20.99524561   0.47131612
-25.55302981  21.00602317   0.47563498
-25.45302981  21.01689777   0.47999271
-25.35302981  21.02786990   0.48438953
-25.25302981  21.03894004   0.48882562
-25.15302981  21.05010867   0.49330119
-25.05302981  21.06137629   0.49781641
-24.95302981  21.07274336   0.50237150
-24.85302981  21.08421036   0.50696662
-24.75302981  21.09577777   0.51160199
-24.65302981  21.10744605   0.51627777
-24.55302981  21.11921567   0.52099417
-24.45302981  21.13108710   0.52575136
-24.35302981  21.14306079   0.53054953
-24.25302981  21.15513721   0.53538887
-24.15302981  21.16731681   0.54026955
-24.05302981  21.17960003   0.54519175
-23.95302981  21.19198732   0.55015567
-23.85302981  21.20447914   0.55516146
-23.75302981  21.21707591   0.56020932
-23.65302981  21.22977808   0.56529941
-23.55302981  21.24258608   0.57043191
-23.45302981  21.25550033   0.57560699
-23.35302981  21.26852126   0.58082482
-23.25302981  21.28164930   0.58608556
-23.15302981  21.29488485   0.59138939
-23.05302981  21.30822833   0.59673647
-22.95302981  21.32168015   0.60212697
-22.85302981  21.33524072   0.60756104
-22.75302981  21.34891043   0.61303885
-22.65302981  21.36268967   0.61856056
-22.55302981  21.37657885   0.62412631
-22.45302981  21.39057833   0.62973627
-22.35302981  21.40468852   0.63539059
-22.25302981  21.41890977   0.64108942
-22.15302981  21.43324247   0.64683290
-22.05302981  21.44768697   0.65262119
-21.95302981  21.46224365   0.65845444
-21.85302981  21.47691286   0.66433277
-21.75302981  21.49169495   0.67025634
-21.65302981  21.50659026   0.67622528
-21.55302981  21.52159913   0.68223973
-21.45302981  21.53672191   0.68829982
-21.35302981  21.55195892   0.69440569
-21.25302981  21.56731049   0.70055746
-21.15302981  21.58277693   0.70675527
-21.05302981  21.59835856   0.71299923
-20.95302981  21.61405568   0.71928948
-20.85302981  21.62986860   0.72562613
-20.75302981  21.64579761   0.73200930
-20.65302981  21.66184300   0.73843911
-20.55302981  21.67800506   0.74491566
-20.45302981  21.69428406   0.75143908
-20.35302981  21.71068027   0.75800947
-20.25302981  21.72719396   0.76462694
-20.15302981  21.74382538   0.77129159
-20.05302981  21.76057479   0.77800351
-19.95302981  21.77744244   0.78476282
-19.85302981  21.79442855   0.79156960
-19.75302981  21.81153337   0.79842395
-19.65302981  21.82875712   0.80532595
-19.55302981  21.84610002   0.81227570
-19.45302981  21.86356227   0.81927328
-19.35302981  21.88114409   0.82631878
-19.25302981  21.89884567   0.83341227
-19.15302981  21.91666721   0.84055382
-19.05302981  21.93460888   0.84774351
-18.95302981  21.95267086   0.85498142
-18.85302981  21.97085332   0.86226761
-18.75302981  21.98915643   0.86960214
-18.65302981  22.00758033   0.87698508
-18.55302981  22.02612518   0.88441648
-18.45302981  22.04479111   0.89189641
-18.35302981  22.06357825   0.89942491
-18.25302981  22.08248673   0.90700203
-18.15302981  22.10151667   0.91462782
-18.05302981  22.12066816   0.92230233
-17.95302981  22.13994133   0.93002559
-17.85302981  22.15933624   0.93779764
-17.75302981  22.17885300   0.94561851
-17.65302981  22.19849168   0.95348824
-17.55302981  22.21825234   0.96140685
-17.45302981  22.23813504   0.96937437
-17.35302981  22.25813984   0.97739082
-17.25302981  22.27826679   0.98545621
-17.15302981  22.29851591   0.99357056
-17.05302981  22.31888723   1.00173388
-16.95302981  22.33938078   1.00994618
-16.85302981  22.35999656   1.01820746
-16.75302981  22.38073457   1.02651773
-16.65302981  22.40159481   1.03487697
-16.55302981  22.42257726   1.04328519
-16.45302981  22.44368190   1.05174237
-16.35302981  22.46490870   1.06024850
-16.25302981  22.48625760   1.06880356
-16.15302981  22.50772857   1.07740754
-16.05302981  22.52932154   1.08606041
-15.95302981  22.55103644   1.09476213
-15.85302981  22.57287320   1.10351269
-15.75302981  22.59483173   1.11231205
-15.65302981  22.61691193   1.12116016
-15.55302981  22.63911370   1.13005699
-15.45302981  22.66143693   1.13900249
-15.35302981  22.68388149   1.14799661
-15.25302981  22.70644725   1.15703930
-15.15302981  22.72913407   1.16613050
-15.05302981  22.75194180   1.17527016
-14.95302981  22.77487028   1.18445820
-14.85302981  22.79791934   1.19369456
-14.75302981  22.82108880   1.20297916
-14.65302981  22.84437847   1.21231194
-14.55302981  22.86778816   1.22169282
-14.45302981  22.89131765   1.23112170
-14.35302981  22.91496674   1.24059851
-14.25302981  22.93873520   1.25012315
-14.15302981  22.96262279   1.25969553
-14.05302981  22.98662926   1.26931555
-13.95302981  23.01075436   1.27898311
-13.85302981  23.03499783   1.28869810
-13.75302981  23.05935940   1.29846042
-13.65302981  23.08383877   1.30826994
-13.55302981  23.10843566   1.31812656
-13.45302981  23.13314977   1.32803014
-13.35302981  23.15798078   1.33798058
-13.25302981  23.18292836   1.34797773
-13.15302981  23.20799220   1.35802146
-13.05302981  23.23317194   1.36811164
-12.95302981  23.25846723   1.37824812
-12.85302981  23.28387772   1.38843077
-12.75302981  23.30940303   1.39865943
-12.65302981  23.33504278   1.40893395
-12.55302981  23.36079659   1.41925417
-12.45302981  23.38666405   1.42961993
-12.35302981  23.41264475   1.44003108
-12.25302981  23.43873827   1.45048744
-12.15302981  23.46494419   1.46098883
-12.05302981  23.49126205   1.47153509
-11.95302981  23.51769143   1.48212603
-11.85302981  23.54423185   1.49276147
-11.75302981  23.57088285   1.50344122
-11.65302981  23.59764395   1.51416509
-11.55302981  23.62451467   1.52493289
-11.45302981  23.65149449   1.53574441
-11.35302981  23.67858293   1.54659945
-11.25302981  23.70577946   1.55749781
-11.15302981  23.73308355   1.56843928
-11.05302981  23.76049468   1.57942363
-10.95302981  23.78801228   1.59045065
-10.85302981  23.81563581   1.60152012
-10.75302981  23.84336471   1.61263182
-10.65302981  23.87119840   1.62378550
-10.55302981  23.89913628   1.63498094
-10.45302981  23.92717778   1.64621790
-10.35302981  23.95532229   1.65749614
-10.25302981  23.98356919   1.66881541
-10.15302981  24.01191787   1.68017547
-10.05302981  24.04036769   1.69157605
 -9.95302981  24.06891801   1.70301691
 -9.85302981  24.09756818   1.71449778
 -9.75302981  24.12631754   1.72601840
 -9.65302981  24.15516543   1.73757851
 -9.55302981  24.18411117   1.74917782
 -9.45302981  24.21315406   1.76081606
 -9.35302981  24.24229342   1.77249296
 -9.25302981  24.27152853   1.78420824
 -9.15302981  24.30085869   1.79596160
 -9.05302981  24.33028317   1.80775275
 -8.95302981  24.35980123   1.81958141
 -8.85302981  24.38941215   1.83144728
 -8.75302981  24.41911516   1.84335005
 -8.65302981  24.44890951   1.85528943
 -8.55302981  24.47879444   1.86726510
 -8.45302981  24.50876916   1.87927675
 -8.35302981  24.53883289   1.89132407
 -8.25302981  24.56898483   1.90340674
 -8.15302981  24.59922419   1.91552445
 -8.05302981  24.62955016   1.92767685
 -7.95302981  24.65996191   1.93986364
 -7.85302981  24.69045863   1.95208447
 -7.75302981  24.72103946   1.96433900
 -7.65302981  24.75170358   1.97662692
 -7.55302981  24.78245013   1.98894786
 -7.45302981  24.81327824   2.00130149
 -7.35302981  24.84418705   2.01368746
 -7.25302981  24.87517569   2.02610542
 -7.15302981  24.90624327   2.03855501
 -7.05302981  24.93738891   2.05103588
 -6.95302981  24.96861169   2.06354766
 -6.85302981  24.99991071   2.07609000
 -6.75302981  25.03128507   2.08866252
 -6.65302981  25.06273383   2.10126486
 -6.55302981  25.09425607   2.11389665
 -6.45302981  25.12585086   2.12655750
 -6.35302981  25.15751724   2.13924705
 -6.25302981  25.18925427   2.15196490
 -6.15302981  25.22106099   2.16471068
 -6.05302981  25.25293643   2.17748401
 -5.95302981  25.28487962   2.19028448
 -5.85302981  25.31688959   2.20311171
 -5.75302981  25.34896534   2.21596530
 -5.65302981  25.38110589   2.22884486
 -5.55302981  25.41331023   2.24174998
 -5.45302981  25.44557737   2.25468026
 -5.35302981  25.47790628   2.26763530
 -5.25302981  25.51029596   2.28061469
 -5.15302981  25.54274538   2.29361802
 -5.05302981  25.57525350   2.30664487
 -4.95302981  25.60781929   2.31969484
 -4.85302981  25.64044171   2.33276749
 -4.75302981  25.67311972   2.34586242
 -4.65302981  25.70585225   2.35897920
 -4.55302981  25.73863825   2.37211741
 -4.45302981  25.77147665   2.38527661
 -4.35302981  25.80436639   2.39845639
 -4.25302981  25.83730639   2.41165631
 -4.15302981  25.87029556   2.42487593
 -4.05302981  25.90333283   2.43811483
 -3.95302981  25.93641711   2.45137256
 -3.85302981  25.96954729   2.46464869
 -3.75302981  26.00272227   2.47794277
 -3.65302981  26.03594096   2.49125437
 -3.55302981  26.06920225   2.50458303
 -3.45302981  26.10250501   2.51792832
 -3.35302981  26.13584813   2.53128978
 -3.25302981  26.16923050   2.54466697
 -3.15302981  26.20265098   2.55805942
 -3.05302981  26.23610844   2.57146670
 -2.95302981  26.26960176   2.58488835
 -2.85302981  26.30312978   2.59832390
 -2.75302981  26.33669138   2.61177291
 -2.65302981  26.37028540   2.62523491
 -2.55302981  26.40391070   2.63870945
 -2.45302981  26.43756613   2.65219606
 -2.35302981  26.47125052   2.66569428
 -2.25302981  26.50496274   2.67920364
 -2.15302981  26.53870160   2.69272368
 -2.05302981  26.57246596   2.70625394
 -1.95302981  26.60625464   2.71979395
 -1.85302981  26.64006647   2.73334323
 -1.75302981  26.67390030   2.74690133
 -1.65302981  26.70775493   2.76046777
 -1.55302981  26.74162920   2.77404207
 -1.45302981  26.77552192   2.78762377
 -1.35302981  26.80943193   2.80121240
 -1.25302981  26.84335803   2.81480747
 -1.15302981  26.87729905   2.82840852
 -1.05302981  26.91125380   2.84201508
 -0.95302981  26.94522110   2.85562666
 -0.85302981  26.97919975   2.86924279
 -0.75302981  27.01318857   2.88286300
 -0.65302981  27.04718637   2.89648681
 -0.55302981  27.08119196   2.91011373
 -0.45302981  27.11520414   2.92374330
 -0.35302981  27.14922173   2.93737504
 -0.25302981  27.18324354   2.95100847
 -0.15302981  27.21726836   2.96464310
 -0.05302981  27.25129501   2.97827847
  0.04697019  27.28532229   2.99191409
  0.14697019  27.31934901   3.00554948
  0.24697019  27.35337398   3.01918418
  0.34697019  27.38739600   3.03281769
  0.44697019  27.42141388   3.04644954
  0.54697019  27.45542643   3.06007926
  0.64697019  27.48943245   3.07370636
  0.74697019  27.52343075   3.08733037
  0.84697019  27.55742015   3.10095081
  0.94697019  27.59139945   3.11456720
  1.04697019  27.62536747   3.12817907
  1.14697019  27.65932301   3.14178594
  1.24697019  27.69326490   3.15538734
  1.34697019  27.72719194   3.16898279
  1.44697019  27.76110295   3.18257182
  1.54697019  27.79499676   3.19615396
  1.64697019  27.82887218   3.20972872
  1.74697019  27.86272804   3.22329565
  1.84697019  27.89656315   3.23685426
  1.94697019  27.93037636   3.25040409
  2.04697019  27.96416647   3.26394468
  2.14697019  27.99793234   3.27747554
  2.24697019  28.03167278   3.29099622
  2.34697019  28.06538664   3.30450624
  2.44697019  28.09907276   3.31800515
  2.54697019  28.13272997   3.33149247
  2.64697019  28.16635713   3.34496775
  2.74697019  28.19995308   3.35843053
  2.84697019  28.23351667   3.37188034
  2.94697019  28.26704677   3.38531672
  3.04697019  28.30054222   3.39873922
  3.14697019  28.33400188   3.41214738
  3.24697019  28.36742464   3.42554075
  3.34697019  28.40080934   3.43891888
  3.44697019  28.43415488   3.45228130
  3.54697019  28.46746012   3.46562758
  3.64697019  28.50072395   3.47895727
  3.74697019  28.53394525   3.49226991
  3.84697019  28.56712292   3.50556507
  3.94697019  28.60025584   3.51884230
  4.04697019  28.63334293   3.53210116
  4.14697019  28.66638308   3.54534121
  4.24697019  28.69937520   3.55856201
  4.34697019  28.73231821   3.57176313
  4.44697019  28.76521102   3.58494414
  4.54697019  28.79805257   3.59810461
  4.64697019  28.83084177   3.61124410
  4.74697019  28.86357758   3.62436219
  4.84697019  28.89625891   3.63745845
  4.94697019  28.92888473   3.65053247
  5.04697019  28.96145399   3.66358382
  5.14697019  28.99396563   3.67661209
  5.24697019  29.02641863   3.68961685
  5.34697019  29.05881196   3.70259771
  5.44697019  29.09114459   3.71555423
  5.54697019  29.12341550   3.72848603
  5.64697019  29.15562367   3.74139269
  5.74697019  29.18776812   3.75427380
  5.84697019  29.21984782   3.76712898
  5.94697019  29.25186181   3.77995782
  6.04697019  29.28380907   3.79275992
  6.14697019  29.31568865   3.80553490
  6.24697019  29.34749956   3.81828236
  6.34697019  29.37924084   3.83100192
  6.44697019  29.41091153   3.84369319
  6.54697019  29.44251067   3.85635580
  6.64697019  29.47403734   3.86898936
  6.74697019  29.50549058   3.88159349
  6.84697019  29.53686947   3.89416783
  6.94697019  29.56817309   3.90671201
  7.04697019  29.59940052   3.91922565
  7.14697019  29.63055085   3.93170841
  7.24697019  29.66162318   3.94415990
  7.34697019  29.69261663   3.95657979
  7.44697019  29.72353031   3.96896770
  7.54697019  29.75436334   3.98132330
  7.64697019  29.78511485   3.99364624
  7.74697019  29.81578399   4.00593616
  7.84697019  29.84636989   4.01819273
  7.94697019  29.87687173   4.03041561
  8.04697019  29.90728865   4.04260447
  8.14697019  29.93761984   4.05475897
  8.24697019  29.96786447   4.06687878
  8.34697019  29.99802174   4.07896359
  8.44697019  30.02809084   4.09101306
  8.54697019  30.05807097   4.10302688
  8.64697019  30.08796136   4.11500474
  8.74697019  30.11776122   4.12694632
  8.84697019  30.14746979   4.13885132
  8.94697019  30.17708631   4.15071943
  9.04697019  30.20661002   4.16255036
  9.14697019  30.23604019   4.17434380
  9.24697019  30.26537609   4.18609946
  9.34697019  30.29461698   4.19781704
  9.44697019  30.32376216   4.20949628
  9.54697019  30.35281092   4.22113688
  9.64697019  30.38176256   4.23273855
  9.74697019  30.41061640   4.24430104
  9.84697019  30.43937175   4.25582406
  9.94697019  30.46802795   4.26730735
 10.04697019  30.49658434   4.27875064
 10.14697019  30.52504027   4.29015367
 10.24697019  30.55339509   4.30151619
 10.34697019  30.58164818   4.31283794
 10.44697019  30.60979891   4.32411867
 10.54697019  30.63784667   4.33535814
 10.64697019  30.66579085   4.34655611
 10.74697019  30.69363087   4.35771233
 10.84697019  30.72136613   4.36882657
 10.94697019  30.74899606   4.37989861
 11.04697019  30.77652010   4.39092821
 11.14697019  30.80393769   4.40191515
 11.24697019  30.83124829   4.41285922
 11.34697019  30.85845135   4.42376020
 11.44697019  30.88554635   4.43461787
 11.54697019  30.91253278   4.44543204
 11.64697019  30.93941012   4.45620249
 11.74697019  30.96617787   4.46692903
 11.84697019  30.99283556   4.47761146
 11.94697019  31.01938270   4.48824959
 12.04697019  31.04581881   4.49884323
 12.14697019  31.07214345   4.50939220
 12.24697019  31.09835616   4.51989632
 12.34697019  31.12445651   4.53035541
 12.44697019  31.15044406   4.54076930
 12.54697019  31.17631839   4.55113782
 12.64697019  31.20207909   4.56146081
 12.74697019  31.22772577   4.57173810
 12.84697019  31.25325803   4.58196954
 12.94697019  31.27867549   4.59215498
 13.04697019  31.30397777   4.60229426
 13.14697019  31.32916453   4.61238725
 13.24697019  31.35423540   4.62243380
 13.34697019  31.37919004   4.63243378
 13.44697019  31.40402812   4.64238705
 13.54697019  31.42874932   4.65229348
 13.64697019  31.45335333   4.66215294
 13.74697019  31.47783983   4.67196532
 13.84697019  31.50220855   4.68173050
 13.94697019  31.52645919   4.69144836
 14.04697019  31.55059148   4.70111880
 14.14697019  31.57460515   4.71074170
 14.24697019  31.59849996   4.72031697
 14.34697019  31.62227565   4.72984450
 14.44697019  31.64593199   4.73932421
 14.54697019  31.66946875   4.74875600
 14.64697019  31.69288572   4.75813978
 14.74697019  31.71618269   4.76747548
 14.84697019  31.73935946   4.77676300
 14.94697019  31.76241585   4.78600228
 15.04697019  31.78535167   4.79519325
 15.14697019  31.80816675   4.80433583
 15.24697019  31.83086095   4.81342996
 15.34697019  31.85343409   4.82247558
 15.44697019  31.87588606   4.83147264
 15.54697019  31.89821671   4.84042108
 15.64697019  31.92042592   4.84932084
 15.74697019  31.94251358   4.85817189
 15.84697019  31.96447959   4.86697419
 15.94697019  31.98632385   4.87572769
 16.04697019  32.00804628   4.88443235
 16.14697019  32.02964680   4.89308815
 16.24697019  32.05112535   4.90169506
 16.34697019  32.07248187   4.91025305
 16.44697019  32.09371632   4.91876210
 16.54697019  32.11482866   4.92722220
 16.64697019  32.13581886   4.93563332
 16.74697019  32.15668691   4.94399547
 16.84697019  32.17743279   4.95230862
 16.94697019  32.19805651   4.96057278
 17.04697019  32.21855808   4.96878794
 17.14697019  32.23893752   4.97695411
 17.24697019  32.25919487   4.98507129
 17.34697019  32.27933016   4.99313948
 17.44697019  32.29934345   5.00115871
 17.54697019  32.31923481   5.00912898
 17.64697019  32.33900430   5.01705031
 17.74697019  32.35865202   5.02492272
 17.84697019  32.37817807   5.03274623
 17.94697019  32.39758255   5.04052087
 18.04697019  32.41686558   5.04824666
 18.14697019  32.43602731   5.05592363
 18.24697019  32.45506789   5.06355182
 18.34697019  32.47398747   5.07113125
 18.44697019  32.49278625   5.07866196
 18.54697019  32.51146441   5.08614400
 18.64697019  32.53002217   5.09357739
 18.74697019  32.54845975   5.10096219
 18.84697019  32.56677742   5.10829842
 18.94697019  32.58497543   5.11558613
 19.04697019  32.60305409   5.12282537
 19.14697019  32.62101371   5.13001617
 19.24697019  32.63885463   5.13715858
 19.34697019  32.65657722   5.14425263
 19.44697019  32.67418187   5.15129838
 19.54697019  32.69166903   5.15829586
 19.64697019  32.70903915   5.16524510
 19.74697019  32.72629274   5.17214615
 19.84697019  32.74343035   5.17899903
 19.94697019  32.76045256   5.18580377
 20.04697019  32.77736002   5.19256039
 20.14697019  32.79415342   5.19926892
 20.24697019  32.81083350   5.20592935
 20.34697019  32.82740110   5.21254171
 20.44697019  32.84385708   5.21910598
 20.54697019  32.86020242   5.22562216
 20.64697019  32.87643817   5.23209020
 20.74697019  32.89256545   5.23851009
 20.84697019  32.90858551   5.24488177
 20.94697019  32.92449970   5.25120518
 21.04697019  32.94030950   5.25748023
 21.14697019  32.95601649   5.26370682
 21.24697019  32.97162244   5.26988482
 21.34697019  32.98712923   5.27601410
 21.44697019  33.00253896   5.28209448
 21.54697019  33.01785389   5.28812574
 21.64697019  33.03307649   5.29410767
 21.74697019  33.04820946   5.30003999
 21.84697019  33.06325574   5.30592238
 21.94697019  33.07821856   5.31175450
 22.04697019  33.09310142   5.31753595
 22.14697019  33.10790814   5.32326626
 22.24697019  33.12264291   5.32894494
 22.34697019  33.13731027   5.33457141
 22.44697019  33.15191521   5.34014502
 22.54697019  33.16646313   5.34566507
 22.64697019  33.18095995   5.35113075
 22.74697019  33.19541210   5.35654118
 22.84697019  33.20982659   5.36189538
 22.94697019  33.22421107   5.36719225
 23.04697019  33.23857383   5.37243060
 23.14697019  33.25292394   5.37760910
 23.24697019  33.26727121   5.38272628
 23.34697019  33.28162634   5.38778054
 23.44697019  33.29600095   5.39277011
 23.54697019  33.31040764   5.39769307
 23.64697019  33.32486009   5.40254728
 23.74697019  33.33937313   5.40733043
 23.84697019  33.35396285   5.41204000
 23.94697019  33.36864666   5.41667321
 24.04697019  33.38344340   5.42122706
 24.14697019  33.39837343   5.42569828
 24.24697019  33.41345879   5.43008332
 24.34697019  33.42872323   5.43437830
 24.44697019  33.44419241   5.43857905
 24.54697019  33.45989396   5.44268103
 24.64697019  33.47585766   5.44667935
 24.74697019  33.49211553   5.45056870
 24.84697019  33.50870202   5.45434337
 24.94697019  33.52565411   5.45799721
 25.04697019  33.54301147   5.46152358
 25.14697019  33.56081664   5.46491537
 25.24697019  33.57911515   5.46816493
 25.34697019  33.59795572   5.47126405
 25.44697019  33.61739039   5.47420394
 25.54697019  33.63747471   5.47697520
 25.64697019  33.65826787   5.47956781
 25.74697019  33.67983294   5.48197104
 25.84697019  33.70223694   5.48417348
 25.94697019  33.72555110   5.48616299
 26.04697019  33.74985096   5.48792666
 26.14697019  33.77521656   5.48945081
 26.24697019  33.80173257   5.49072092
 26.34697019  33.82948847   5.49172165
 26.44697019  33.85857865   5.49243679
 26.54697019  33.88910259   5.49284922
 26.64697019  33.92116491   5.49294094
 26.74697019  33.95487554   5.49269299
 26.84697019  33.99034976   5.49208549
 26.94697019  34.02770830   5.49109759
 27.04697019  34.06707739   5.48970746
 27.14697019  34.10858876   5.48789234
 27.24697019  34.15237969   5.48562843
 27.34697019  34.19859296   5.48289102
 27.44697019  34.24737681   5.47965440
 27.54697019  34.29888487   5.47589192
 27.64697019  34.35327604   5.47157599
 27.74697019  34.41071435   5.46667813
 27.84697019  34.47136880   5.46116897
 27.94697019  34.53541311   5.45501831
 28.04697019  34.60302548   5.44819515
 28.14697019  34.67438831   5.44066775
 28.24697019  34.74968784   5.43240370
 28.34697019  34.82911377   5.42336996
 28.44697019  34.91285883   5.41353296
 28.54697019  35.00111834   5.40285867
 28.64697019  35.09408966   5.39131270
 28.74697019  35.19197165   5.37886039
 28.84697019  35.29496406   5.36546691
 28.94697019  35.40326690   5.35109739
 29.04697019  35.51707972   5.33571704
 29.14697019  35.63660091   5.31929127
 29.24697019  35.76202692   5.30178582
 29.34697019  35.89355147   5.28316692
 29.44697019  36.03136468   5.26340142
 29.54697019  36.17565225   5.24245697
 29.64697019  36.32659452   5.22030214
 29.74697019  36.48436561   5.19690660
 29.84697019  36.64913241   5.17224131
 29.94697019  36.82105372   5.14627863
 30.04697019  37.00027924   5.11899255
 30.14697019  37.18694860   5.09035883
 30.24697019  37.38119047   5.06035515
 30.34697019  37.58312157   5.02896131
 30.44697019  37.79284573   4.99615937
 30.54697019  38.01045304   4.96193386
 30.64697019  38.23601890   4.92627183
 30.74697019  38.46960324   4.88916314
 30.84697019  38.71124969   4.85060046
 30.94697019  38.96098482   4.81057950
 31.04697019  39.21881747   4.76909912
 31.14697019  39.48473810   4.72616140
 31.24697019  39.75871819   4.68177176
 31.34697019  40.04070980   4.63593907
 31.44697019  40.33064511   4.58867570
 31.54697019  40.62843611   4.53999758
 31.64697019  40.93397433   4.48992426
 31.74697019  41.24713069   4.43847892
 31.84697019  41.56775544   4.38568839
 31.94697019  41.89567822   4.33158311
 32.04697019  42.23070813   4.27619719
 32.14697019  42.57263405   4.21956825
 32.24697019  42.92122491   4.16173747
 32.34697019  43.27623017   4.10274943
 32.44697019  43.63738032   4.04265206
 32.54697019  44.00438756   3.98149652
 32.64697019  44.37694653   3.91933704
 32.74697019  44.75473511   3.85623081
 32.84697019  45.13741535   3.79223780
 32.94697019  45.52463448   3.72742056
 33.04697019  45.91602601   3.66184407
 33.14697019  46.31121083   3.59557552
 33.24697019  46.70979850   3.52868406
 33.34697019  47.11138849   3.46124062
 33.44697019  47.51557153   3.39331764
 33.54697019  47.92193099   3.32498884
 33.64697019  48.33004429   3.25632898
 33.74697019  48.73948437   3.18741355
 33.84697019  49.14982112   3.11831858
 33.94697019  49.56062288   3.04912034
 34.04697019  49.97145790   2.97989508
 34.14697019  50.38189584   2.91071879
 34.24697019  50.79150916   2.84166692
 34.34697019  51.19987463   2.77281413
 34.44697019  51.60657463   2.70423406
 34.54697019  52.01119861   2.63599908
 34.64697019  52.41334431   2.56818006
 34.74697019  52.81261904   2.50084615
 34.84697019  53.20864086   2.43406457
 34.94697019  53.60103973   2.36790042
 35.04697019  53.98945851   2.30241649
 35.14697019  54.37355395   2.23767309
 35.24697019  54.75299757   2.17372789
 35.34697019  55.12747647   2.11063581
 35.44697019  55.49669402   2.04844884
 35.54697019  55.86037047   1.98721599
 35.64697019  56.21824351   1.92698317
 35.74697019  56.57006869   1.86779312
 35.84697019  56.91561974   1.80968535
 35.94697019  57.25468885   1.75269610
 36.04697019  57.58708681   1.69685832
 36.14697019  57.91264309   1.64220164
 36.24697019  58.23120581   1.58875242
 36.34697019  58.54264167   1.53653369
 36.44697019  58.84683575   1.48556529
 36.54697019  59.14369127   1.43586381
 36.64697019  59.43312924   1.38744274
 36.74697019  59.71508814   1.34031246
 36.84697019  59.98952338   1.29448039
 36.94697019  60.25640686   1.24995105
 37.04697019  60.51572641   1.20672615
 37.14697019  60.76748515   1.16480472
 37.24697019  61.01170088   1.12418323
 37.34697019  61.24840542   1.08485568
 37.44697019  61.47764387   1.04681374
 37.54697019  61.69947390   1.01004691
 37.64697019  61.91396504   0.97454260
 37.74697019  62.12119785   0.94028631
 37.84697019  62.32126325   0.90726173
 37.94697019  62.51426166   0.87545091
 38.04697019  62.70030233   0.84483437
 38.14697019  62.87950248   0.81539125
 38.24697019  63.05198662   0.78709945
 38.34697019  63.21788581   0.75993572
 38.44697019  63.37733690   0.73387584
 38.54697019  63.53048185   0.70889471
 38.64697019  63.67746704   0.68496650
 38.74697019  63.81844264   0.66206473
 38.84697019  63.95356193   0.64016241
 38.94697019  64.08298074   0.61923211
 39.04697019  64.20685686   0.59924613
 39.14697019  64.32534947   0.58017651
 39.24697019  64.43861867   0.56199519
 39.34697019  64.54682493   0.54467405
 39.44697019  64.65012872   0.52818503
 39.54697019  64.74868999   0.51250014
 39.64697019  64.84266788   0.49759162
 39.74697019  64.93222025   0.48343191
 39.84697019  65.01750346   0.46999376
 39.94697019  65.09867196   0.45725027
 40.04697019  65.17587810   0.44517496
 40.14697019  65.24927182   0.43374175
 40.24697019  65.31900048   0.42292506
 40.34697019  65.38520863   0.41269983
 40.44697019  65.44803784   0.40304151
 40.54697019  65.50762658   0.39392615
 40.64697019  65.56411006   0.38533034
 40.74697019  65.61762014   0.37723132
 40.84697019  65.66828523   0.36960692
 40.94697019  65.71623023   0.36243559
 41.04697019  65.76157650   0.35569643
 41.14697019  65.80444177   0.34936918
 41.24697019  65.84494015   0.34343422
 41.34697019  65.88318211   0.33787257
 41.44697019  65.91927449   0.33266589
 41.54697019  65.95332052   0.32779650
 41.64697019  65.98541979   0.32324732
 41.74697019  66.01566837   0.31900194
 41.84697019  66.04415876   0.31504452
 41.94697019  66.07098000   0.31135988
 42.04697019  66.09621768   0.30793340
 42.14697019  66.11995403   0.30475108
 42.24697019  66.14226796   0.30179948
 42.34697019  66.16323514   0.29906572
 42.44697019  66.18292808   0.29653750
 42.54697019  66.20141617   0.29420302
 42.64697019  66.21876580   0.29205105
 42.74697019  66.23504041   0.29007081
 42.84697019  66.25030058   0.28825208
 42.94697019  66.26460410   0.28658508
 43.04697019  66.27800608   0.28506050
 43.14697019  66.29055901   0.28366950
 43.24697019  66.30231285   0.28240365
 43.34697019  66.31331511   0.28125496
 43.44697019  66.32361094   0.28021585
 43.54697019  66.33324322   0.27927911
 43.64697019  66.34225262   0.27843793
 43.74697019  66.35067771   0.27768585
 43.84697019  66.35855501   0.27701676
 43.94697019  66.36591908   0.27642489
 44.04697019  66.37280264   0.27590478
 44.14697019  66.37923656   0.27545129
 44.24697019  66.38525003   0.27505958
 44.34697019  66.39087056   0.27472507
 44.44697019  66.39612409   0.27444346
 44.54697019  66.40103506   0.27421072
 44.64697019  66.40562647   0.27402305
 44.74697019  66.40991994   0.27387687
 44.84697019  66.41393579   0.27376886
 44.94697019  66.41769309   0.27369589
 45.04697019  66.42120973   0.27365501
 45.14697019  66.42450250   0.27364350
 45.24697019  66.42758708   0.27365880
 45.34697019  66.43047819   0.27369852
 45.44697019  66.43318955   0.27376043
 45.54697019  66.43573401   0.27384247
 45.64697019  66.43812354   0.27394270
 45.74697019  66.44036932   0.27405935
 45.84697019  66.44248177   0.27419073
 45.94697019  66.44447058   0.27433532
 46.04697019  66.44634478   0.27449169
 46.14697019  66.44811274   0.27465851
 46.24697019  66.44978227   0.27483457
 46.34697019  66.45136059   0.27501873
 46.44697019  66.45285441   0.27520997
 46.54697019  66.45426995   0.27540733
 46.64697019  66.45561296   0.27560992
 46.74697019  66.45688878   0.27581695
 46.84697019  66.45810231   0.27602767
 46.94697019  66.45925812   0.27624141
 47.04697019  66.46036041   0.27645754
 47.14697019  66.46141306   0.27667552
 47.24697019  66.46241963   0.27689482
 47.34697019  66.46338343   0.27711497
 47.44697019  66.46430749   0.27733555
 47.54697019  66.46519461   0.27755618
 47.64697019  66.46604734   0.27777651
 47.74697019  66.46686806   0.27799623
 47.84697019  66.46765894   0.27821506
 47.94697019  66.46842196   0.27843274
 48.04697019  66.46915896   0.27864905
 48.14697019  66.46987163   0.27886379
 48.24697019  66.47056149   0.27907678
 48.34697019  66.47122997   0.27928786
 48.44697019  66.47187837   0.27949690
 48.54697019  66.47250786   0.27970377
 48.64697019  66.47311955   0.27990836
 48.74697019  66.47371443   0.28011060
 48.84697019  66.47429342   0.28031039
 48.94697019  66.47485736   0.28050767
 49.04697019  66.47540702   0.28070239
 49.14697019  66.47594312   0.28089450
 49.24697019  66.47646629   0.28108397
 49.34697019  66.47697714   0.28127076
 49.44697019  66.47747622   0.28145486
 49.54697019  66.47796403   0.28163625
 49.64697019  66.47844104   0.28181492
 49.74697019  66.47890768   0.28199087
 49.84697019  66.47936433   0.28216410
 49.94697019  66.47981138   0.28233462
 50.04697019  66.48024915   0.28250243
 50.14697019  66.48067796   0.28266755
 50.24697019  66.48109811   0.28282999
 50.34697019  66.48150985   0.28298978
 50.44697019  66.48191345   0.28314692
 50.54697019  66.48230915   0.28330146
 50.64697019  66.48269715   0.28345340
 50.74697019  66.48307767   0.28360277
 50.84697019  66.48345090   0.28374961
 50.94697019  66.48381703   0.28389394
 51.04697019  66.48417623   0.28403578
 51.14697019  66.48452866   0.28417518
 51.24697019  66.48487448   0.28431216
 51.34697019  66.48521383   0.28444675
 51.44697019  66.48554686   0.28457898
 51.54697019  66.48587369   0.28470889
 51.64697019  66.48619446   0.28483650
 51.74697019  66.48650929   0.28496185
 51.84697019  66.48681830   0.28508498
 51.94697019  66.48712160   0.28520591
 52.04697019  66.48741931   0.28532468
 52.14697019  66.48771152   0.28544131
 52.24697019  66.48799834   0.28555585
 52.34697019  66.48827988   0.28566832
 52.44697019  66.48855622   0.28577876
 52.54697019  66.48882746   0.28588720
 52.64697019  66.48909370   0.28599366
 52.74697019  66.48935501   0.28609818
 52.84697019  66.48961150   0.28620080
 52.94697019  66.48986324   0.28630153
 53.04697019  66.49011032   0.28640042
 53.14697019  66.49035282   0.28649749
 53.24697019  66.49059081   0.28659277
 53.34697019  66.49082438   0.28668629
 53.44697019  66.49105361   0.28677808
 53.54697019  66.49127856   0.28686816
 53.64697019  66.49149931   0.28695658
 53.74697019  66.49171594   0.28704334
 53.84697019  66.49192851   0.28712849
 53.94697019  66.49213710   0.28721204
 54.04697019  66.49234177   0.28729403
 54.14697019  66.49254259   0.28737448
 54.24697019  66.49273963   0.28745342
 54.34697019  66.49293295   0.28753087
 54.44697019  66.49312261   0.28760686
 54.54697019  66.49330869   0.28768142
 54.64697019  66.49349123   0.28775456
 54.74697019  66.49367031   0.28782631
 54.84697019  66.49384598   0.28789670
 54.94697019  66.49401829   0.28796574
 55.04697019  66.49418732   0.28803347
 55.14697019  66.49435312   0.28809990
 55.24697019  66.49451573   0.28816507
 55.34697019  66.49467523   0.28822898
 55.44697019  66.49483166   0.28829166
 55.54697019  66.49498507   0.28835313
 55.64697019  66.49513552   0.28841342
 55.74697019  66.49528307   0.28847254
 55.84697019  66.49542775   0.28853052
 55.94697019  66.49556963   0.28858738
 56.04697019  66.49570875   0.28864312
 56.14697019  66.49584517   0.28869779
 56.24697019  66.49597892   0.28875139
 56.34697019  66.49611006   0.28880394
 56.44697019  66.49623863   0.28885546
 56.54697019  66.49636468   0.28890597
 56.64697019  66.49648826   0.28895549
 56.74697019  66.49660941   0.28900404
 56.84697019  66.49672816   0.28905162
 56.94697019  66.49684458   0.28909827
 57.04697019  66.49695869   0.28914400
 57.14697019  66.49707053   0.28918882
 57.24697019  66.49718016   0.28923275
 57.34697019  66.49728761   0.28927581
 57.44697019  66.49739292   0.28931801
 57.54697019  66.49749613   0.28935937
 57.64697019  66.49759728   0.28939990
 57.74697019  66.49769640   0.28943962
 57.84697019  66.49779354   0.28947855
 57.94697019  66.49788872   0.28951669
 58.04697019  66.49798199   0.28955406
 58.14697019  66.49807337   0.28959068
 58.24697019  66.49816292   0.28962657
 58.34697019  66.49825065   0.28966172
 58.44697019  66.49833660   0.28969617
 58.54697019  66.49842081   0.28972991
 58.64697019  66.49850331   0.28976297
 58.74697019  66.49858413   0.28979536
 58.84697019  66.49866330   0.28982708
 58.94697019  66.49874085   0.28985816
 59.04697019  66.49881682   0.28988860
 59.14697019  66.49889123   0.28991842
 59.24697019  66.49896411   0.28994763
 59.34697019  66.49903549   0.28997623
 59.44697019  66.49910540   0.29000424
 59.54697019  66.49917387   0.29003168
 59.64697019  66.49924092   0.29005855
 59.74697019  66.49930659   0.29008487
 59.84697019  66.49937089   0.29011063
 59.94697019  66.49943386   0.29013587
 60.04697019  66.49949551   0.29016057
 60.14697019  66.49955588   0.29018477
 60.24697019  66.49961500   0.29020845
 60.34697019  66.49967287   0.29023164
 60.44697019  66.49972953   0.29025435
 60.54697019  66.49978501   0.29027658
 60.64697019  66.49983932   0.29029834
 60.74697019  66.49989248   0.29031965
 60.84697019  66.49994453   0.29034050
 60.94697019  66.49999547   0.29036092
 61.04697019  66.50004534   0.29038090
 61.14697019  66.50009415   0.29040046
 61.24697019  66.50014192   0.29041961
 61.34697019  66.50018868   0.29043834
 61.44697019  66.50023445   0.29045668
 61.54697019  66.50027924   0.29047463
 61.64697019  66.50032307   0.29049220
 61.74697019  66.50036596   0.29050938
 61.84697019  66.50040794   0.29052621
 61.94697019  66.50044901   0.29054266
 62.04697019  66.50048920   0.29055877
 62.14697019  66.50052853   0.29057453
 62.24697019  66.50056701   0.29058995
 62.34697019  66.50060466   0.29060504
 62.44697019  66.50064149   0.29061979
 62.54697019  66.50067752   0.29063423
 62.64697019  66.50071278   0.29064836
 62.74697019  66.50074726   0.29066218
 62.84697019  66.50078100   0.29067570
 62.94697019  66.50081400   0.29068892
 63.04697019  66.50084628   0.29070186
 63.14697019  66.50087785   0.29071451
 63.24697019  66.50090873   0.29072689
 63.34697019  66.50093894   0.29073899
 63.44697019  66.50096848   0.29075083
 63.54697019  66.50099737   0.29076240
 63.64697019  66.50102562   0.29077373
 63.74697019  66.50105325   0.29078480
 63.84697019  66.50108027   0.29079563
 63.94697019  66.50110669   0.29080621
 64.04697019  66.50113252   0.29081657
 64.14697019  66.50115778   0.29082669
 64.24697019  66.50118248   0.29083658
 64.34697019  66.50120663   0.29084626
 64.44697019  66.50123024   0.29085572
 64.54697019  66.50125332   0.29086497
 64.64697019  66.50127588   0.29087401
 64.74697019  66.50129794   0.29088285
 64.84697019  66.50131950   0.29089149
 64.94697019  66.50134058   0.29089994
 65.04697019  66.50136119   0.29090820
 65.14697019  66.50138132   0.29091627
 65.24697019  66.50140101   0.29092415
 65.34697019  66.50142025   0.29093186
 65.44697019  66.50143905   0.29093940
 65.54697019  66.50145742   0.29094676
 65.64697019  66.50147538   0.29095396
 65.74697019  66.50149293   0.29096099
 65.84697019  66.50151008   0.29096786
 65.94697019  66.50152684   0.29097458
 66.04697019  66.50154321   0.29098114
 66.14697019  66.50155921   0.29098755
 66.24697019  66.50157484   0.29099381
 66.34697019  66.50159012   0.29099994
 66.44697019  66.50160504   0.29100591
 66.54697019  66.50161962   0.29101176
 66.64697019  66.50163386   0.29101746
 66.74697019  66.50164777   0.29102304
 66.84697019  66.50166136   0.29102848
 66.94697019  66.50167464   0.29103380
 67.04697019  66.50168761   0.29103900
 67.14697019  66.50170027   0.29104408
 67.24697019  66.50171264   0.29104903
 67.34697019  66.50172473   0.29105388
 67.44697019  66.50173653   0.29105861
 67.54697019  66.50174805   0.29106322
 67.64697019  66.50175931   0.29106773
 67.74697019  66.50177030   0.29107214
 67.84697019  66.50178103   0.29107644
 67.94697019  66.50179151   0.29108064
 68.04697019  66.50180174   0.29108474
 68.14697019  66.50181174   0.29108874
 68.24697019  66.50182149   0.29109265
 68.34697019  66.50183102   0.29109647
 68.44697019  66.50184032   0.29110020
 68.54697019  66.50184940   0.29110384
 68.64697019  66.50185826   0.29110739
 68.74697019  66.50186691   0.29111086
 68.84697019  66.50187536   0.29111424
 68.94697019  66.50188361   0.29111754
 69.04697019  66.50189165   0.29112077
 69.14697019  66.50189951   0.29112392
 69.24697019  66.50190718   0.29112699
 69.34697019  66.50191466   0.29112999
 69.44697019  66.50192196   0.29113291
 69.54697019  66.50192909   0.29113577
 69.64697019  66.50193605   0.29113856
 69.74697019  66.50194283   0.29114128
 69.84697019  66.50194946   0.29114393
 69.94697019  66.50195592   0.29114652
 70.04697019  66.50196223   0.29114905
 70.14697019  66.50196838   0.29115152
 70.24697019  66.50197439   0.29115392
 70.34697019  66.50198024   0.29115627
 70.44697019  66.50198596   0.29115856
 70.54697019  66.50199154   0.29116079
 70.64697019  66.50199697   0.29116297
 70.74697019  66.50200228   0.29116510
 70.84697019  66.50200746   0.29116717
 70.94697019  66.50201251   0.29116920
 71.04697019  66.50201743   0.29117117
 71.14697019  66.50202224   0.29117310
 71.24697019  66.50202692   0.29117497
 71.34697019  66.50203149   0.29117681
 71.44697019  66.50203595   0.29117859
 71.54697019  66.50204029   0.29118033
 71.64697019  66.50204453   0.29118203
 71.74697019  66.50204867   0.29118369
 71.84697019  66.50205270   0.29118530
 71.94697019  66.50205663   0.29118688
 72.04697019  66.50206046   0.29118841
 72.14697019  66.50206420   0.29118991
 72.24697019  66.50206784   0.29119137
 72.34697019  66.50207139   0.29119280
 72.44697019  66.50207486   0.29119418
 72.54697019  66.50207823   0.29119554
 72.64697019  66.50208153   0.29119686
 72.74697019  66.50208474   0.29119814
 72.84697019  66.50208786   0.29119940
 72.94697019  66.50209091   0.29120062
 73.04697019  66.50209388   0.29120181
 73.14697019  66.50209678   0.29120297
 73.24697019  66.50209960   0.29120410
 73.34697019  66.50210236   0.29120520
 73.44697019  66.50210504   0.29120628
 73.54697019  66.50210765   0.29120733
 73.64697019  66.50211020   0.29120835
 73.74697019  66.50211268   0.29120934
 73.84697019  66.50211510   0.29121031
 73.94697019  66.50211746   0.29121125
 74.04697019  66.50211975   0.29121217
 74.14697019  66.50212199   0.29121307
 74.24697019  66.50212417   0.29121395
 74.34697019  66.50212630   0.29121480
 74.44697019  66.50212837   0.29121563
 74.54697019  66.50213038   0.29121643
 74.64697019  66.50213235   0.29121722
 74.74697019  66.50213426   0.29121799
 74.84697019  66.50213612   0.29121873
 74.94697019  66.50213794   0.29121946
 75.04697019  66.50213971   0.29122017
 75.14697019  66.50214143   0.29122086
 75.24697019  66.50214311   0.29122153
 75.34697019  66.50214474   0.29122219
 75.44697019  66.50214633   0.29122283
 75.54697019  66.50214788   0.29122345
 75.64697019  66.50214939   0.29122405
 75.74697019  66.50215086   0.29122464
 75.84697019  66.50215229   0.29122521
 75.94697019  66.50215369   0.29122577
 76.04697019  66.50215504   0.29122632
 76.14697019  66.50215637   0.29122685
 76.24697019  66.50215765   0.29122736
 76.34697019  66.50215890   0.29122786
 76.44697019  66.50216012   0.29122835
 76.54697019  66.50216131   0.29122883
 76.64697019  66.50216247   0.29122929
 76.74697019  66.50216359   0.29122974
 76.84697019  66.50216469   0.29123018
 76.94697019  66.50216575   0.29123061
 77.04697019  66.50216679   0.29123102
 77.14697019  66.50216780   0.29123143
 77.24697019  66.50216878   0.29123182
 77.34697019  66.50216974   0.29123221
 77.44697019  66.50217067   0.29123258
 77.54697019  66.50217158   0.29123294
 77.64697019  66.50217246   0.29123330
 77.74697019  66.50217332   0.29123364
 77.84697019  66.50217415   0.29123397
 77.94697019  66.50217497   0.29123430
 78.04697019  66.50217576   0.29123462
 78.14697019  66.50217653   0.29123492
 78.24697019  66.50217727   0.29123522
 78.34697019  66.50217800   0.29123552
 78.44697019  66.50217871   0.29123580
 78.54697019  66.50217940   0.29123608
 78.64697019  66.50218007   0.29123635
 78.74697019  66.50218072   0.29123661
 78.84697019  66.50218136   0.29123686
 78.94697019  66.50218198   0.29123711
 79.04697019  66.50218258   0.29123735
 79.14697019  66.50218316   0.29123758
 79.24697019  66.50218373   0.29123781
 79.34697019  66.50218428   0.29123803
 79.44697019  66.50218482   0.29123825
 79.54697019  66.50218534   0.29123846
 79.64697019  66.50218585   0.29123866
 79.74697019  66.50218634   0.29123886
 79.84697019  66.50218682   0.29123905
 79.94697019  66.50218729   0.29123924
 80.04697019  66.50218774   0.29123942
 80.14697019  66.50218819   0.29123960
 80.24697019  66.50218861   0.29123977
 80.34697019  66.50218903   0.29123994
 80.44697019  66.50218944   0.29124010
 80.54697019  66.50218983   0.29124026
 80.64697019  66.50219022   0.29124041
 80.74697019  66.50219059   0.29124056
 80.84697019  66.50219095   0.29124071
 80.94697019  66.50219130   0.29124085
 81.04697019  66.50219165   0.29124098
 81.14697019  66.50219198   0.29124112
 81.24697019  66.50219230   0.29124125
 81.34697019  66.50219262   0.29124137
 81.44697019  66.50219292   0.29124150
 81.54697019  66.50219322   0.29124161
 81.64697019  66.50219351   0.29124173
 81.74697019  66.50219379   0.29124184
 81.84697019  66.50219406   0.29124195
 81.94697019  66.50219433   0.29124206
 82.04697019  66.50219458   0.29124216
 82.14697019  66.50219483   0.29124226
 82.24697019  66.50219508   0.29124236
 82.34697019  66.50219531   0.29124245
 82.44697019  66.50219554   0.29124255
 82.54697019  66.50219577   0.29124263
 82.64697019  66.50219598   0.29124272
 82.74697019  66.50219619   0.29124281
 82.84697019  66.50219640   0.29124289
 82.94697019  66.50219659   0.29124297
 83.04697019  66.50219679   0.29124304
 83.14697019  66.50219697   0.29124312
 83.24697019  66.50219716   0.29124319
 83.34697019  66.50219733   0.29124326
 83.44697019  66.50219750   0.29124333
 83.54697019  66.50219767   0.29124340
 83.64697019  66.50219783   0.29124346
 83.74697019  66.50219799   0.29124353
 83.84697019  66.50219814   0.29124359
 83.94697019  66.50219829   0.29124365
 84.04697019  66.50219843   0.29124370
 84.14697019  66.50219857   0.29124376
 84.24697019  66.50219871   0.29124381
 84.34697019  66.50219884   0.29124387
 84.44697019  66.50219897   0.29124392
 84.54697019  66.50219909   0.29124397
 84.64697019  66.50219921   0.29124402
 84.74697019  66.50219933   0.29124406
 84.84697019  66.50219944   0.29124411
 84.94697019  66.50219955   0.29124415
 85.04697019  66.50219966   0.29124420
 85.14697019  66.50219976   0.29124424
 85.24697019  66.50219986   0.29124428
 85.34697019  66.50219996   0.29124432
 85.44697019  66.50220006   0.29124435
 85.54697019  66.50220015   0.29124439
 85.64697019  66.50220024   0.29124443
 85.74697019  66.50220032   0.29124446
 85.84697019  66.50220041   0.29124450
 85.94697019  66.50220049   0.29124453
 86.04697019  66.50220057   0.29124456
 86.14697019  66.50220065   0.29124459
 86.24697019  66.50220072   0.29124462
 86.34697019  66.50220079   0.29124465
 86.44697019  66.50220086   0.29124468
 86.54697019  66.50220093   0.29124470
 86.64697019  66.50220100   0.29124473
 86.74697019  66.50220106   0.29124476
 86.84697019  66.50220112   0.29124478
 86.94697019  66.50220118   0.29124481
 87.04697019  66.50220124   0.29124483
 87.14697019  66.50220130   0.29124485
 87.24697019  66.50220135   0.29124487
 87.34697019  66.50220141   0.29124490
 87.44697019  66.50220146   0.29124492
 87.54697019  66.50220151   0.29124494
 87.64697019  66.50220156   0.29124496
 87.74697019  66.50220161   0.29124497
 87.84697019  66.50220165   0.29124499
 87.94697019  66.50220170   0.29124501
 88.04697019  66.50220174   0.29124503
 88.14697019  66.50220178   0.29124504
 88.24697019  66.50220182   0.29124506
 88.34697019  66.50220186   0.29124508
 88.44697019  66.50220190   0.29124509
 88.54697019  66.50220193   0.29124511
 88.64697019  66.50220197   0.29124512
 88.74697019  66.50220201   0.29124513
 88.84697019  66.50220204   0.29124515
 88.94697019  66.50220207   0.29124516
 89.04697019  66.50220210   0.29124517
 89.14697019  66.50220213   0.29124519
 89.24697019  66.50220216   0.29124520
 89.34697019  66.50220219   0.29124521
 89.44697019  66.50220222   0.29124522
 89.54697019  66.50220225   0.29124523
 89.64697019  66.50220227   0.29124524
 89.74697019  66.50220230   0.29124525
 89.84697019  66.50220232   0.29124526
 89.94697019  66.50220235   0.29124527
 90.04697019  66.50220237   0.29124528
 90.14697019  66.50220239   0.29124529
 90.24697019  66.50220241   0.29124530
 90.34697019  66.50220243   0.29124531
 90.44697019  66.50220245   0.29124532
 90.54697019  66.50220247   0.29124532
 90.64697019  66.50220249   0.29124533
 90.74697019  66.50220251   0.29124534
 90.84697019  66.50220253   0.29124535
 90.94697019  66.50220255   0.29124535
 91.04697019  66.50220256   0.29124536
 91.14697019  66.50220258   0.29124537
 91.24697019  66.50220260   0.29124537
 91.34697019  66.50220261   0.29124538
 91.44697019  66.50220263   0.29124538
 91.54697019  66.50220264   0.29124539
 91.64697019  66.50220265   0.29124539
 91.74697019  66.50220267   0.29124540
 91.84697019  66.50220268   0.29124541
 91.94697019  66.50220269   0.29124541
 92.04697019  66.50220270   0.29124542
 92.14697019  66.50220272   0.29124542
 92.24697019  66.50220273   0.29124542
 92.34697019  66.50220274   0.29124543
 92.44697019  66.50220275   0.29124543
 92.54697019  66.50220276   0.29124544
 92.64697019  66.50220277   0.29124544
 92.74697019  66.50220278   0.29124545
 92.84697019  66.50220279   0.29124545
 92.94697019  66.50220280   0.29124545
 93.04697019  66.50220281   0.29124546
 93.14697019  66.50220282   0.29124546
 93.24697019  66.50220282   0.29124546
 93.34697019  66.50220283   0.29124547
 93.44697019  66.50220284   0.29124547
 93.54697019  66.50220285   0.29124547
 93.64697019  66.50220285   0.29124548
 93.74697019  66.50220286   0.29124548
 93.84697019  66.50220287   0.29124548
 93.94697019  66.50220287   0.29124548
 94.04697019  66.50220288   0.29124549
 94.14697019  66.50220289   0.29124549
 94.24697019  66.50220289   0.29124549
 94.34697019  66.50220290   0.29124549
 94.44697019  66.50220290   0.29124550
 94.54697019  66.50220291   0.29124550
 94.64697019  66.50220292   0.29124550
 94.74697019  66.50220292   0.29124550
 94.84697019  66.50220292   0.29124550
 94.94697019  66.50220293   0.29124551
 95.04697019  66.50220293   0.29124551
 95.14697019  66.50220294   0.29124551
 95.24697019  66.50220294   0.29124551
 95.34697019  66.50220295   0.29124551
 95.44697019  66.50220295   0.29124551
 95.54697019  66.50220295   0.29124552
 95.64697019  66.50220296   0.29124552
 95.74697019  66.50220296   0.29124552
 95.84697019  66.50220297   0.29124552
 95.94697019  66.50220297   0.29124552
 96.04697019  66.50220297   0.29124552
 96.14697019  66.50220298   0.29124552
 96.24697019  66.50220298   0.29124552
 96.34697019  66.50220298   0.29124553
 96.44697019  66.50220298   0.29124553
 96.54697019  66.50220299   0.29124553
 96.64697019  66.50220299   0.29124553
 96.74697019  66.50220299   0.29124553
 96.84697019  66.50220300   0.29124553
 96.94697019  66.50220300   0.29124553
 97.04697019  66.50220300   0.29124553
 97.14697019  66.50220300   0.29124553
 97.24697019  66.50220300   0.29124554
 97.34697019  66.50220301   0.29124554
 97.44697019  66.50220301   0.29124554
 97.54697019  66.50220301   0.29124554
 97.64697019  66.50220301   0.29124554
 97.74697019  66.50220301   0.29124554
 97.84697019  66.50220302   0.29124554
 97.94697019  66.50220302   0.29124554
 98.04697019  66.50220302   0.29124554
 98.14697019  66.50220302   0.29124554
 98.24697019  66.50220302   0.29124554
 98.34697019  66.50220303   0.29124554
 98.44697019  66.50220303   0.29124554
 98.54697019  66.50220303   0.29124554
 98.64697019  66.50220303   0.29124554
 98.74697019  66.50220303   0.29124555
 98.84697019  66.50220303   0.29124555
 98.94697019  66.50220304   0.29124555
 99.04697019  66.50220304   0.29124555
 99.14697019  66.50220304   0.29124555
 99.24697019  66.50220304   0.29124555
 99.34697019  66.50220304   0.29124555
 99.44697019  66.50220304   0.29124555
 99.54697019  66.50220305   0.29124555
 99.64697019  66.50220305   0.29124555
 99.74697019  66.50220305   0.29124555
 99.84697019  66.50220305   0.29124555
 99.94697019  66.50220305   0.29124555
100.04697019  66.50220306   0.29124555
100.14697019  66.50220306   0.29124555
100.24697019  66.50220306   0.29124555
100.34697019  66.50220306   0.29124555
100.44697019  66.50220306   0.29124555
100.54697019  66.50220307   0.29124555
100.64697019  66.50220307   0.29124555
100.74697019  66.50220307   0.29124556
100.84697019  66.50220308   0.29124556
100.94697019  66.50220308   0.29124556
101.04697019  66.50220308   0.29124556
101.14697019  66.50220309   0.29124556
101.24697019  66.50220309   0.29124556
101.34697019  66.50220309   0.29124556
101.44697019  66.50220310   0.29124556
101.54697019  66.50220310   0.29124556
101.64697019  66.50220311   0.29124556
101.74697019  66.50220312   0.29124556
101.84697019  66.50220312   0.29124556
101.94697019  66.50220313   0.29124556
102.04697019  66.50220314   0.29124557
102.14697019  66.50220315   0.29124557
102.24697019  66.50220316   0.29124557
102.34697019  66.50220317   0.29124557
102.44697019  66.50220318   0.29124557
102.54697019  66.50220319   0.29124557
102.64697019  66.50220320   0.29124557
102.74697019  66.50220322   0.29124558
102.84697019  66.50220323   0.29124558
102.94697019  66.50220325   0.29124558
103.04697019  66.50220327   0.29124558
103.14697019  66.50220328   0.29124558
103.24697019  66.50220331   0.29124559
103.34697019  66.50220333   0.29124559
103.44697019  66.50220335   0.29124559
103.54697019  66.50220338   0.29124560
103.64697019  66.50220341   0.29124560
103.74697019  66.50220344   0.29124560
103.84697019  66.50220348   0.29124561
103.94697019  66.50220352   0.29124561
104.04697019  66.50220356   0.29124562
104.14697019  66.50220361   0.29124562
104.24697019  66.50220366   0.29124563
104.34697019  66.50220371   0.29124564
104.44697019  66.50220377   0.29124564
104.54697019  66.50220383   0.29124565
104.64697019  66.50220390   0.29124566
104.74697019  66.50220398   0.29124567
104.84697019  66.50220406   0.29124568
104.94697019  66.50220415   0.29124569
105.04697019  66.50220424   0.29124570
105.14697019  66.50220435   0.29124571
105.24697019  66.50220446   0.29124573
105.34697019  66.50220458   0.29124574
105.44697019  66.50220472   0.29124576
105.54697019  66.50220486   0.29124577
105.64697019  66.50220502   0.29124579
105.74697019  66.50220519   0.29124581
105.84697019  66.50220537   0.29124584
105.94697019  66.50220557   0.29124586
106.04697019  66.50220579   0.29124589
106.14697019  66.50220602   0.29124591
106.24697019  66.50220627   0.29124594
106.34697019  66.50220655   0.29124598
106.44697019  66.50220684   0.29124601
106.54697019  66.50220716   0.29124605
106.64697019  66.50220751   0.29124609
106.74697019  66.50220789   0.29124614
106.84697019  66.50220829   0.29124619
106.94697019  66.50220873   0.29124624
107.04697019  66.50220921   0.29124630
107.14697019  66.50220972   0.29124636
107.24697019  66.50221027   0.29124642
107.34697019  66.50221087   0.29124650
107.44697019  66.50221152   0.29124657
107.54697019  66.50221222   0.29124666
107.64697019  66.50221297   0.29124675
107.74697019  66.50221378   0.29124684
107.84697019  66.50221466   0.29124695
107.94697019  66.50221561   0.29124706
108.04697019  66.50221663   0.29124719
108.14697019  66.50221773   0.29124732
108.24697019  66.50221892   0.29124746
108.34697019  66.50222020   0.29124761
108.44697019  66.50222157   0.29124778
108.54697019  66.50222306   0.29124796
108.64697019  66.50222466   0.29124815
108.74697019  66.50222638   0.29124836
108.84697019  66.50222824   0.29124858
108.94697019  66.50223023   0.29124882
109.04697019  66.50223238   0.29124908
109.14697019  66.50223469   0.29124935
109.24697019  66.50223718   0.29124965
109.34697019  66.50223985   0.29124997
109.44697019  66.50224273   0.29125032
109.54697019  66.50224582   0.29125069
109.64697019  66.50224914   0.29125109
109.74697019  66.50225271   0.29125151
109.84697019  66.50225655   0.29125197
109.94697019  66.50226067   0.29125247
110.04697019  66.50226509   0.29125300
110.14697019  66.50226983   0.29125357
110.24697019  66.50227493   0.29125418
110.34697019  66.50228040   0.29125483
110.44697019  66.50228626   0.29125554
110.54697019  66.50229256   0.29125629
110.64697019  66.50229930   0.29125710
110.74697019  66.50230654   0.29125797
110.84697019  66.50231429   0.29125890
110.94697019  66.50232260   0.29125990
111.04697019  66.50233150   0.29126096
111.14697019  66.50234104   0.29126211
111.24697019  66.50235125   0.29126333
111.34697019  66.50236218   0.29126464
111.44697019  66.50237389   0.29126605
111.54697019  66.50238641   0.29126755
111.64697019  66.50239982   0.29126916
111.74697019  66.50241416   0.29127088
111.84697019  66.50242949   0.29127272
111.94697019  66.50244589   0.29127468
112.04697019  66.50246342   0.29127679
112.14697019  66.50248215   0.29127903
112.24697019  66.50250217   0.29128143
112.34697019  66.50252356   0.29128400
112.44697019  66.50254640   0.29128674
112.54697019  66.50257080   0.29128967
112.64697019  66.50259684   0.29129279
112.74697019  66.50262464   0.29129612
112.84697019  66.50265430   0.29129968
112.94697019  66.50268595   0.29130348
113.04697019  66.50271971   0.29130753
113.14697019  66.50275571   0.29131185
113.24697019  66.50279410   0.29131645
113.34697019  66.50283502   0.29132136
113.44697019  66.50287863   0.29132659
113.54697019  66.50292509   0.29133216
113.64697019  66.50297458   0.29133810
113.74697019  66.50302730   0.29134442
113.84697019  66.50308343   0.29135115
113.94697019  66.50314318   0.29135832
114.04697019  66.50320677   0.29136595
114.14697019  66.50327444   0.29137406
114.24697019  66.50334643   0.29138270
114.34697019  66.50342300   0.29139188
114.44697019  66.50350442   0.29140165
114.54697019  66.50359098   0.29141203
114.64697019  66.50368299   0.29142306
114.74697019  66.50378076   0.29143479
114.84697019  66.50388463   0.29144725
114.94697019  66.50399497   0.29146048
115.04697019  66.50411214   0.29147454
115.14697019  66.50423655   0.29148946
115.24697019  66.50436860   0.29150530
115.34697019  66.50450874   0.29152211
115.44697019  66.50465743   0.29153994
115.54697019  66.50481516   0.29155886
115.64697019  66.50498245   0.29157892
115.74697019  66.50515982   0.29160020
115.84697019  66.50534784   0.29162275
115.94697019  66.50554712   0.29164665
116.04697019  66.50575828   0.29167198
116.14697019  66.50598198   0.29169881
116.24697019  66.50621890   0.29172723
116.34697019  66.50646978   0.29175732
116.44697019  66.50673538   0.29178918
116.54697019  66.50701651   0.29182289
116.64697019  66.50731399   0.29185857
116.74697019  66.50762872   0.29189632
116.84697019  66.50796162   0.29193625
116.94697019  66.50831365   0.29197848
117.04697019  66.50868585   0.29202312
117.14697019  66.50907928   0.29207031
117.24697019  66.50949505   0.29212018
117.34697019  66.50993434   0.29217287
117.44697019  66.51039838   0.29222852
117.54697019  66.51088844   0.29228730
117.64697019  66.51140588   0.29234936
117.74697019  66.51195210   0.29241488
117.84697019  66.51252858   0.29248402
117.94697019  66.51313686   0.29255698
118.04697019  66.51377856   0.29263395
118.14697019  66.51445534   0.29271512
118.24697019  66.51516899   0.29280072
118.34697019  66.51592133   0.29289096
118.44697019  66.51671429   0.29298607
118.54697019  66.51754988   0.29308629
118.64697019  66.51843020   0.29319188
118.74697019  66.51935743   0.29330309
118.84697019  66.52033386   0.29342021
118.94697019  66.52136187   0.29354351
119.04697019  66.52244395   0.29367329
119.14697019  66.52358268   0.29380988
119.24697019  66.52478077   0.29395358
119.34697019  66.52604104   0.29410474
119.44697019  66.52736641   0.29426371
119.54697019  66.52875995   0.29443085
119.64697019  66.53022482   0.29460655
119.74697019  66.53176435   0.29479120
119.84697019  66.53338198   0.29498523
119.94697019  66.53508130   0.29518904
120.04697019  66.53686603   0.29540311
120.14697019  66.53874005   0.29562788
120.24697019  66.54070740   0.29586385
120.34697019  66.54277226   0.29611152
120.44697019  66.54493899   0.29637140
120.54697019  66.54721212   0.29664404
120.64697019  66.54959633   0.29693001
120.74697019  66.55209650   0.29722988
120.84697019  66.55471770   0.29754428
120.94697019  66.55746516   0.29787381
121.04697019  66.56034435   0.29821915
121.14697019  66.56336089   0.29858096
121.24697019  66.56652065   0.29895995
121.34697019  66.56982970   0.29935684
121.44697019  66.57329431   0.29977240
121.54697019  66.57692101   0.30020739
121.64697019  66.58071653   0.30066263
121.74697019  66.58468784   0.30113896
121.84697019  66.58884218   0.30163724
121.94697019  66.59318701   0.30215837
122.04697019  66.59773007   0.30270327
122.14697019  66.60247934   0.30327291
122.24697019  66.60744309   0.30386827
122.34697019  66.61262986   0.30449039
122.44697019  66.61804846   0.30514030
122.54697019  66.62370800   0.30581912
122.64697019  66.62961788   0.30652797
122.74697019  66.63578782   0.30726800
122.84697019  66.64222784   0.30804043
122.94697019  66.64894825   0.30884649
123.04697019  66.65595973   0.30968746
123.14697019  66.66327325   0.31056466
123.24697019  66.67090015   0.31147945
123.34697019  66.67885207   0.31243322
123.44697019  66.68714105   0.31342742
123.54697019  66.69577946   0.31446353
123.64697019  66.70478002   0.31554307
123.74697019  66.71415585   0.31666763
123.84697019  66.72392044   0.31783882
123.94697019  66.73408764   0.31905829
124.04697019  66.74467172   0.32032777
124.14697019  66.75568732   0.32164900
124.24697019  66.76714951   0.32302380
124.34697019  66.77907375   0.32445402
124.44697019  66.79147591   0.32594156
124.54697019  66.80437230   0.32748838
124.64697019  66.81777964   0.32909649
124.74697019  66.83171509   0.33076794
124.84697019  66.84619624   0.33250484
124.94697019  66.86124113   0.33430935
125.04697019  66.87686824   0.33618370
125.14697019  66.89309652   0.33813016
125.24697019  66.90994535   0.34015104
125.34697019  66.92743460   0.34224874
125.44697019  66.94558457   0.34442569
125.54697019  66.96441608   0.34668438
125.64697019  66.98395037   0.34902736
125.74697019  67.00420920   0.35145725
125.84697019  67.02521477   0.35397670
125.94697019  67.04698980   0.35658845
126.04697019  67.06955748   0.35929526
126.14697019  67.09294147   0.36209999
126.24697019  67.11716594   0.36500552
126.34697019  67.14225554   0.36801482
126.44697019  67.16823541   0.37113090
126.54697019  67.19513119   0.37435684
126.64697019  67.22296900   0.37769577
126.74697019  67.25177545   0.38115087
126.84697019  67.28157766   0.38472541
126.94697019  67.31240321   0.38842270
127.04697019  67.34428018   0.39224609
127.14697019  67.37723713   0.39619902
127.24697019  67.41130312   0.40028496
127.34697019  67.44650766   0.40450747
127.44697019  67.48288075   0.40887014
127.54697019  67.52045285   0.41337662
127.64697019  67.55925490   0.41803062
127.74697019  67.59931828   0.42283591
127.84697019  67.64067485   0.42779630
127.94697019  67.68335688   0.43291567
128.04697019  67.72739711   0.43819795
128.14697019  67.77282869   0.44364711
128.24697019  67.81968519   0.44926718
128.34697019  67.86800062   0.45506224
128.44697019  67.91780936   0.46103641
128.54697019  67.96914620   0.46719386
128.64697019  68.02204631   0.47353881
128.74697019  68.07654521   0.48007552
128.84697019  68.13267879   0.48680830
128.94697019  68.19048329   0.49374150
129.04697019  68.24999525   0.50087949
129.14697019  68.31125156   0.50822670
129.24697019  68.37428937   0.51578759
129.34697019  68.43914613   0.52356665
129.44697019  68.50585955   0.53156840
129.54697019  68.57446759   0.53979740
129.64697019  68.64500843   0.54825822
129.74697019  68.71752046   0.55695547
129.84697019  68.79204225   0.56589377
129.94697019  68.86861256   0.57507778
130.04697019  68.94727027   0.58451215
130.14697019  69.02805440   0.59420157
130.24697019  69.11100405   0.60415073
130.34697019  69.19615842   0.61436433
130.44697019  69.28355674   0.62484707
130.54697019  69.37323830   0.63560367
130.64697019  69.46524236   0.64663883
130.74697019  69.55960816   0.65795726
130.84697019  69.65637490   0.66956367
130.94697019  69.75558169   0.68146275
131.04697019  69.85726755   0.69365917
131.14697019  69.96147133   0.70615759
131.24697019  70.06823175   0.71896267
131.34697019  70.17758731   0.73207901
131.44697019  70.28957628   0.74551120
131.54697019  70.40423670   0.75926382
131.64697019  70.52160629   0.77334138
131.74697019  70.64172245   0.78774837
131.84697019  70.76462225   0.80248923
131.94697019  70.89034234   0.81756837
132.04697019  71.01891897   0.83299012
132.14697019  71.15038793   0.84875879
132.24697019  71.28478451   0.86487861
132.34697019  71.42214348   0.88135373
132.44697019  71.56249906   0.89818828
132.54697019  71.70588485   0.91538628
132.64697019  71.85233386   0.93295169
132.74697019  72.00187839   0.95088838
132.84697019  72.15455006   0.96920015
132.94697019  72.31037975   0.98789069
133.04697019  72.46939757   1.00696363
133.14697019  72.63163281   1.02642247
133.24697019  72.79711391   1.04627063
133.34697019  72.96586845   1.06651141
133.44697019  73.13792306   1.08714801
133.54697019  73.31330344   1.10818350
133.64697019  73.49203429   1.12962087
133.74697019  73.67413928   1.15146293
133.84697019  73.85964103   1.17371240
133.94697019  74.04856105   1.19637188
134.04697019  74.24091973   1.21944379
134.14697019  74.43673629   1.24293044
134.24697019  74.63602875   1.26683401
134.34697019  74.83881389   1.29115649
134.44697019  75.04510723   1.31589976
134.54697019  75.25492300   1.34106551
134.64697019  75.46827409   1.36665529
134.74697019  75.68517203   1.39267050
134.84697019  75.90562695   1.41911233
134.94697019  76.12964758   1.44598184
135.04697019  76.35724117   1.47327991
135.14697019  76.58841352   1.50100721
135.24697019  76.82316890   1.52916427
135.34697019  77.06151006   1.55775142
135.44697019  77.30343819   1.58676880
135.54697019  77.54895289   1.61621636
135.64697019  77.79805216   1.64609386
135.74697019  78.05073238   1.67640086
135.84697019  78.30698826   1.70713674
135.94697019  78.56681287   1.73830066
136.04697019  78.83019756   1.76989158
136.14697019  79.09713200   1.80190827
136.24697019  79.36760411   1.83434928
136.34697019  79.64160011   1.86721294
136.44697019  79.91910443   1.90049740
136.54697019  80.20009977   1.93420059
136.64697019  80.48456704   1.96832020
136.74697019  80.77248537   2.00285374
136.84697019  81.06383210   2.03779849
136.94697019  81.35858277   2.07315151
137.04697019  81.65671112   2.10890966
137.14697019  81.95818908   2.14506958
137.24697019  82.26298678   2.18162766
137.34697019  82.57107255   2.21858013
137.44697019  82.88241289   2.25592296
137.54697019  83.19697252   2.29365191
137.64697019  83.51471436   2.33176255
137.74697019  83.83559952   2.37025020
137.84697019  84.15958734   2.40910999
137.94697019  84.48663539   2.44833683
138.04697019  84.81669947   2.48792543
138.14697019  85.14973364   2.52787026
138.24697019  85.48569020   2.56816561
138.34697019  85.82451977   2.60880555
138.44697019  86.16617124   2.64978396
138.54697019  86.51059183   2.69109450
138.64697019  86.85772710   2.73273064
138.74697019  87.20752097   2.77468567
138.84697019  87.55991576   2.81695265
138.94697019  87.91485220   2.85952449
139.04697019  88.27226945   2.90239388
139.14697019  88.63210515   2.94555334
139.24697019  88.99429546   2.98899522
139.34697019  89.35877506   3.03271169
139.44697019  89.72547719   3.07669472
139.54697019  90.09433371   3.12093616
139.64697019  90.46527513   3.16542767
139.74697019  90.83823063   3.21016075
139.84697019  91.21312811   3.25512676
139.94697019  91.58989424   3.30031689
140.04697019  91.96845448   3.34572222
140.14697019  92.34873315   3.39133365
140.24697019  92.73065347   3.43714199
140.34697019  93.11413759   3.48313790
140.44697019  93.49910665   3.52931191
140.54697019  93.88548082   3.57565446
140.64697019  94.27317937   3.62215585
140.74697019  94.66212069   3.66880630
140.84697019  95.05222236   3.71559593
140.94697019  95.44340121   3.76251476
141.04697019  95.83557335   3.80955272
141.14697019  96.22865424   3.85669969
141.24697019  96.62255875   3.90394544
141.34697019  97.01720120   3.95127970
141.44697019  97.41249542   3.99869213
141.54697019  97.80835482   4.04617235
141.64697019  98.20469240   4.09370993
141.74697019  98.60142090   4.14129439
141.84697019  98.99845275   4.18891524
141.94697019  99.39570021   4.23656195
142.04697019  99.79307538   4.28422398
142.14697019 100.19049028   4.33189077
142.24697019 100.58785692   4.37955178
142.34697019 100.98508730   4.42719644
142.44697019 101.38209356   4.47481422
142.54697019 101.77878796   4.52239459
142.64697019 102.17508296   4.56992707
142.74697019 102.57089132   4.61740117
142.84697019 102.96612608   4.66480647
142.94697019 103.36070070   4.71213259
143.04697019 103.75452904   4.75936921
143.14697019 104.14752548   4.80650604
143.24697019 104.53960493   4.85353289
143.34697019 104.93068292   4.90043962
143.44697019 105.32067563   4.94721618
143.54697019 105.70949996   4.99385260
143.64697019 106.09707356   5.04033900
143.74697019 106.48331491   5.08666562
143.84697019 106.86814336   5.13282277
143.94697019 107.25147918   5.17880088
144.04697019 107.63324361   5.22459053
144.14697019 108.01335888   5.27018237
144.24697019 108.39174833   5.31556720
144.34697019 108.76833639   5.36073598
144.44697019 109.14304863   5.40567977
144.54697019 109.51581183   5.45038978
144.64697019 109.88655403   5.49485740
144.74697019 110.25520454   5.53907413
144.84697019 110.62169397   5.58303165
144.94697019 110.98595434   5.62672182
145.04697019 111.34791901   5.67013664
145.14697019 111.70752282   5.71326829
145.24697019 112.06470206   5.75610913
145.34697019 112.41939451   5.79865170
145.44697019 112.77153950   5.84088872
145.54697019 113.12107791   5.88281311
145.64697019 113.46795219   5.92441795
145.74697019 113.81210645   5.96569655
145.84697019 114.15348639   6.00664239
145.94697019 114.49203939   6.04724916
146.04697019 114.82771453   6.08751075
146.14697019 115.16046256   6.12742127
146.24697019 115.49023598   6.16697499
146.34697019 115.81698900   6.20616645
146.44697019 116.14067759   6.24499035
146.54697019 116.46125950   6.28344163
146.64697019 116.77869423   6.32151543
146.74697019 117.09294308   6.35920711
146.84697019 117.40396915   6.39651224
146.94697019 117.71173730   6.43342661
147.04697019 118.01621424   6.46994623
147.14697019 118.31736847   6.50606731
147.24697019 118.61517027   6.54178630
147.34697019 118.90959177   6.57709984
147.44697019 119.20060687   6.61200481
147.54697019 119.48819130   6.64649831
147.64697019 119.77232257   6.68057762
147.74697019 120.05297998   6.71424027
147.84697019 120.33014461   6.74748399
147.94697019 120.60379933   6.78030672
148.04697019 120.87392875   6.81270662
148.14697019 121.14051925   6.84468205
148.24697019 121.40355892   6.87623159
148.34697019 121.66303760   6.90735402
148.44697019 121.91894681   6.93804832
148.54697019 122.17127976   6.96831367
148.64697019 122.42003135   6.99814947
148.74697019 122.66519810   7.02755530
148.84697019 122.90677817   7.05653093
148.94697019 123.14477131   7.08507633
149.04697019 123.37917888   7.11319168
149.14697019 123.61000376   7.14087731
149.24697019 123.83725038   7.16813375
149.34697019 124.06092468   7.19496173
149.44697019 124.28103406   7.22136212
149.54697019 124.49758737   7.24733598
149.64697019 124.71059489   7.27288456
149.74697019 124.92006829   7.29800925
149.84697019 125.12602058   7.32271161
149.94697019 125.32846612   7.34699336
150.04697019 125.52742054   7.37085638
150.14697019 125.72290076   7.39430269
150.24697019 125.91492492   7.41733448
150.34697019 126.10351235   7.43995406
150.44697019 126.28868354   7.46216389
150.54697019 126.47046013   7.48396656
150.64697019 126.64886482   7.50536480
150.74697019 126.82392140   7.52636146
150.84697019 126.99565465   7.54695952
150.94697019 127.16409038   7.56716206
151.04697019 127.32925531   7.58697229
151.14697019 127.49117709   7.60639354
151.24697019 127.64988426   7.62542921
151.34697019 127.80540620   7.64408285
151.44697019 127.95777307   7.66235806
151.54697019 128.10701584   7.68025855
151.64697019 128.25316618   7.69778814
151.74697019 128.39625650   7.71495070
151.84697019 128.53631982   7.73175019
151.94697019 128.67338984   7.74819066
152.04697019 128.80750081   7.76427622
152.14697019 128.93868757   7.78001104
152.24697019 129.06698545   7.79539936
152.34697019 129.19243029   7.81044548
152.44697019 129.31505837   7.82515376
152.54697019 129.43490640   7.83952859
152.64697019 129.55201146   7.85357442
152.74697019 129.66641100   7.86729574
152.84697019 129.77814278   7.88069709
152.94697019 129.88724485   7.89378303
153.04697019 129.99375550   7.90655814
153.14697019 130.09771327   7.91902706
153.24697019 130.19915687   7.93119442
153.34697019 130.29812519   7.94306489
153.44697019 130.39465724   7.95464316
153.54697019 130.48879216   7.96593390
153.64697019 130.58056914   7.97694183
153.74697019 130.67002743   7.98767164
153.84697019 130.75720630   7.99812806
153.94697019 130.84214502   8.00831580
154.04697019 130.92488283   8.01823955
154.14697019 131.00545892   8.02790401
154.24697019 131.08391237   8.03731389
154.34697019 131.16028221   8.04647385
154.44697019 131.23460730   8.05538856
154.54697019 131.30692637   8.06406267
154.64697019 131.37727799   8.07250079
154.74697019 131.44570052   8.08070753
154.84697019 131.51223213   8.08868748
154.94697019 131.57691074   8.09644517
155.04697019 131.63977405   8.10398513
155.14697019 131.70085948   8.11131184
155.24697019 131.76020415   8.11842977
155.34697019 131.81784492   8.12534333
155.44697019 131.87381830   8.13205690
155.54697019 131.92816050   8.13857482
155.64697019 131.98090737   8.14490139
155.74697019 132.03209440   8.15104087
155.84697019 132.08175672   8.15699748
155.94697019 132.12992909   8.16277537
156.04697019 132.17664585   8.16837868
156.14697019 132.22194096   8.17381147
156.24697019 132.26584795   8.17907777
156.34697019 132.30839994   8.18418155
156.44697019 132.34962962   8.18912672
156.54697019 132.38956923   8.19391717
156.64697019 132.42825057   8.19855669
156.74697019 132.46570498   8.20304905
156.84697019 132.50196335   8.20739796
156.94697019 132.53705611   8.21160706
157.04697019 132.57101320   8.21567994
157.14697019 132.60386409   8.21962015
157.24697019 132.63563780   8.22343116
157.34697019 132.66636283   8.22711638
157.44697019 132.69606721   8.23067919
157.54697019 132.72477850   8.23412288
157.64697019 132.75252374   8.23745071
157.74697019 132.77932951   8.24066585
157.84697019 132.80522189   8.24377143
157.94697019 132.83022645   8.24677053
158.04697019 132.85436829   8.24966616
158.14697019 132.87767202   8.25246126
158.24697019 132.90016175   8.25515872
158.34697019 132.92186111   8.25776139
158.44697019 132.94279324   8.26027204
158.54697019 132.96298080   8.26269338
158.64697019 132.98244596   8.26502807
158.74697019 133.00121040   8.26727872
158.84697019 133.01929537   8.26944787
158.94697019 133.03672159   8.27153800
159.04697019 133.05350934   8.27355156
159.14697019 133.06967845   8.27549092
159.24697019 133.08524824   8.27735839
159.34697019 133.10023763   8.27915625
159.44697019 133.11466505   8.28088671
159.54697019 133.12854849   8.28255192
159.64697019 133.14190550   8.28415399
159.74697019 133.15475321   8.28569497
159.84697019 133.16710829   8.28717686
159.94697019 133.17898701   8.28860162
160.04697019 133.19040519   8.28997114
160.14697019 133.20137827   8.29128728
160.24697019 133.21192126   8.29255183
160.34697019 133.22204878   8.29376654
160.44697019 133.23177504   8.29493313
160.54697019 133.24111388   8.29605325
160.64697019 133.25007873   8.29712852
160.74697019 133.25868268   8.29816049
160.84697019 133.26693842   8.29915070
160.94697019 133.27485829   8.30010063
161.04697019 133.28245427   8.30101171
161.14697019 133.28973799   8.30188533
161.24697019 133.29672075   8.30272286
161.34697019 133.30341350   8.30352560
161.44697019 133.30982686   8.30429483
161.54697019 133.31597113   8.30503179
161.64697019 133.32185630   8.30573767
161.74697019 133.32749206   8.30641364
161.84697019 133.33288776   8.30706081
161.94697019 133.33805251   8.30768028
162.04697019 133.34299508   8.30827310
162.14697019 133.34772398   8.30884030
162.24697019 133.35224746   8.30938285
162.34697019 133.35657348   8.30990172
162.44697019 133.36070973   8.31039783
162.54697019 133.36466368   8.31087208
162.64697019 133.36844251   8.31132532
162.74697019 133.37205319   8.31175839
162.84697019 133.37550242   8.31217210
162.94697019 133.37879671   8.31256723
163.04697019 133.38194232   8.31294452
163.14697019 133.38494528   8.31330470
163.24697019 133.38781144   8.31364847
163.34697019 133.39054642   8.31397651
163.44697019 133.39315564   8.31428947
163.54697019 133.39564435   8.31458797
163.64697019 133.39801757   8.31487262
163.74697019 133.40028016   8.31514400
163.84697019 133.40243682   8.31540267
163.94697019 133.40449203   8.31564918
164.04697019 133.40645014   8.31588404
164.14697019 133.40831533   8.31610775
164.24697019 133.41009160   8.31632080
164.34697019 133.41178283   8.31652365
164.44697019 133.41339273   8.31671674
164.54697019 133.41492486   8.31690051
164.64697019 133.41638267   8.31707537
164.74697019 133.41776946   8.31724170
164.84697019 133.41908838   8.31739989
164.94697019 133.42034248   8.31755031
165.04697019 133.42153470   8.31769331
165.14697019 133.42266782   8.31782922
165.24697019 133.42374453   8.31795836
165.34697019 133.42476743   8.31808105
165.44697019 133.42573899   8.31819758
165.54697019 133.42666157   8.31830824
165.64697019 133.42753745   8.31841329
165.74697019 133.42836881   8.31851301
165.84697019 133.42915775   8.31860764
165.94697019 133.42990625   8.31869741
166.04697019 133.43061624   8.31878257
166.14697019 133.43128955   8.31886333
166.24697019 133.43192792   8.31893990
166.34697019 133.43253305   8.31901248
166.44697019 133.43310653   8.31908126
166.54697019 133.43364989   8.31914643
166.64697019 133.43416462   8.31920817
166.74697019 133.43465210   8.31926664
166.84697019 133.43511367   8.31932200
166.94697019 133.43555063   8.31937441
167.04697019 133.43596418   8.31942401
167.14697019 133.43635550   8.31947095
167.24697019 133.43672570   8.31951535
167.34697019 133.43707583   8.31955735
167.44697019 133.43740693   8.31959706
167.54697019 133.43771994   8.31963460
167.64697019 133.43801580   8.31967009
167.74697019 133.43829538   8.31970362
167.84697019 133.43855951   8.31973530
167.94697019 133.43880901   8.31976523
168.04697019 133.43904462   8.31979349
168.14697019 133.43926706   8.31982017
168.24697019 133.43947704   8.31984535
168.34697019 133.43967520   8.31986912
168.44697019 133.43986216   8.31989155
168.54697019 133.44003853   8.31991270
168.64697019 133.44020485   8.31993265
168.74697019 133.44036168   8.31995146
168.84697019 133.44050952   8.31996919
168.94697019 133.44064885   8.31998590
169.04697019 133.44078013   8.32000165
169.14697019 133.44090381   8.32001649
169.24697019 133.44102029   8.32003046
169.34697019 133.44112997   8.32004361
169.44697019 133.44123322   8.32005600
169.54697019 133.44133040   8.32006766
169.64697019 133.44142184   8.32007862
169.74697019 133.44150786   8.32008894
169.84697019 133.44158877   8.32009865
169.94697019 133.44166485   8.32010778
170.04697019 133.44173636   8.32011636
170.14697019 133.44180358   8.32012442
170.24697019 133.44186673   8.32013200
170.34697019 133.44192606   8.32013912
170.44697019 133.44198177   8.32014581
170.54697019 133.44203407   8.32015208
170.64697019 133.44208316   8.32015798
170.74697019 133.44212921   8.32016351
170.84697019 133.44217240   8.32016870
170.94697019 133.44221290   8.32017357
171.04697019 133.44225085   8.32017813
171.14697019 133.44228639   8.32018241
171.24697019 133.44231967   8.32018641
171.34697019 133.44235081   8.32019017
171.44697019 133.44237992   8.32019368
171.54697019 133.44240712   8.32019696
171.64697019 133.44243250   8.32020004
171.74697019 133.44245617   8.32020291
171.84697019 133.44247821   8.32020559
171.94697019 133.44249869   8.32020809
172.04697019 133.44251769   8.32021042
172.14697019 133.44253527   8.32021259
172.24697019 133.44255150   8.32021461
172.34697019 133.44256642   8.32021647
172.44697019 133.44258006   8.32021820
172.54697019 133.44259248   8.32021980
172.64697019 133.44260369   8.32022126
172.74697019 133.44261370   8.32022260
172.84697019 133.44262253   8.32022382
172.94697019 133.44263018   8.32022493
173.04697019 133.44263663   8.32022591
173.14697019 133.44264187   8.32022679
173.24697019 133.44264584   8.32022754
173.34697019 133.44264852   8.32022819
173.44697019 133.44264983   8.32022871
173.54697019 133.44264970   8.32022912
173.64697019 133.44264803   8.32022940
173.74697019 133.44264472   8.32022955
173.84697019 133.44263962   8.32022957
173.94697019 133.44263258   8.32022945
174.04697019 133.44262341   8.32022917
174.14697019 133.44261192   8.32022872
174.24697019 133.44259785   8.32022810
174.34697019 133.44258094   8.32022728
174.44697019 133.44256086   8.32022625
174.54697019 133.44253726   8.32022499
174.64697019 133.44250975   8.32022346
174.74697019 133.44247785   8.32022166
174.84697019 133.44244107   8.32021953
174.94697019 133.44239882   8.32021705
175.04697019 133.44235045   8.32021418
175.14697019 133.44229524   8.32021087
175.24697019 133.44223238   8.32020708
175.34697019 133.44216094   8.32020275
175.44697019 133.44207991   8.32019781
175.54697019 133.44198816   8.32019219
175.64697019 133.44188442   8.32018582
175.74697019 133.44176728   8.32017861
175.84697019 133.44163517   8.32017046
175.94697019 133.44148635   8.32016127
176.04697019 133.44131888   8.32015090
176.14697019 133.44113061   8.32013924
176.24697019 133.44091917   8.32012613
176.34697019 133.44068192   8.32011141
176.44697019 133.44041594   8.32009489
176.54697019 133.44011803   8.32007639
176.64697019 133.43978463   8.32005567
176.74697019 133.43941181   8.32003249
176.84697019 133.43899525   8.32000658
176.94697019 133.43853021   8.31997765
177.04697019 133.43801143   8.31994537
177.14697019 133.43743316   8.31990939
177.24697019 133.43678910   8.31986930
177.34697019 133.43607229   8.31982468
177.44697019 133.43527514   8.31977506
177.54697019 133.43438932   8.31971991
177.64697019 133.43340570   8.31965867
177.74697019 133.43231433   8.31959072
177.84697019 133.43110431   8.31951537
177.94697019 133.42976375   8.31943190
178.04697019 133.42827969   8.31933948
178.14697019 133.42663799   8.31923725
178.24697019 133.42482328   8.31912424
178.34697019 133.42281883   8.31899941
178.44697019 133.42060645   8.31886163
178.54697019 133.41816639   8.31870967
178.64697019 133.41547725   8.31854220
178.74697019 133.41251581   8.31835776
178.84697019 133.40925692   8.31815481
178.94697019 133.40567339   8.31793163
179.04697019 133.40173582   8.31768640
179.14697019 133.39741246   8.31741714
179.24697019 133.39266906   8.31712172
179.34697019 133.38746867   8.31679784
179.44697019 133.38177153   8.31644302
179.54697019 133.37553484   8.31605460
179.64697019 133.36871259   8.31562971
179.74697019 133.36125537   8.31516527
179.84697019 133.35311014   8.31465798
179.94697019 133.34422007   8.31410430
180.04697019 133.33452427   8.31350044
180.14697019 133.32395759   8.31284234
180.24697019 133.31245041   8.31212566
180.34697019 133.29992834   8.31134578
180.44697019 133.28631202   8.31049774
180.54697019 133.27151688   8.30957629
180.64697019 133.25545283   8.30857580
180.74697019 133.23802404   8.30749032
180.84697019 133.21912865   8.30631350
180.94697019 133.19865853   8.30503860
181.04697019 133.17649894   8.30365848
181.14697019 133.15252833   8.30216557
181.24697019 133.12661802   8.30055185
181.34697019 133.09863190   8.29880885
181.44697019 133.06842620   8.29692761
181.54697019 133.03584917   8.29489868
181.64697019 133.00074082   8.29271209
181.74697019 132.96293266   8.29035737
181.84697019 132.92224741   8.28782345
181.94697019 132.87849874   8.28509874
182.04697019 132.83149105   8.28217105
182.14697019 132.78101919   8.27902761
182.24697019 132.72686824   8.27565504
182.34697019 132.66881332   8.27203932
182.44697019 132.60661934   8.26816582
182.54697019 132.54004084   8.26401924
182.64697019 132.46882183   8.25958365
182.74697019 132.39269563   8.25484244
182.84697019 132.31138474   8.24977832
182.94697019 132.22460076   8.24437332
183.04697019 132.13204431   8.23860881
183.14697019 132.03340496   8.23246546
183.24697019 131.92836127   8.22592323
183.34697019 131.81658077   8.21896143
183.44697019 131.69772002   8.21155867
183.54697019 131.57142474   8.20369287
183.64697019 131.43732987   8.19534131
183.74697019 131.29505983   8.18648059
183.84697019 131.14422867   8.17708667
183.94697019 130.98444035   8.16713490
184.04697019 130.81528909   8.15659999
184.14697019 130.63635965   8.14545608
184.24697019 130.44722782   8.13367676
184.34697019 130.24746079   8.12123507
184.44697019 130.03661775   8.10810356
184.54697019 129.81425039   8.09425430
184.64697019 129.57990353   8.07965894
184.74697019 129.33311583   8.06428876
184.84697019 129.07342045   8.04811467
184.94697019 128.80034591   8.03110731
185.04697019 128.51341685   8.01323709
185.14697019 128.21215499   7.99447420
185.24697019 127.89608003   7.97478873
185.34697019 127.56471069   7.95415072
185.44697019 127.21756573   7.93253019
185.54697019 126.85416506   7.90989723
185.64697019 126.47403092   7.88622210
185.74697019 126.07668904   7.86147525
185.84697019 125.66166990   7.83562744
185.94697019 125.22851004   7.80864981
186.04697019 124.77675335   7.78051395
186.14697019 124.30595244   7.75119200
186.24697019 123.81567005   7.72065673
186.34697019 123.30548043   7.68888161
186.44697019 122.77497085   7.65584094
186.54697019 122.22374298   7.62150992
186.64697019 121.65141444   7.58586473
186.74697019 121.05762024   7.54888263
186.84697019 120.44201431   7.51054208
186.94697019 119.80427092   7.47082279
187.04697019 119.14408626   7.42970583
187.14697019 118.46117983   7.38717373
187.24697019 117.75529591   7.34321058
187.34697019 117.02620500   7.29780207
187.44697019 116.27370522   7.25093563
187.54697019 115.49762362   7.20260049
187.64697019 114.69781754   7.15278777
187.74697019 113.87417585   7.10149055
187.84697019 113.02662014   7.04870393
187.94697019 112.15510589   6.99442515
188.04697019 111.25962352   6.93865362
188.14697019 110.34019941   6.88139097
188.24697019 109.39689676   6.82264113
188.34697019 108.42981650   6.76241041
188.44697019 107.43909794   6.70070747
188.54697019 106.42491948   6.63754342
188.64697019 105.38749910   6.57293185
188.74697019 104.32709481   6.50688881
188.84697019 103.24400497   6.43943289
188.94697019 102.13856848   6.37058520
189.04697019 101.01116487   6.30036938
189.14697019  99.86221428   6.22881159
189.24697019  98.69217729   6.15594052
189.34697019  97.50155465   6.08178736
189.44697019  96.29088685   6.00638576
189.54697019  95.06075362   5.92977183
189.64697019  93.81177322   5.85198408
189.74697019  92.54460171   5.77306338
189.84697019  91.25993199   5.69305287
189.94697019  89.95849281   5.61199793
190.04697019  88.64104755   5.52994613
190.14697019  87.30839300   5.44694707
190.24697019  85.96135793   5.36305238
190.34697019  84.60080160   5.27831558
190.44697019  83.22761214   5.19279197
190.54697019  81.84270486   5.10653856
190.64697019  80.44702039   5.01961394
190.74697019  79.04152282   4.93207815
190.84697019  77.62719767   4.84399257
190.94697019  76.20504987   4.75541978
191.04697019  74.77610158   4.66642346
191.14697019  73.34139002   4.57706819
191.24697019  71.90196519   4.48741937
191.34697019  70.45888757   4.39754306
191.44697019  69.01322578   4.30750580
191.54697019  67.56605422   4.21737451
191.64697019  66.11845066   4.12721631
191.74697019  64.67149382   4.03709840
191.84697019  63.22626100   3.94708786
191.94697019  61.78382563   3.85725154
192.04697019  60.34525490   3.76765592
192.14697019  58.91160739   3.67836692
192.24697019  57.48393075   3.58944980
192.34697019  56.06325937   3.50096896
192.44697019  54.65061215   3.41298789
192.54697019  53.24699032   3.32556892
192.64697019  51.85337531   3.23877318
192.74697019  50.47072668   3.15266045
192.84697019  49.09998019   3.06728899
192.94697019  47.74204586   2.98271548
193.04697019  46.39780620   2.89899489
193.14697019  45.06811455   2.81618037
193.24697019  43.75379342   2.73432314
193.34697019  42.45563304   2.65347242
193.44697019  41.17439003   2.57367532
193.54697019  39.91078605   2.49497680
193.64697019  38.66550677   2.41741957
193.74697019  37.43920077   2.34104401
193.84697019  36.23247873   2.26588815
193.94697019  35.04591260   2.19198763
194.04697019  33.88003500   2.11937561
194.14697019  32.73533870   2.04808278
194.24697019  31.61227626   1.97813733
194.34697019  30.51125974   1.90956492
194.44697019  29.43266057   1.84238869
194.54697019  28.37680959   1.77662924
194.64697019  27.34399709   1.71230464
194.74697019  26.33447309   1.64943048
194.84697019  25.34844764   1.58801983
194.94697019  24.38609132   1.52808332
195.04697019  23.44753575   1.46962914
195.14697019  22.53287428   1.41266311
195.24697019  21.64216271   1.35718871
195.34697019  20.77542020   1.30320712
195.44697019  19.93263011   1.25071731
195.54697019  19.11374109   1.19971609
195.64697019  18.31866813   1.15019815
195.74697019  17.54729372   1.10215618
195.84697019  16.79946908   1.05558092
195.94697019  16.07501538   1.01046122
196.04697019  15.37372514   0.96678416
196.14697019  14.69536351   0.92453512
196.24697019  14.03966975   0.88369786
196.34697019  13.40635859   0.84425461
196.44697019  12.79512173   0.80618617
196.54697019  12.20562929   0.76947199
196.64697019  11.63753130   0.73409028
196.74697019  11.09045919   0.70001808
196.84697019  10.56402729   0.66723138
196.94697019  10.05783428   0.63570517
197.04697019   9.57146473   0.60541359
197.14697019   9.10449049   0.57632997
197.24697019   8.65647215   0.54842694
197.34697019   8.22696049   0.52167652
197.44697019   7.81549784   0.49605022
197.54697019   7.42161939   0.47151908
197.64697019   7.04485461   0.44805379
197.74697019   6.68472843   0.42562477
197.84697019   6.34076252   0.40420223
197.94697019   6.01247648   0.38375625
198.04697019   5.69938898   0.36425685
198.14697019   5.40101883   0.34567406
198.24697019   5.11688608   0.32797799
198.34697019   4.84651294   0.31113888
198.44697019   4.58942477   0.29512717
198.54697019   4.34515093   0.27991355
198.64697019   4.11322564   0.26546901
198.74697019   3.89318870   0.25176489
198.84697019   3.68458626   0.23877292
198.94697019   3.48697146   0.22646528
199.04697019   3.29990503   0.21481459
199.14697019   3.12295584   0.20379402
199.24697019   2.95570143   0.19337725
199.34697019   2.79772841   0.18353853
199.44697019   2.64863291   0.17425271
199.54697019   2.50802089   0.16549526
199.64697019   2.37550843   0.15724225
199.74697019   2.25072202   0.14947043
199.84697019   2.13329876   0.14215719
199.94697019   2.02288651   0.13528060
200.04697019   1.91914399   0.12881942
200.14697019   1.82174094   0.12275306
200.24697019   1.73035810   0.11706164
200.34697019   1.64468726   0.11172598
200.44697019   1.56443122   0.10672755
200.54697019   1.48930375   0.10204854
200.64697019   1.41902952   0.09767179
200.74697019   1.35334399   0.09358083
200.84697019   1.29199327   0.08975984
200.94697019   1.23473399   0.08619368
201.04697019   1.18133310   0.08286782
201.14697019   1.13156772   0.07976838
201.24697019   1.08522490   0.07688210
201.34697019   1.04210141   0.07419633
201.44697019   1.00200350   0.07169899
201.54697019   0.96474667   0.06937860
201.64697019   0.93015542   0.06722422
201.74697019   0.89806297   0.06522547
201.84697019   0.86831098   0.06337249
201.94697019   0.84074933   0.06165592
202.04697019   0.81523578   0.06006691
202.14697019   0.79163573   0.05859708
202.24697019   0.76982195   0.05723849
202.34697019   0.74967424   0.05598367
202.44697019   0.73107922   0.05482556
202.54697019   0.71393003   0.05375749
