# intensity: 1.0499683929232
# background: 0
#           Q (1/A)             dQ (1/A)                    R                   dR               theory              fresnel
     0.0483642315116 0.000750702739851845       0.951434579138     0.00501003519873    0.944403477365908   0.0180933328193997
     0.0497866914682 0.000750709007438337        0.94044560157     0.00496697431537    0.940446863672086   0.0165395315687132
     0.0512091499082 0.000750715456630211        0.92483593417     0.00490572657895     0.93365118102546   0.0144008303228469
     0.0526316067882    0.000750722087422        0.91507948482      0.0048673956524    0.925546013521928   0.0125448489238492
      0.054054062065 0.000750728899808085       0.891642996968     0.00477516962074    0.915978915171398   0.0109906547995805
     0.0554765156953 0.000750735893782693       0.876236096925     0.00471441470647    0.904412778222803  0.00967905007579564
     0.0568989676356 0.000750743069339895       0.854327123245     0.00462784251127    0.890075534463047  0.00856439932671144
     0.0583214178427 0.000750750426473612       0.832076973197     0.00453970038522    0.871867114294262  0.00761108894691649
     0.0597438662732 0.000750757965177608       0.797485049287     0.00440218205643    0.848267019264373  0.00679101947951524
     0.0611663128838 0.000750765685445495       0.755120376229     0.00423288370811    0.817321225253551  0.00608179935766354
     0.0625887576312 0.000750773587270732       0.713350487453     0.00406490300013    0.776909406420919  0.00546542410218056
      0.064011200472 0.000750781670646622       0.660982624188     0.00385260415179    0.725646264681404  0.00492729729139778
     0.0654336413629 0.000750789935566318       0.611077559878     0.00364824562759    0.664658955672613  0.00445549587477233
     0.0668560802606 0.000750798382022817        0.56406531003     0.00345358980774    0.599490624985959  0.00404021262700723
     0.0682785171218 0.000750807010008963       0.524906916272     0.00328959354811    0.539750377525364  0.00367332866302088
      0.069700951903 0.000750815819517446       0.497644208161     0.00317426832942    0.494763413182824  0.00334808256306276
     0.0711233845611 0.000750824810540804        0.47861385523      0.0030931423649    0.468157792462043  0.00305881203097832
     0.0725458150526  0.00075083398307142       0.474897210464      0.0030772339742    0.456735452363601  0.00280075054920074
     0.0739682433342 0.000750843337101525       0.465759918032     0.00303803317951    0.453968772956757  0.00256986611542536
     0.0753906693627 0.000750852872623196       0.468748114267     0.00305086561273    0.453844439498779  0.00236273245398848
     0.0768130930946 0.000750862589628355       0.459408054463     0.00301070035281    0.452446025384161  0.00217642548669719
     0.0782355144866 0.000750872488108774       0.451730687084     0.00297757578127    0.447783806355877  0.00200843959658955
     0.0796579334955  0.00075088256805607        0.44262088991     0.00293813751632    0.439110380118922   0.0018566195092046
     0.0810803500778 0.000750892829461706       0.427630839031     0.00287291585697    0.426352390686354   0.0017191045769255
     0.0825027641903 0.000750903272316994       0.407801406942     0.00278596845389    0.409773770234879  0.00159428297394779
     0.0839251757896 0.000750913896613089        0.38491694649     0.00268458712938    0.389809422678778   0.0014807538564226
     0.0853475848324 0.000750924702340998        0.36495233615     0.00259513435406    0.366994320175301  0.00137729595888685
     0.0867699912754  0.00075093568949157       0.339069270754     0.00247758842129    0.341936918666128  0.00128284141871613
     0.0881923950752 0.000750946858055505       0.315984395044     0.00237105595035    0.315307271989675  0.00119645386787864
     0.0896147961885 0.000750958208023346        0.29176402206     0.00225731092922    0.287823742283515  0.00111731002405785
      0.091037194572 0.000750969739385486       0.260541415925     0.00210718175422    0.260230447290116  0.00104468416417187
     0.0924595901823 0.000750981452132163       0.233198425444     0.00197181075627    0.233263312381371 0.000977934982066313
     0.0938819829761 0.000750993346253465       0.203718442648     0.00182081600318    0.207607159634278 0.000916494426217179
     0.0953043729102 0.000751005421739325       0.179902428357     0.00169407309675    0.183849792304347 0.000859858188147129
     0.0967267599411 0.000751017678579521       0.159465870211      0.0015810856865    0.162440971031754 0.000807577572064604
     0.0981491440255 0.000751030116763682       0.139745756765     0.00146746640219    0.143663962070998 0.000759252524244297
     0.0995715251202 0.000751042736281284       0.126108664385     0.00138566532441    0.127624945614923 0.000714525639560281
      0.100993903182 0.000751055537121649       0.112524602447     0.00130099949817    0.114261743773155 0.000673076993918075
      0.102416278167 0.000751068519273941       0.102319996657     0.00123490813755    0.103369325006159 0.000634619676947078
      0.103838650032 0.000751081682727178      0.0923451938816     0.00116785769893   0.0946366010638388 0.000598895920112603
      0.105261018734 0.000751095027470228       0.086452774134     0.00112693280748   0.0876878523641805 0.000565673732723657
       0.10668338423 0.000751108553491803      0.0807360861031      0.0010861680282   0.0821226688931107 0.000534743972219252
      0.108105746476 0.000751122260780457      0.0782499283608     0.00106807991715   0.0775499965656968 0.000505917786852033
      0.109528105429 0.000751136149324599       0.074804005069     0.00104262552508   0.0736139688767517 0.000479024378428152
      0.110950461045 0.000751150219112476      0.0717636165127     0.00101976905544    0.070011055776943  0.00045390904100258
      0.112372813282 0.000751164470132202      0.0692369052886     0.00100047071944   0.0664993437069529 0.000430431437786726
      0.113795162096  0.00075117890237172      0.0658044998135    0.000973787182507   0.0629014192497959 0.000408464084513236
      0.115217507443  0.00075119351581882      0.0610469014476    0.000935831757317   0.0591024860234909 0.000387891011740329
      0.116639849281 0.000751208310461158      0.0568029804151    0.000900911670889   0.0550451870795426 0.000368606582873875
      0.118062187565  0.00075122328628621       0.051153205622    0.000852651373305   0.0507223066871433 0.000350514447976236
      0.119484522253 0.000751238443281329      0.0459089655654    0.000805749994439    0.046168211243577 0.000333526615910664
      0.120906853302 0.000751253781433706      0.0424490783547    0.000773512018533   0.0414496311863367 0.000317562630289058
      0.122329180667  0.00075126930073036      0.0366782244134    0.000717022413013   0.0366562117913928 0.000302548836246748
      0.123751504306 0.000751285001158187       0.032705241141    0.000675774607553    0.031891168829355 0.000288417726963368
      0.125173824175 0.000751300882703912      0.0279482240383    0.000623256835424   0.0272623552059098 0.000275107360505753
      0.126596140232 0.000751316945354128      0.0231236178092    0.000565581758074   0.0228740484455171 0.000262560838456789
      0.128018452432 0.000751333189095245      0.0191641523513    0.000513885901012    0.018819777257256 0.000250725839258065
      0.129440760732 0.000751349613913542         0.0141359001    0.000440271397973   0.0151764931772293 0.000239554199767531
      0.130863065089 0.000751366219795145      0.0120352606732    5.97466838036e-05   0.0120003449830684 0.000229001539664283
       0.13228536546 0.000751383006726032     0.00934358447845    4.93090836114e-05  0.00932422435605759  0.00021902692378502
      0.133707661802 0.000751399974692025       0.007159964344    4.06431350028e-05  0.00715712874149385 0.000209592558175586
       0.13512995407 0.000751417123678775      0.0055887953509    3.42157019178e-05  0.00548524804804969 0.000200663516151413
      0.136552242222 0.000751434453671812     0.00434438216249    2.89307750414e-05   0.0042745473154602 0.000192207491039835
      0.137974526215 0.000751451964656508     0.00361685846449    2.57148597532e-05  0.00347450874938886 0.000184194572827123
      0.139396806004 0.000751469656618054      0.0032326339746    2.39622827213e-05  0.00302262881744566 0.000176597046087751
      0.140819081547 0.000751487529541531     0.00306589923611    2.31866348511e-05  0.00284924632842159 0.000169389206942803
      0.142241352801 0.000751505583411852     0.00318062969614    2.37193714533e-05  0.00288230313888397 0.000162547197142437
      0.143663619722 0.000751523818213769     0.00337496823168    2.47063536734e-05  0.00305170072673181 0.000156048853438694
      0.145085882266 0.000751542233931882      0.0036949756928    2.61589950027e-05  0.00329299966587143 0.000149873570707099
      0.146508140391 0.000751560830550665     0.00397145575941    2.73928607322e-05  0.00355030069817593 0.000144002177430988
      0.147930394053 0.000751579608054414     0.00421400608699    2.84612866375e-05  0.00377823357037474 0.000138416822342373
      0.149352643209  0.00075159856642729     0.00432489280365    2.89462301701e-05  0.00394305481537794  0.00013310087106425
      0.150774887815 0.000751617705653286     0.00441551630015    2.93399338413e-05  0.00402291405515998 0.000128038811824604
      0.152197127829 0.000751637025716273     0.00440570235966    2.92971621979e-05  0.00400738957829106 0.000123216169326739
      0.153619363206 0.000751656526599929     0.00423975754483    2.85742069983e-05  0.00389641965060094 0.000118619426039745
      0.155041593904 0.000751676208287825     0.00402447267002    2.76282468751e-05  0.00369876919775202 0.000114235950142027
      0.156463819879  0.00075169607076335     0.00376295683488    2.64655617869e-05  0.00343017524935989 0.000110053929564119
      0.157886041087 0.000751716114009744     0.00337408957571    2.47042895404e-05  0.00311131146101567  0.00010606231150687
      0.159308257487 0.000751736338010139     0.00308011744466    2.33425864036e-05  0.00276570395555612 0.000102250746950732
      0.160730469033 0.000751756742747443     0.00261365787108    2.11158744366e-05   0.0024177187082496  9.8609539731561e-05
      0.162152675683 0.000751777328204473      0.0022931908026    1.95260552448e-05  0.00209072524120197 9.51295996970595e-05
      0.163574877394  0.00075179809436388     0.00195542091802     1.7781265055e-05  0.00180552282140338 9.18023996585685e-05
      0.164997074122 0.000751819041208152     0.00171939970045    1.65088742694e-05  0.00157909399552256 8.86199357528567e-05
      0.166419265824 0.000751840168719637     0.00153650353356    1.54844721767e-05  0.00142372685628282 8.55746909230052e-05
      0.167841452457 0.000751861476880536     0.00142038542022    1.48131868323e-05  0.00134652295122334 8.26596012576309e-05
      0.169263633977 0.000751882965672885     0.00142606290655    1.48464289689e-05  0.00134928360876766 7.98680249347309e-05
       0.17068581034 0.000751904635078568      0.0014925706036    1.52325652606e-05  0.00142874523766761 7.71937135437337e-05
      0.172107981505 0.000751926485079365     0.00161643442974    1.59373580224e-05  0.00157711536214623 7.46307855847842e-05
      0.173530147426 0.000751948515656829     0.00180153400168    1.69585580227e-05  0.00178284701255972 7.21737019851292e-05
      0.174952308062 0.000751970726792442     0.00205381716225    1.82992953111e-05  0.00203158037474032  6.9817243413536e-05
      0.176374463368  0.00075199311846747      0.0023343525766    1.97344470814e-05  0.00230717750045192 6.75564893079404e-05
      0.177796613302 0.000752015690663082     0.00260542551408    2.10763821058e-05  0.00259277807930375 6.53867984175446e-05
      0.179218757819 0.000752038443360243     0.00289958689434    2.24920938466e-05  0.00287181093696371 6.33037907829711e-05
      0.180640896878 0.000752061376539838     0.00321740446812    2.39825517742e-05  0.00312890598978438 6.13033309989238e-05
      0.182063030433 0.000752084490182517     0.00343099961467    2.49651513109e-05  0.00335066358583603 5.93815126990371e-05
      0.183485158443 0.000752107784268866     0.00358430526397    2.56621682408e-05   0.0035262513466849 5.75346441172466e-05
      0.184907280863 0.000752131258779252      0.0037512639166      2.641398538e-05  0.00364781171220328 5.57592346924337e-05
      0.186329397651 0.000752154913693944     0.00387658766861    2.69733282329e-05  0.00371067563120273  5.4051982589235e-05
      0.187751508763 0.000752178748993029     0.00385267463694    2.68668280435e-05  0.00371338863599649  5.2409763099586e-05
      0.189173614156  0.00075220276465646     0.00376766103801    2.64872359174e-05  0.00365756460678688 5.08296178329975e-05
      0.190595713786 0.000752226960664025     0.00367332014005    2.60639193999e-05  0.00354758971283503 4.93087446508768e-05
       0.19201780761 0.000752251336995379     0.00348570625226    2.52151940827e-05  0.00339020431848806 4.78444882785978e-05
      0.193439895585 0.000752275893630027     0.00333914599882    2.45448440255e-05  0.00319399412663415 4.64343315521249e-05
      0.194861977668 0.000752300630547327     0.00308701153477    2.33760521939e-05  0.00296882360459689 4.50758872476814e-05
      0.196284053814 0.000752325547726453     0.00285420755945    2.22766508554e-05  0.00272524491404116 4.37668904543886e-05
      0.197706123982 0.000752350645146498     0.00256368247262    2.08728404235e-05  0.00247391426432853 4.25051914410091e-05
      0.199128188127 0.000752375922786338     0.00231195354194    1.96222677466e-05   0.0022250449692566 4.12887490006538e-05
      0.200550246206 0.000752401380624735     0.00203928550175    1.82246477035e-05  0.00198792264415868 4.01156242141659e-05
      0.201972298176 0.000752427018640302      0.0018164982344    1.70414620999e-05  0.00177050315881448 3.89839746214274e-05
      0.203394343994 0.000752452836811504     0.00159668488852    1.58290040676e-05  0.00157910837108248  3.7892048762905e-05
      0.204816383616 0.000752478835116639     0.00142823927619    1.48627561179e-05  0.00141822861651619 3.68381810677968e-05
      0.206238416999 0.000752505013533874     0.00128250360926     1.3995115781e-05  0.00129043473440255 3.58207870615258e-05
      0.207660444099  0.00075253137204121      0.0011998195825    1.34864695972e-05  0.00119639641786406 3.48383588755048e-05
      0.209082464874 0.000752557910616538      0.0011205150117    1.29866515456e-05   0.0011349982116722 3.38894610319025e-05
       0.21050447928 0.000752584629237562     0.00109082085699    1.27957157118e-05  0.00110353984751547 3.29727264927215e-05
      0.211926487274 0.000752611527881857     0.00108626985584    1.27656916617e-05  0.00109800402609943 3.20868529458557e-05
      0.213348488811 0.000752638606526812     0.00109142915849     6.3819630991e-06  0.00111337238403699 3.12305993205393e-05
       0.21477048385 0.000752665865149744     0.00112026718402    6.87719049242e-06  0.00114396927153998 3.04027825075698e-05
      0.216192472347 0.000752693303727766     0.00116189757771    7.05034664085e-06  0.00118381308358688  2.9602274283686e-05
      0.217614454258 0.000752720922237841     0.00121623472667     7.2749655485e-06  0.00122695611729582 2.88279984130735e-05
       0.21903642954 0.000752748720656806     0.00125786512065    7.44612931396e-06  0.00126779609424526 2.80789279214469e-05
       0.22045839815 0.000752776698961349     0.00129284474508     7.5893713891e-06  0.00130134537133362 2.73540825312343e-05
      0.221880360044  0.00075280485712799     0.00133221135443    7.74968165455e-06  0.00132344723172592 2.66525262462872e-05
      0.223302315179 0.000752833195133124      0.0013433797814    7.79494488572e-06  0.00133093226333452 2.59733650750576e-05
      0.224724263513 0.000752861712953016     0.00132416013838    7.71661449338e-06  0.00132171147888289  2.5315744885854e-05
         0.226146205 0.000752890410563704      0.0013026424649     7.6287601863e-06  0.00129480632042091 2.46788493869685e-05
      0.227568139599 0.000752919287941181     0.00128050297122    7.53817077327e-06  0.00125031886534122 2.40618982152983e-05
      0.228990067266 0.000752948345061231     0.00119781443798    7.19851343166e-06  0.00118934829212354 2.34641451404099e-05
      0.230411987957 0.000752977581899491       0.001134456394    6.93603181628e-06   0.0011138618840599 2.28848763645131e-05
       0.23183390163 0.000753006998431492     0.00106001373391    6.62480067862e-06  0.00102653049538269 2.23234089177431e-05
      0.233255808241 0.000753036594632577     0.00094615309734    6.14183828876e-06 0.000930539449165308 2.17790891446911e-05
      0.234677707746 0.000753066370477943    0.000848486814714    5.71950179159e-06 0.000829386276689354 2.12512912718698e-05
      0.236099600102  0.00075309632594266    0.000743412765034     5.2542046191e-06 0.000726676568672231 2.07394160539976e-05
      0.237521485267 0.000753126461001672     0.00063814946533    4.77397584665e-06 0.000625928529072258 2.02428894942644e-05
      0.238943363196 0.000753156775629716    0.000536995583825    4.29479165684e-06 0.000530395666006846 1.97611616350963e-05
      0.240365233847 0.000753187269801442     0.00045000838202    3.86380973128e-06 0.000442915500173606 1.92937054104602e-05
      0.241787097175 0.000753217943491293    0.000363751142256    3.41238843721e-06 0.000365790319860836 1.88400155634567e-05
      0.243208953139 0.000753248796673652    0.000298697963644    3.04975269737e-06 0.000300703961027354 1.83996076171449e-05
      0.244630801693 0.000753279829322644    0.000242972083755    2.71741058142e-06 0.000248676467160177 1.79720169046662e-05
      0.246052642796  0.00075331104141236    0.000198736354524    2.43356797683e-06 0.000210056388068563 1.75567976444302e-05
      0.247474476404 0.000753342432916679    0.000174182577659    2.26554737987e-06 0.000184548531954979 1.71535220688854e-05
      0.248896302473 0.000753374003809332    0.000159767168989    2.16240641046e-06 0.000171273273888505 1.67617795951895e-05
      0.250318120961 0.000753405754063953    0.000153719294349    2.11814303233e-06 0.000168852135773613 1.63811760389651e-05
      0.251739931823 0.000753437683653959    0.000153051513857    2.11314362341e-06 0.000175513336305189 1.60113328701899e-05
      0.253161735017 0.000753469792552689     0.00017290379107    2.25593599085e-06  0.00018921039845247  1.5651886504089e-05
      0.254583530499 0.000753502080733295    0.000195486668809    2.41079482605e-06 0.000207746701261628  1.5302487630777e-05
      0.256005318226 0.000753534548168803    0.000217420690923    2.55480813452e-06  0.00022889905327107 1.49628005766244e-05
      0.257427098154 0.000753567194832071    0.000239514222915    2.69494330267e-06 0.000250533907030021 1.46325026988294e-05
      0.258848870241 0.000753600020695859    0.000256498017476     2.7995896412e-06 0.000270710672240474 1.43112838089578e-05
      0.260270634443 0.000753633025732736    0.000275266165154    2.91238863737e-06 0.000287767650505422 1.39988456266191e-05
      0.261692390717 0.000753666209915148    0.000288951611052    2.99306016794e-06 0.000300387334663025 1.36949012584648e-05
      0.263114139019 0.000753699573215374    0.000300311991392    3.05910247919e-06 0.000307639113317465 1.33991747037886e-05
      0.264535879306  0.00075373311560557     0.00029936304069    3.05328890917e-06 0.000308998725226897 1.31114003833583e-05
      0.265957611535 0.000753766837057748    0.000293953207578    3.02171931466e-06 0.000304345051159136 1.28313226916913e-05
      0.267379335663 0.000753800737543776    0.000283379565175    2.95978246281e-06 0.000293935955846517  1.2558695570679e-05
      0.268801051645  0.00075383481703533    0.000266019974526    2.85657438288e-06 0.000278365852300932 1.22932821040103e-05
       0.27022275944 0.000753869075504036    0.000248254848844    2.74849659603e-06 0.000258508419657418 1.20348541294382e-05
      0.271644459003  0.00075390351292128    0.000224947415631    2.60290380177e-06 0.000235448441109774 1.17831918719862e-05
      0.273066150291 0.000753938129258353     0.00020209958847    2.45471087239e-06  0.00021040702775245 1.15380835919116e-05
      0.274487833261 0.000753972924486401    0.000178008121461    2.29141621608e-06 0.000184664559615641 1.12993252506142e-05
       0.27590950787 0.000754007898576427    0.000143670143419    2.04279722855e-06 0.000159485516200478 1.10667201917651e-05
      0.277331174074 0.000754043051499263    0.000127283836467    1.91574856879e-06 0.000136049008091111 1.08400788373912e-05
       0.27875283183 0.000754078383225625    0.000108161521685    1.75856981799e-06 0.000115388287804289 1.06192183975116e-05
      0.280174481095 0.000754113893726083    8.81740661775e-05    1.58097097434e-06 9.83418492195172e-05  1.0403962593589e-05
      0.281596121825  0.00075414958297104    7.62973054806e-05    1.46706998255e-06 8.55179617397552e-05 1.01941413945976e-05
      0.283017753977  0.00075418545093078    6.67456106645e-05     1.3696414155e-06 7.72736727393267e-05 9.98959076464595e-06
      0.284439377508 0.000754221497575444    6.38987569008e-05    1.33949814994e-06 7.37084944657092e-05  9.7901524224594e-06
      0.285860992375 0.000754257722875028      6.494233316e-05    1.35041260282e-06 7.46722118714802e-05 9.59567361152998e-06
      0.287282598533 0.000754294126799337    6.87165098896e-05    1.38989424516e-06 7.97855448381253e-05 9.40600688082324e-06
      0.288704195941 0.000754330709318132    8.12232012133e-05    1.51480237203e-06  8.8471804077744e-05 9.22100987419525e-06
      0.290125784554  0.00075436747040093     9.3648785489e-05    1.63073136377e-06 9.99972192786037e-05 9.04054513097507e-06
       0.29154736433 0.000754404410017183    0.000107047653035    1.74849730023e-06 0.000113517307295303  8.8644798934053e-06
      0.292968935224  0.00075444152813612     0.00012256341174    1.87777693509e-06  0.00012812649365936 8.69268592417211e-06
      0.294390497194  0.00075447882472691    0.000138079170631    2.00034514564e-06 0.000142908201572702 8.52503933043047e-06
      0.295812050196 0.000754516299758522    0.000155433353857    2.13087534622e-06 0.000156982767521173 8.36142039679849e-06
      0.297233594188 0.000754553953199839    0.000165460876335    2.20373760946e-06 0.000169550816208363 8.20171342451479e-06
      0.298655129125 0.000754591785019521      0.0001738932957    2.26370736647e-06 0.000179930105527759 8.04580657853977e-06
      0.300076654965 0.000754629795186164    0.000180411590758    2.30904939904e-06 0.000187584309807277 7.89359173998492e-06
      0.301498171663 0.000754667983668145    0.000187686883978    2.35891836857e-06 0.000192142716471035 7.74496436613552e-06
      0.302919679178 0.000754706350433803    0.000191366435835    2.38384582136e-06 0.000193410339895336 7.59982335503682e-06
      0.304341177465  0.00075474489545123    0.000186583829473    2.35135572333e-06 0.000191368477018112 7.45807091734441e-06
      0.305762666482 0.000754783618688456    0.000183396326396    2.32951604924e-06 0.000186166217538308 7.31961245203772e-06
      0.307184146184 0.000754822520113288    0.000174704365355    2.26914446822e-06 0.000178103853963931 7.18435642862013e-06
      0.308605616529 0.000754861599693474    0.000158712778939    2.15500343615e-06 0.000167609495594923  7.0522142730647e-06
      0.310027077473 0.000754900857396565    0.000150858922844    2.09720964845e-06 0.000155210462222564 6.92310025952404e-06
      0.311448528973 0.000754940293189998    0.000137354615976    1.99500095403e-06 0.000141501209146203 6.79693140576388e-06
      0.312869970987 0.000754979907041098    0.000124039558562    1.89009388801e-06 0.000127109612397796 6.67362737316818e-06
      0.314291403469 0.000755019698916936    0.000106128440779    1.74155770274e-06 0.000112663423158484 6.55311037125111e-06
      0.315712826378 0.000755059668784583    9.86801193309e-05    1.67677492977e-06  9.8758589641613e-05  6.4353050648659e-06
      0.317134239669 0.000755099816610855     7.9741647061e-05    1.50147501967e-06  8.5930954791083e-05 6.32013848668002e-06
        0.3185556433 0.000755140142362515    7.17526128118e-05    1.42219155011e-06 7.46325810577592e-05 6.20753995185981e-06
      0.319977037227 0.000755180646006125    6.45476124818e-05    1.34726278867e-06 6.52136483375693e-05 6.09744097714717e-06
      0.321398421408 0.000755221327508166    5.70398124351e-05    1.26512954057e-06 5.79105337557548e-05 5.98977520245777e-06
      0.322819795797 0.000755262186834865    5.26681478269e-05    1.21517049355e-06 5.28403331269594e-05  5.8844783163602e-06
      0.324241160354 0.000755303223952477    4.79179842606e-05    1.15867322932e-06 5.00017407213482e-05 5.78148798331529e-06
      0.325662515033 0.000755344438826949    4.93589844943e-05    1.17649940376e-06 4.92818848594559e-05 5.68074377539285e-06
      0.327083859792   0.0007553858314242    5.10703413521e-05    1.19729782668e-06 5.04684357254711e-05 5.58218710508102e-06
      0.328505194587 0.000755427401709951    5.67153852124e-05    1.26232773408e-06 5.32660721064027e-05 5.48576116185847e-06
      0.329926519376 0.000755469149649845     5.9035044068e-05    1.28799423635e-06 5.73162234686468e-05 5.39141085053847e-06
      0.331347834114 0.000755511075209293     6.4409731131e-05    1.34622797148e-06 6.22188987917063e-05  5.2990827326044e-06
      0.332769138759 0.000755553178353658    6.92977763547e-05     1.3973002964e-06 6.75553753308558e-05 5.20872496908665e-06
      0.334190433268 0.000755595459048134    7.65379229051e-05    1.47023951145e-06 7.29105468710904e-05 5.12028726628035e-06
      0.335611717596 0.000755637917257713    8.02228820092e-05    1.50622275565e-06 7.78938172292708e-05 5.03372082333778e-06
      0.337032991701 0.000755680552947341    8.98286482313e-05    1.59692132194e-06 8.21575625205661e-05 4.94897828149645e-06
      0.338454255539 0.000755723366081763    8.81335130263e-05    1.58111398413e-06  8.5412364988854e-05 4.86601367583397e-06
      0.339875509068 0.000755766356625645    9.03315112482e-05    1.60134984805e-06 8.74384306806123e-05 4.78478238830923e-06
      0.341296752243 0.000755809524543426    8.92311602079e-05    1.59109255935e-06 8.80928300786645e-05 4.70524110308918e-06
      0.342717985022 0.000755852869799495    8.83146517396e-05    1.58255719943e-06 8.73124329392464e-05 4.62734776292497e-06
      0.344139207361 0.000755896392358042    8.72088937071e-05    1.57221459285e-06 8.51126336343733e-05  4.5510615277671e-06
      0.345560419217 0.000755940092183149    8.42917471577e-05    1.54470666296e-06 8.15821706460849e-05 4.47634273447769e-06
      0.346981620546 0.000755983969238729    7.66433619771e-05    1.47057461086e-06 7.68745239290735e-05 4.40315285829981e-06
      0.348402811306  0.00075602802348862    7.01304740431e-05    1.40480501657e-06 7.11965192683964e-05  4.3314544754875e-06
      0.349823991453 0.000756072254896457    6.15439520178e-05    1.31331047928e-06  6.4794874255575e-05 4.26121122765944e-06
      0.351245160944 0.000756116663425771    5.93378431242e-05    1.28857300951e-06 5.79414828799399e-05 4.19238778710405e-06
      0.352666319735 0.000756161249039923    5.10216774284e-05     1.1925666955e-06 5.09182545719783e-05 4.12494982359105e-06
      0.354087467783 0.000756206011702166    4.56253617653e-05    1.12625809817e-06 4.40036102686952e-05 4.05885620701733e-06
      0.355508605045 0.000756250951375619    3.63710588783e-05    3.42187539157e-07 3.75313903128062e-05 3.99422343865608e-06
      0.358350847038 0.000756341361607899    2.58532902786e-05    2.96020126601e-07 2.65025722665928e-05 3.86864470189107e-06
      0.361193045367 0.000756432479438858     1.8074232879e-05    2.44188105224e-07 1.90305625697906e-05 3.74784640935169e-06
      0.364035199685 0.000756524304568397    1.54740042181e-05    2.25000193295e-07  1.5643082078771e-05  3.6317316569617e-06
      0.366877309647 0.000756616836694292    1.55533087239e-05     2.2557510284e-07 1.60237295832811e-05 3.52008403404615e-06
      0.369719374906  0.00075671007551207    1.86936494461e-05    2.48513715669e-07 1.91994651887172e-05 3.41269871581685e-06
      0.372561395116 0.000756804020715113    2.23963317644e-05    2.73759034849e-07 2.38017009037019e-05 3.30938175925581e-06
      0.375403369931 0.000756898671994623    2.62702398802e-05    2.98555228573e-07 2.83752655159918e-05 3.20994944695975e-06
      0.378245299003 0.000756994029039567    2.98107083418e-05     3.2009421522e-07  3.1669855574006e-05 3.11422767521988e-06
      0.381087181988 0.000757090091536874    3.02811286573e-05    3.22894737888e-07 3.28591803653808e-05 3.02205138276058e-06
      0.383929018538  0.00075718685917118    2.85496455627e-05    3.12550830302e-07 3.16530969325854e-05 2.93326401785463e-06
      0.386770808308 0.000757284331625062    2.48340465848e-05    2.89461797896e-07 2.82926574290583e-05 2.84771704007037e-06
      0.389612550951 0.000757382508578872    2.00370214344e-05    2.57705158869e-07 2.34418760409091e-05 2.76526945497857e-06
      0.392454246121 0.000757481389710848    1.47353306264e-05     2.1894775463e-07 1.80086184124438e-05 2.68578737883074e-06
      0.395295893471 0.000757580974697049    1.05511131117e-05     1.8407527221e-07  1.2937297172732e-05 2.60914363144667e-06
      0.398137492656 0.000757681263211459    7.37322233097e-06    1.53340257257e-07 9.01693072269661e-06 2.53521735501828e-06
      0.400979043329 0.000757782254925858    5.56453728457e-06      1.333358335e-07 6.74043105106149e-06 2.46389365732446e-06
      0.403820545144 0.000757883949509927    5.38399916947e-06    1.31241102565e-07 6.23713958356589e-06 2.39506327727512e-06
      0.406661997754 0.000757986346631184    6.42306928692e-06    1.43270020171e-07  7.2839769127929e-06 2.32862227153786e-06
      0.409503400814 0.000758089445955095    8.59463276767e-06     1.6584756811e-07 9.38465364481599e-06 2.26447172054466e-06
      0.412344753977 0.000758193247144936    1.09163943576e-05    1.87369441351e-07 1.18942291434957e-05 2.20251745282285e-06
      0.415186056898 0.000758297749861942    1.32711995005e-05    2.07216789474e-07 1.41598717566061e-05 2.14266978606774e-06
      0.418027309229 0.000758402953765126    1.37905844101e-05    2.11368888581e-07 1.56486092122647e-05 2.08484328418603e-06
      0.420868510625 0.000758508858511508    1.46253851788e-05    2.17928950742e-07 1.60384915432411e-05 2.02895652882097e-06
      0.423709660739 0.000758615463755933     1.3823027141e-05    2.11570431947e-07 1.52592135730421e-05 1.97493190483745e-06
      0.426550759225 0.000758722769151189    1.16358430226e-05    1.93460438276e-07 1.34795607101277e-05 1.92269539846232e-06
      0.429391805738 0.000758830774348009    9.53727589649e-06    1.74690595337e-07 1.10496709024179e-05 1.87217640746079e-06
      0.432232799931 0.000758939478994966    7.54384738404e-06    1.55122138949e-07  8.4140566420003e-06 1.82330756255226e-06
      0.435073741457 0.000759048882738548    5.85682287368e-06    1.36689721569e-07 6.01534473676054e-06 1.77602455919382e-06
      0.437914629971 0.000759158985223246    4.26892905464e-06    1.17009979717e-07 4.20840534675184e-06  1.7302659991566e-06
      0.440755465126 0.000759269786091401    3.37194624833e-06    1.04397220737e-07 3.20046397409745e-06 1.68597324135189e-06
      0.443596246576 0.000759381284983325    3.35902895131e-06    1.04352610186e-07  3.0261108954419e-06 1.64309026111466e-06
      0.446436973976 0.000759493481537307     4.0430307431e-06    1.14208266352e-07 3.55841234973724e-06 1.60156351756388e-06
      0.449277646979 0.000759606375389501    4.96734954904e-06    1.26348211143e-07 4.55019272373844e-06 1.56134182852703e-06
      0.452118265238 0.000759719966174008    6.12597744792e-06    1.40176563555e-07 5.69432294770653e-06 1.52237625243799e-06
      0.454958828409    0.000759834253523    7.16144307884e-06    1.51583538068e-07  6.6893340551527e-06 1.48461997683812e-06
      0.457799336144 0.000759949237066446    7.40614585273e-06    1.53745276386e-07 7.29707852563642e-06 1.44802821321427e-06
      0.460639788097 0.000760064916432359    7.72294354605e-06     1.5670322612e-07 7.39522847787934e-06 1.41253150736846e-06
      0.462059993048 0.000760123016931973    7.33004039126e-06    7.63907377837e-08 7.24383078704307e-06 1.39518191218637e-06
      0.463480183923 0.000760181291246758    6.95362897559e-06    1.48638568126e-07  6.9493655556489e-06 1.37811386426447e-06
       0.46490036068 0.000760239739329693    6.56572744873e-06    7.24209400268e-08 6.53355359750571e-06 1.36134062374432e-06
      0.467740671666 0.000760357156611068    5.50875376289e-06    6.67289432253e-08 5.45482076237546e-06  1.3285249999167e-06
      0.470580925659 0.000760475268396975    4.36940416324e-06    5.93689957689e-08  4.2132628301098e-06 1.29666873607081e-06
      0.473421122313  0.00076059407430632    3.33963138881e-06    5.11571159108e-08 3.00896250881189e-06 1.26576264410523e-06
      0.476261261282 0.000760713573955994     2.3003958019e-06    4.19480321241e-08 2.02663516260419e-06 1.23577289529937e-06
       0.47910134222 0.000760833766960888    1.76975367815e-06    3.70106095646e-08 1.39109427914076e-06 1.20666705848692e-06
      0.481941364781  0.00076095465293389    1.52433761324e-06    3.45107113026e-08 1.14937722874876e-06 1.17841403442744e-06
      0.484781328619 0.000761076231485893    1.52156645944e-06      3.445308231e-08 1.26979704174609e-06 1.15098399362753e-06
      0.487621233388 0.000761198502225802    1.90608093976e-06    3.82457919777e-08 1.65631523770722e-06 1.12434831740874e-06
      0.490461078742 0.000761321464760537    2.28924359661e-06    4.17309444681e-08 2.17383441284587e-06 1.09847954203709e-06
      0.493300864334 0.000761445118694994    2.72343607683e-06    4.54472834575e-08 2.67836109700334e-06 1.07335130574603e-06
       0.49614058982 0.000761569463632227    3.00690483561e-06    4.77504383517e-08 3.04568726071274e-06 1.04893829843529e-06
      0.498980254852 0.000761694499173145    3.08152322729e-06    4.83505581676e-08 3.19319872316204e-06 1.02521621403222e-06
      0.501819859085 0.000761820224916826    2.98243759597e-06    4.75792013657e-08 3.09132081630179e-06 1.00216170515278e-06
      0.504659402172 0.000761946640460301    2.63732758015e-06    4.47817352257e-08 2.76348757973117e-06 9.79752340150482e-07
      0.507498883769 0.000762073745398781    2.33256822742e-06    4.21767103569e-08 2.27586013731928e-06 9.57966562240802e-07
      0.510338303528 0.000762201539325351    1.87370567274e-06    3.79812074135e-08  1.7198736723423e-06  9.3678365075825e-07
      0.513177661104 0.000762330021831287    1.31075586714e-06    3.22145204263e-08 1.19175325502619e-06 9.16183684230437e-07
      0.516016956151 0.000762459192505884    9.47193972946e-07    2.79442425816e-08 7.73285514577834e-07 8.96147505356966e-07
      0.518856188322  0.00076258905093646    6.66090807339e-07    2.41802844092e-08 5.17434403474176e-07 8.76656687677807e-07
      0.521695357273 0.000762719596708542    5.63896016818e-07    2.26877693349e-08 4.41070158895407e-07  8.5769350384193e-07
      0.524534462657   0.0007628508294056    6.00934837874e-07     2.3263142586e-08 5.25462346765963e-07 8.39240895484412e-07
      0.527373504128 0.000762982748609235    7.75855488145e-07    2.57580899971e-08  7.2361573645235e-07 8.21282444490609e-07
       0.53021248134 0.000763115353899136    9.69025219988e-07    2.82740297598e-08 9.72301273302751e-07 8.03802345675526e-07
      0.533051393947 0.000763248644853088    1.18449938088e-06    3.08570097322e-08 1.20595431498512e-06 7.86785380760685e-07
      0.535890241603 0.000763382621046977    1.33779156815e-06    3.25538565485e-08 1.36955207894797e-06 7.70216893588464e-07
      0.538729023963 0.000763517282054844    1.40592143244e-06    3.32730164271e-08 1.42808747412742e-06 7.54082766502493e-07
       0.54156774068 0.000763652627448744    1.38821308235e-06     3.3063913126e-08 1.37116900772043e-06 7.38369397861294e-07
      0.544406391409 0.000763788656798946    1.26303799839e-06    3.16685900395e-08 1.21236920769594e-06 7.23063719059232e-07
      0.547244975804 0.000763925369673796    1.09730941219e-06    2.97383137427e-08 9.84050733403065e-07 7.08153019033815e-07
      0.550083493519 0.000764062765639766    8.36550742436e-07    2.64141261474e-08 7.29037669340551e-07 6.93625158997438e-07
      0.552921944207 0.000764200844261414    6.00799965202e-07    2.30261109996e-08 4.91238338320768e-07 6.79468396543713e-07
      0.555760327524 0.000764339605101584    4.48859617087e-07    2.05374605356e-08 3.07018242780346e-07 6.65671407485024e-07
      0.558598643123 0.000764479047721119    3.04353988652e-07    1.78633869156e-08 1.98961896013409e-07 6.52223268939136e-07
      0.561436890658 0.000764619171679061    2.90295283361e-07    1.74916661834e-08 1.72963938475767e-07 6.39113443131965e-07
      0.564275069784 0.000764759976532658    2.99532410247e-07    1.74217544334e-08 2.18854794566107e-07 6.26331761695702e-07
      0.567113180155 0.000764901461837272    3.73655166183e-07    1.86391324795e-08 3.13951900959196e-07 6.13860750839401e-07
      0.568532209449 0.000764972459519247    3.96748152114e-07    1.14101884116e-08 3.70877805926014e-07 6.07738073436298e-07
      0.569951221425 0.000765043627146432    5.03831732746e-07     2.1038754479e-08 4.29739644855027e-07 6.01699065527357e-07
      0.571370216039 0.000765114964662695    5.16515898049e-07    1.31120056416e-08  4.8520891322231e-07  5.9574207881169e-07
      0.574208153009 0.000765258149137558    6.14204770335e-07     1.4563618031e-08 5.75955486758709e-07  5.8404137718555e-07
      0.577046020013 0.000765402012492811    6.34616924913e-07    1.47336263594e-08 6.24146770336552e-07  5.7261971008864e-07
      0.579883816706 0.000765546554275664    6.82289846236e-07     1.4562334057e-08 6.20208815954919e-07 5.61476242891798e-07
      0.582721542742 0.000765691774031474    6.48404986816e-07    1.38057232833e-08 5.66141288760018e-07 5.50602879377529e-07
      0.585559197776 0.000765837671303845    5.65675829655e-07    1.30794393363e-08 4.73629495285389e-07 5.39991796302864e-07
       0.58839678146 0.000765984245634433    4.82270816387e-07    1.23113911415e-08 3.60733369966237e-07 5.29635433632967e-07
       0.59123429345 0.000766131496563311    3.16857702486e-07    1.06295949372e-08 2.47706607095756e-07 5.19526484439808e-07
        0.5940717334 0.000766279423628667    2.25116768137e-07    9.59792243767e-09 1.52846455194038e-07 5.09657885282089e-07
      0.596909100964 0.000766428026366908    1.37431216802e-07    8.50934390677e-09 8.91711990719244e-08 5.00022806966212e-07
      0.599746395797 0.000766577304312726    1.08841053916e-07     8.1016028522e-09 6.24761591439755e-08 4.90614645703373e-07
      0.602583617553 0.000766727256998991    9.94011245606e-08    7.95275685542e-09 7.09932106314373e-08 4.81427014650955e-07
      0.605420765885 0.000766877883956763    1.29388165557e-07     8.3581730099e-09  1.0654497409682e-07 4.72453735802319e-07
      0.608257840449 0.000767029184715505    1.81454301914e-07    9.03174443773e-09 1.56808326046349e-07 4.63688832204046e-07
      0.611094840898 0.000767181158802772     2.2563502234e-07    9.56732890322e-09 2.08129893457438e-07 4.55126520528879e-07
      0.613931766887 0.000767333805744485     2.7619170307e-07    1.01567882288e-08  2.4829055669062e-07 4.46761203922559e-07
      0.616768618071 0.000767487125064829     3.2472070179e-07    1.06949231838e-08 2.68691711819606e-07 4.38587465167655e-07
      0.619605394103  0.00076764111628615    3.32921515422e-07     1.0779393238e-08 2.65605246955781e-07 4.30600060127853e-07
      0.622442094638 0.000767795778929176    3.05975976689e-07     1.0477847526e-08 2.40348960986113e-07 4.22793911443474e-07
      0.625278719331  0.00076795111251292     2.6348493123e-07    9.98892229128e-09 1.98471519240877e-07  4.1516410250062e-07
      0.628115267835 0.000768107116554571    2.12184839377e-07    9.35748801507e-09 1.48212779685244e-07 4.07705871645071e-07
      0.630951739805 0.000768263790569721    1.46240411396e-07    8.48870381965e-09 9.86158074359924e-08 4.00414606612763e-07
      0.633788134896 0.000768421134072263    8.48018986907e-08    7.59584624225e-09 5.76926293955776e-08 3.93285839201519e-07
      0.636624452761 0.000768579146574283    5.89602977322e-08    7.17618953155e-09 3.09911224955637e-08 3.86315240153806e-07
      0.639460693056 0.000768737827586346    3.35692644325e-08    6.73935878029e-09 2.07947874724058e-08  3.7949861422754e-07
      0.642296855434 0.000768897176617167     3.7827402912e-08    6.79982031176e-09 2.60395830656453e-08 3.72831895488408e-07
      0.645132939551 0.000769057193173952    5.65045424898e-08    7.09397773598e-09  4.2884492293395e-08 3.66311142759246e-07
       0.64796894506 0.000769217876762069    9.47825158776e-08    7.67346474632e-09 6.57535232161153e-08 3.59932535276757e-07
      0.650804871616 0.000769379226885334    1.24949782586e-07    8.10084604169e-09 8.85962100592782e-08 3.53692368492842e-07
      0.653640718873 0.000769541243045847    1.40923321492e-07    8.31477265187e-09 1.06099649797778e-07 3.47587050057557e-07
      0.656476486486 0.000769703924744114    1.57369918732e-07    8.56957825678e-09 1.14624109197539e-07 3.41613095946441e-07
       0.65931217411 0.000769867271478994    1.41599078489e-07     8.3876430497e-09 1.12712849903648e-07 3.35767126744622e-07
      0.662147781398 0.000770031282747591    1.31010115692e-07    8.27410636894e-09  1.0112547158284e-07 3.30045864075586e-07
      0.664983308006  0.00077019595804555    1.01045649167e-07    7.88353408834e-09 8.24415022376191e-08 3.24446127152053e-07
      0.667818753587 0.000770361296866712    7.78401400091e-08    7.57636172933e-09 6.03585146791897e-08 3.18964829480936e-07
      0.670654117797 0.000770527298703471    3.96073343379e-08    6.93479221894e-09 3.88539813067412e-08 3.13598975669847e-07
      0.673489400289 0.000770693963046431    3.31413625877e-08    6.78192533992e-09 2.13873777148172e-08 3.08345658376834e-07
      0.676324600719 0.000770861289384764    1.58610770313e-08    6.43878243691e-09 1.02915142559382e-08 3.03202055353287e-07
      0.679159718741 0.000771029277205917    7.14202603738e-09    6.23383074878e-09 6.44892741408142e-09 2.98165426617172e-07
      0.681994754009 0.000771197925995745    1.98261427518e-08    6.41050236452e-09 9.28352086282536e-09 2.93233111719818e-07
      0.684829706179 0.000771367235238627    2.45799124026e-08    6.49313406525e-09 1.70335699307951e-08 2.88402527113909e-07
      0.687664574903 0.000771537204417121     6.1100569208e-08    7.10094890499e-09 2.72218684757455e-08 2.83671163632933e-07
      0.690499359838 0.000771707833012503    5.23365129261e-08    6.95901610065e-09 3.72103587817605e-08 2.79036584038344e-07
      0.693334060638 0.000771879120504299    7.03828081068e-08    7.24679300897e-09 4.47230536263957e-08 2.74496420684935e-07
      0.696168676957  0.00077205106637047    8.07690020056e-08    7.40740160891e-09 4.82403025247299e-08 2.70048373253445e-07
       0.69900320845 0.000772223670087474    6.23622621058e-08    7.10715033104e-09 4.72031861637232e-08 2.65690206569341e-07
      0.701837654772 0.000772396931130218     7.5046503223e-08    7.29503985223e-09  4.2010291514377e-08 2.61419748503859e-07
      0.704672015577    0.000772570848972    4.74025519724e-08    6.83875907816e-09 3.38310719496343e-08 2.57234887950585e-07
       0.70750629052 0.000772745423084639     3.4853489164e-08    6.61456216788e-09 2.42925216785044e-08 2.53133572870671e-07
      0.710340479255 0.000772920652938355    2.36561930562e-08     6.4067178214e-09 1.51137983652687e-08 2.49113808413728e-07
      0.713174581437 0.000773096538001904    1.59510441295e-08    6.26458385891e-09 7.76492785319462e-09 2.45173655100461e-07
      0.716008596721 0.000773273077742517    7.34470136918e-09    6.10265407977e-09 3.21240226765492e-09 2.41311227073598e-07
      0.718842524762 0.000773450271625913    1.38332572009e-08    6.21652528766e-09  1.7905956653089e-09 2.37524690410506e-07
      0.721676365214 0.000773628119116234    1.04087360859e-08    6.14911688651e-09 3.20927797768316e-09 2.33812261494884e-07
      0.724510117732 0.000773806619676184    2.00514398285e-08    6.31879816504e-09 6.68016835978469e-09 2.30172205443646e-07
      0.727343781971  0.00077398577276697    3.40423331138e-08    6.58678171138e-09 1.11245477802929e-08 2.26602834591405e-07
      0.730177357584 0.000774165577848181    2.93335965146e-08    6.52819546093e-09 1.54127387436571e-08  2.2310250702969e-07
      0.733010844228 0.000774346034378173    2.68778582712e-08    6.50838982013e-09 1.85857995545742e-08 2.19669625186985e-07
      0.735844241557 0.000774527141813637    3.38846249472e-08    6.65137834673e-09 2.00189222149936e-08 2.16302634473488e-07
      0.738677549226 0.000774708899609854     3.8638448658e-08    6.75383228908e-09 1.95019004854451e-08 2.13000021959708e-07
      0.741510766889 0.000774891307220575    1.46217716244e-08    6.34284934836e-09 1.72308142430115e-08 2.09760315107187e-07
      0.744343894201 0.000775074364098156    1.20083211903e-08    6.29981501334e-09 1.37228087935894e-08 2.06582080538271e-07
      0.747176930817   0.0007752580696935    4.21304231919e-09    6.16241747062e-09 9.67924226284721e-09 2.03463922851114e-07
      0.750009876391 0.000775442423455999    4.07786840075e-09    6.16365236494e-09 5.82945645555604e-09 2.00404483474951e-07
       0.75284273058   0.0007756274248338   -1.31798789884e-08    5.84382689389e-09 2.78739779019294e-09 1.97402439558691e-07
      0.755675493036  0.00077581307327329    7.36729085941e-09    6.19520173827e-09 9.47095800441528e-10 1.94456502909577e-07
      0.758508163416 0.000775999368219756    8.78773418006e-10    6.04328574549e-09 4.32514092425929e-10 1.91565418948872e-07
      0.761340741374 0.000776186309116865    9.23832976026e-10     6.0112841458e-09 1.10503906189318e-09 1.88727965720952e-07
      0.764173226565 0.000776373895406938    1.96685115342e-08    6.32207991586e-09 2.62042577410703e-09 1.85942952922893e-07
      0.767005618644 0.000776562126530887    1.20533936047e-08    6.15266762486e-09 4.51848543800484e-09 1.83209220971992e-07
      0.769837917265 0.000776751001928153    1.68965318033e-09    5.99148147016e-09  6.3244749673983e-09  1.8052564010334e-07
      0.772670122084 0.000776940521036917    2.24169466542e-08     6.3995654489e-09 7.64137384471598e-09  1.7789110949394e-07
      0.775502232756 0.000777130683293904    1.85868962124e-08     6.3616119465e-09 8.21642952643126e-09 1.75304556420791e-07
      0.778334248935 0.000777321488134389    6.19559444003e-09    6.16892037166e-09 7.97224643983072e-09 1.72764935443898e-07
      0.781166170276 0.000777512934992337    5.51977837979e-09    6.18750484984e-09 7.00064246787992e-09 1.70271227614266e-07
      0.783997996435 0.000777705023300411   -4.48332639252e-09    5.96685163076e-09  5.5248486732763e-09  1.6782243970919e-07
      0.786829727065 0.000777897752489707    -3.2216198924e-09    5.95484804215e-09 3.84127385725859e-09 1.65417947148655e-07
      0.789661361823 0.000778091121990235    9.07960065057e-09    6.14867829379e-09 2.56796794649711e-09 1.63568971740045e-07
