# intensity: 0.972792642853747
# background: 0
#           Q (1/A)             dQ (1/A)                    R                   dR               theory              fresnel
  0.0100976740941405 0.000451777257484689    0.965405862123547   0.0102637374386372    0.970823292986237    0.627821471530379
  0.0105407405644655 0.000453327901476177    0.947539303417396   0.0100907559016562    0.967218991408161    0.481488879880608
  0.0109749650582671 0.000454865433716103    0.940726447667846   0.0100311390863223     0.96195064506233    0.322094413323895
  0.0114136096090078 0.000456436333144704    0.943196880160382   0.0100146439767608    0.955487195534421    0.200985228097271
  0.0118522550910711 0.000458024840102624    0.927143922545752   0.0099112817796712    0.947811989627065    0.133596280695793
  0.0122908987104893 0.000459630821380884    0.929971594893802  0.00994397220310285    0.938350253704803   0.0966360284903893
  0.0127295413985848  0.00046125405770285    0.911481053038853  0.00975472636838775    0.926371978371274   0.0737094344715449
  0.0131681831553578 0.000462894346952944    0.903875419142294  0.00974313481596232    0.911014728698188   0.0580707134206856
  0.0136068286374211 0.000464551557672383    0.881864959606714  0.00952619266550613    0.891213158195896   0.0468107290619149
  0.0140454713255167 0.000466225477199855    0.860106135399623   0.0093703250032958    0.865647325923407   0.0384052465852244
  0.0144841112196445  0.00046791593092883    0.818651658181809  0.00904447099688934     0.83274637475716   0.0319595735903822
  0.0149271506816149 0.000469639964492499    0.773732069419352  0.00867651929476005    0.790292687325697   0.0268657743843703
  0.0153613947331905 0.000471345773433154    0.706975474841862   0.0081041338650115    0.738006551808728   0.0228869371948839
  0.0158000346273184 0.000473084789065921    0.647539433033302  0.00761512167973735     0.67329988858746   0.0196362784217369
  0.0162386763840914 0.000474839621251281    0.566279842779695  0.00689128770447634    0.596566750014828   0.0169730479646104
  0.0166773162782192 0.000476610090820862    0.484236335710795  0.00624118243672319    0.509860359330438   0.0147705147080258
  0.0171159543097019 0.000478396067930965    0.396957214183256   0.0054860434201914    0.417566868889821   0.0129312369274174
  0.0175590254366398 0.000480215612396916    0.309695783755403  0.00466202570344617    0.325402370707875   0.0113680274748422
  0.0179932322353125  0.00048201373787717    0.239471483217171  0.00400809339223876    0.243542703215676   0.0100684148302329
  0.0184362512081861 0.000483743788228548    0.178618276022526  0.00334804371322293    0.175154814999302  0.00893579848753374
  0.0188705064356327  0.00048456303641629    0.124307715934363  0.00271923713701844    0.126513025301079  0.00798152737299866
  0.0193091444671154 0.000485408443440827    0.099045092890099  0.00241466270254372   0.0961656368662571  0.00714810202215492
  0.0197433866560459 0.000486263034776779   0.0857805403277229  0.00222146639418726   0.0822076066175439  0.00643111528694342
  0.0201908145099878 0.000487161777321886   0.0783219314864082  0.00212390079744471   0.0803517932551025  0.00578687134674331
  0.0206250473856926 0.000488051711305866   0.0808119943773635  0.00216736031217497    0.086399113911893  0.00523927570214141
   0.021068112924695 0.000488977451769073   0.0894066425074025  0.00227521960728526   0.0967425453131257  0.00474778985463912
  0.0214979443699121 0.000489892743676402    0.097453082634656  0.00239121167788489     0.10803654260798   0.0043274306050083
  0.0219409484416246 0.000527729181711263    0.104520295990221  0.00184987949665795    0.118851968712104  0.00394908436887759
  0.0228182133287191 0.000533911253313476    0.120914187940497   0.0020000825917118    0.134910311436929  0.00330984075211546
  0.0237042475491762 0.000540141158428951    0.125107770984666  0.00200515516963903    0.141374208084353  0.00278961733034248
  0.0245815049856901  0.00054639780164823    0.127937447833639  0.00201111492601274    0.138118532075202  0.00237290132234905
  0.0254412107169628 0.000552782251528362    0.125372898333125  0.00196419145979181    0.127252750454586  0.00203882718060276
   0.026336008682847 0.000558814872711777    0.109628801870852  0.00178376191777833    0.110294126791675  0.00175223480555934
  0.0272044837474823 0.000565133350533018   0.0908306266404736  0.00157867158254206   0.0908024950009156  0.00152128104737272
  0.0280729588121176 0.000571824614899427   0.0688879412061204  0.00133144198619139   0.0706103380779736  0.00132780581440399
  0.0289677418768406 0.000577787343670854   0.0513862351439608  0.00112015803421801   0.0511100456422976   0.0011599526204768
  0.0298362094908953 0.000584168894583078   0.0347661635872564 0.000900143373202342    0.034905222092411  0.00102194172316432
  0.0307134445756674 0.000590987974124966   0.0214428045575305 0.000688761981540047   0.0220869875978511 0.000903046176873564
  0.0315994471311569 0.000597199011388654   0.0124354095108194 0.000513871288900191   0.0129412117181587 0.000800171939662357
  0.0324766784906387 0.000604071114320165  0.00649018178275457 0.000325691003969469  0.00732414941088384  0.00071248541005827
  0.0333363525569439 0.000610685162450997  0.00516285783669645 0.000287718155655836  0.00450517341816462 0.000638034687431698
  0.0342135690152645 0.000616738043511804  0.00547481016645729 0.000293199497735326  0.00357101366469066 0.000571926821048231
   0.035099558532238 0.000623558714944283  0.00614042989877098 0.000307923166729283  0.00380859535909109 0.000513686048637177
  0.0359592288732529 0.000629937238836768  0.00732290997190757 0.000334223514665322  0.00452066792710239 0.000464154405007645
  0.0368452034890652 0.000636775998197423  0.00812667382937218 0.000348783035923043  0.00525703016491027 0.000419253758310027
  0.0377136319875717 0.000643575409784483  0.00727661329268102 0.000296142901944146  0.00568155048847638 0.000380425432883361
  0.0385908335447311 0.000649915312290715   0.0071188405441661 0.000290757680201921  0.00567957850916641 0.000345698354873595
  0.0394680202007294 0.000656635657762291  0.00626241476318634 0.000269837975553018  0.00524744050416231 0.000314873818429053
  0.0403539836406708  0.00066342136927067  0.00502546715012472 0.000240581377975932  0.00447083276385557 0.000287171331154199
  0.0412311665713787  0.00067015415438346  0.00377533733367094 0.000205620298735488  0.00350975143225207 0.000262697489679612
  0.0420995689928532 0.000677051428214354  0.00257617757178708 0.000167995370999135  0.00252178800956606 0.000241003951162506
   0.042994286864996 0.000683776842031836  0.00166466190162913 0.000133638079914426  0.00160480271271239 0.000220957097935585
  0.0438714548945427 0.000690565258460123 0.000581164528250056 4.25111267092154e-05 0.000903735532594559 0.000203294718407953
  0.0447310693562031 0.000697467794103832 0.000297145172768154 3.72491005697562e-05 0.000456560822644417 0.000187677677675792
   0.045625776052475 0.000703896289624578 0.000174647432787976 2.86810146622228e-05 0.000246016034632364 0.000172990693140638
  0.0464853830635548 0.000710831044904356 0.000436095451457751 4.40402651666991e-05 0.000254901439457202 0.000160220087529898
  0.0473625250160694 0.000717874191202561 0.000743457785767278 5.67291496211074e-05 0.000417415817302647 0.000148381928149164
  0.0482572056353092 0.000724516651380798  0.00124970888884837 7.26853369172263e-05 0.000667531819907817 0.000137418101231654
  0.0491343401372433 0.000731750698188261  0.00146871432116925 7.34279705253528e-05 0.000923497244383688 0.000127638376027302
  0.0499939285218716 0.000738742020322509  0.00186512172838329 8.19180721159338e-05  0.00112791011481744 0.000118889343479719
  0.0508885867893696  0.00074543124753652  0.00197151955834013 8.36812310880473e-05  0.00125243313519418 0.000110568082111849
  0.0517657063901424 0.000752545433175785  0.00190135358188772 8.17730586351444e-05  0.00127020405010589 0.000103106791714633
  0.0526252686977386 0.000758912616314932  0.00168571183425643 7.65024264474214e-05  0.00119120376333749 9.63986746458789e-05
  0.0535199157893658 0.000766149548447877  0.00149026748277925 7.12017039977657e-05  0.00102934052832463 8.99887328051276e-05
  0.0543970167636871 0.000773275412285933  0.00101919160786714 5.84124692356597e-05 0.000824647760822223 8.42145118046404e-05
  0.0552565567195415 0.000780025551568858 0.000669532787840451 4.45604930252853e-05 0.000615169198106223 7.90005224046542e-05
  0.0561511851847172 0.000787298801629842 0.000444601694381581 3.62046724616003e-05 0.000422693576641429 7.39969300989691e-05
  0.0570282563567162 0.000794144435875124 0.000353024851904974 3.20721683702409e-05 0.000286403161697169 6.94708665992664e-05
  0.0579053275287151 0.000801185271577646 0.000343469059877111 3.14522326212571e-05 0.000218230296981573 6.52867735702952e-05
  0.0587736181914806 0.000808500967711914 0.000355303701808095 3.17547817215904e-05 0.000221688242058931 6.14515828541767e-05
  0.0596506744623184 0.000815223913899353 0.000424256674475737 3.44222164405478e-05 0.000289278148143935 5.78601358845455e-05
  0.0605277232825756 0.000822270654690561 0.000640951908350017 4.19154669703222e-05 0.000404726292207483 5.45281332523772e-05
  0.0614047646522522 0.000829509165096028  0.00074850495641783 4.28807804564134e-05 0.000545706005047385 5.14333350927769e-05
  0.0622905604541302  0.00083615984234145 0.000980203974195854 4.89542480663111e-05 0.000689442125470432 4.85277187362247e-05
  0.0631675869226456 0.000843572873724482  0.00119740556975887 5.37867072483827e-05 0.000810599562023584 4.58508256640027e-05
  0.0640446022152901 0.000850684796454672  0.00124198883452724 5.42611894131576e-05 0.000893222289113242 4.33564381389397e-05
   0.064912848174572 0.000857420912253962  0.00116130115618497 5.22456193196324e-05 0.000926580329586573    4.10523209559e-05
  0.0657898560166359 0.000865013301501976  0.00122660396862865  5.3173737861606e-05 0.000908182391151489 3.88788496865959e-05
   0.066666841506958 0.000871997623907851 0.000994472864193412 4.52486529047934e-05 0.000841550688561753 3.68476679189116e-05
  0.0675525963306427 0.000879016353139362 0.000816625585864185 4.08600072060814e-05 0.000735293322989601 3.49292808545987e-05
  0.0684295669198036 0.000886324962765722  0.00067121525807405 3.67279599744794e-05 0.000605295487944094 3.31516000075213e-05
  0.0693065375089646 0.000893309917628111 0.000511650212219263 3.19429497641675e-05 0.000465898172343745 3.14857938163369e-05
  0.0701659619808197 0.000900226424929629 0.000360448071712205 1.88789780763805e-05 0.000334182369722851 2.99539107926571e-05
   0.071051687002182 0.000907608986270488 0.000219385727339013 2.07251767255476e-05 0.000215506769118916  2.8471715188564e-05
  0.0719373971223831 0.000914669477559866 0.000117856008093044  1.5209738621799e-05 0.000122422290852599 2.70801796068816e-05
  0.0728143304586411 0.000922015082511784 4.49113054850439e-05 9.17985176380905e-06 5.92774210877475e-05 2.57853151655358e-05
  0.0736824870109558 0.000928987672768695 3.07564404066535e-05 7.75561229305819e-06 2.46524606371209e-05 2.45789252250452e-05
  0.0745594054460526 0.000936195674823429 5.38385989430198e-05 9.96187627144897e-06 1.37416929308248e-05 2.34313056844895e-05
  0.0754363089799881 0.000943711939340066 9.32270350674954e-05 1.28491421567439e-05 2.04540769381373e-05 2.23501703098919e-05
  0.0763132125139236 0.000950606566329797 0.000119982112965491 1.44355546618365e-05 3.70516756594942e-05 2.13306496206202e-05
   0.077190101146698  0.00095798449763133 0.000163327722784256 1.67149968226212e-05 5.61168695719684e-05   2.036875538712e-05
  0.0780669748783112 0.000965368188211566  0.00014527695569122  1.4992190515263e-05 7.15260171231114e-05 1.94605866079383e-05
  0.0789438486099243 0.000972133752202926 0.000169335929526408 1.61216227464558e-05 7.92677692284558e-05 1.86025220265594e-05
  0.0798207074403763 0.000979529646269823 0.000138663443420514 1.45462131896124e-05 7.77463655994708e-05 1.77913604319318e-05
  0.0806975588202477 0.000986756853753015 0.000132969960064797 1.41496452801634e-05 6.77431922524651e-05 1.70240001120072e-05
  0.0815744027495384 0.000993865683553663 0.000109289240616146 1.28058043625206e-05 5.19342110604141e-05 1.62976366368708e-05
  0.0824424624443054  0.00100137403270001 7.29167838547968e-05 1.04800102558354e-05 3.43691168399887e-05 1.56164073039166e-05
  0.0833280608057976  0.00100852197328511  5.8312007514453e-05 9.35476391403681e-06 1.87786344910007e-05  1.4957736964941e-05
  0.0842048674821853  0.00101562338546103 2.18217526345986e-05  5.7497125065106e-06 9.50193387745554e-06  1.4339503989622e-05
   0.085081659257412  0.00102305103371241 2.45200197559309e-05 5.98955582130072e-06 9.09737771248301e-06 1.37529516799328e-05
  0.0859584584832191  0.00103001562480954  2.0693403475739e-05 5.51141492119189e-06 1.87522978659268e-05  1.3196107755955e-05
  0.0868352353572846  0.00103745307606587 3.36201568765498e-05 6.82020029846808e-06 3.79961506727723e-05  1.2667237090877e-05
  0.0877032354474068  0.00104484180973948 5.59028662017444e-05 8.58062637711205e-06 6.44931246711554e-05 1.21695449111843e-05
  0.0885887667536736  0.00105187574625313 9.23531590645298e-05 1.08794277735157e-05 9.59056894997476e-05 1.16867584511816e-05
   0.089465506374836   0.0010594735223887 0.000120440176256703 1.18809604896186e-05 0.000127470706046942 1.12321647356257e-05
  0.0903422459959984  0.00106648902202785 0.000160524430056844 1.36511702569059e-05 0.000155557291595892 1.07994729869302e-05
  0.0912189707159996  0.00107377800928906 0.000184129470119455 1.45641764899068e-05  0.00017675858587098  1.0387457560874e-05
  0.0920956805348396  0.00108124181685054  0.00018965677773621 1.47001145666716e-05 0.000188666297794534 9.99494383871854e-06
  0.0929723829030991  0.00108824769817922 0.000192116972154004 1.47713018357375e-05  0.00019017813241959 9.62080642958087e-06
  0.0938490852713585  0.00109571974164081 0.000180171997533516  1.4247637579424e-05 0.000181557252052161  9.2640474304442e-06
  0.0947169959545135  0.00110328708197514 0.000183021588680311  1.4310055270626e-05 0.000164574913895177 8.92703112645188e-06
  0.0956024304032326  0.00111021500830084  0.00016933801536594  1.3258957386061e-05 0.000141178704910287 8.59886242574144e-06
  0.0964790880680084  0.00111784334511899 0.000114120761497847 1.09190583508269e-05 0.000115131348847187 8.28869694745402e-06
  0.0973557382822037   0.0011248715793025 9.80866743429485e-05 1.00927391580315e-05 8.95106706489481e-05  7.9923971010782e-06
  0.0982323735952377   0.0011322176035784 7.99311756103345e-05 9.12105865679511e-06 6.72777439978406e-05 7.70924702548315e-06
  0.0991089940071106  0.00113971159772986 5.92693680935958e-05 7.84828988248073e-06 5.06985003414504e-05 7.43855019854765e-06
  0.0999943614006042  0.00114695068531404  5.1990573640712e-05 7.34087270116221e-06 4.10236629648299e-05 7.17711235103554e-06
   0.100870959460735  0.00115445149594289 5.60879991771165e-05  7.3490429125113e-06 3.87150264928387e-05   6.929493388523e-06
   0.101747542619705  0.00116181157871245 4.37232508765354e-05  6.4924014372383e-06 4.28916551667528e-05 6.69247695106669e-06
   0.102624125778675  0.00116886416426038 6.08220218437046e-05 7.58449646151373e-06 5.19916889416062e-05 6.46550879088821e-06
   0.103500671684742  0.00117637464490688  7.1629087841264e-05 8.15153945359985e-06 6.39179162560344e-05 6.24810858417421e-06
   0.104368470609188  0.00118380983282208 7.40467669361996e-05 8.27000730088405e-06 7.62404032526515e-05 6.04183204270607e-06
   0.105245001614094  0.00119104009309135  9.4703152563796e-05 9.28706575460304e-06 8.70477198601347e-05 5.84204106594489e-06
   0.106112755835056  0.00119850474882778 8.19531937988715e-05 8.59772463327082e-06 9.43918210730141e-05 5.65233262922026e-06
   0.106998033821583  0.00120562980544106 9.22598028564594e-05 8.77340288023936e-06 9.72827001626204e-05 5.46666380431759e-06
   0.107874527573586  0.00121298872665225 8.50499895496292e-05  8.4026448189769e-06 9.51183885868341e-05 5.29029579867012e-06
   0.108751013875008  0.00122051654116924 9.19354376425556e-05  8.7178986016174e-06 8.82224054037448e-05 5.12099222719167e-06
   0.109627477824688  0.00122759722937093 6.09554089119924e-05 7.12511225233276e-06 7.74726022318463e-05 4.95841358548229e-06
   0.110503941774368  0.00123513045825216 6.58174227430142e-05 7.36346486114459e-06 6.41644963377259e-05 4.80224598196899e-06
   0.111380375921726  0.00124280766650071 5.35579492332509e-05 6.65669164982133e-06 4.98068123419201e-05 4.65219087350146e-06
   0.112256810069084  0.00124975615709387 3.28690729363148e-05 5.28923044088448e-06 3.58794397882669e-05 4.50794836113647e-06
     0.1131332218647  0.00125743814680376 1.87380830357203e-05 4.13129908580459e-06 2.36428489107957e-05 4.36926815586869e-06
   0.114009626209736  0.00126469882800648 1.57250985989185e-05  3.6734132953177e-06 1.39781313772093e-05 4.23588185015191e-06
    0.11488601565361   0.0012719389869425 7.30427982594408e-06  2.7151555353097e-06 7.31898510179814e-06  4.1075529600135e-06
   0.115762390196323  0.00127948683811501 8.02776743157335e-06 2.77349027781904e-06 3.64218020485937e-06 3.98405589548094e-06
   0.116629995405674  0.00128667710232694 3.13658091869862e-06 2.02458325011341e-06 2.52588742358052e-06 3.86633426672052e-06
   0.117515094578266  0.00129414420523705 5.96581174413439e-06 2.43631733561758e-06 3.26991208732203e-06 3.75069140073684e-06
   0.118391431868076  0.00130169864902313 5.96450276637598e-06 2.40731404346335e-06 5.03999883591891e-06 3.64042481320788e-06
   0.119267746806145  0.00130895163472174 1.90786280747528e-06 1.71271626656519e-06 7.01497618571218e-06 3.53418413984038e-06
   0.120144046843052  0.00131651030090982 4.67843742085898e-06 2.17806904325899e-06  8.5213420194858e-06 3.43179751400392e-06
   0.121020339429379  0.00132376805853804 3.37169477605743e-06 1.95019678310511e-06 9.12815245151794e-06 3.33309375400851e-06
   0.121896602213383  0.00133119130449755 4.10426466311231e-06 2.06403008841217e-06 8.69182789795794e-06 3.23792061806602e-06
   0.122772864997387  0.00133889530431575 1.01007127662568e-05 2.86244812821596e-06 7.35366570736948e-06 3.14612303755145e-06
   0.123649097979069  0.00134574220215964 7.21579970157679e-06 2.34183054139767e-06 5.48839613719388e-06 3.05755692296379e-06
   0.124525330960751  0.00135345000636689 4.74361055303844e-06 1.99573761750304e-06 3.61495629855656e-06 2.97209211235376e-06
   0.125401541590691  0.00136088131260909 5.81084431050273e-06 2.13938022288213e-06 2.29398005823271e-06 2.88959538591692e-06
   0.126277759671211  0.00136801398896409 7.49181371518725e-06 2.35804633439767e-06 2.01892326331988e-06 2.80994105116667e-06
   0.127153947949409  0.00137572676693235 6.75272738439492e-06 2.25882811351574e-06 3.12981669696706e-06  2.7330196387103e-06
   0.128030106425285  0.00138330233061357 1.35003931943079e-05 2.99390484980478e-06 5.74547943966751e-06 2.65871600054482e-06
          0.12890625  0.00139030305926724 1.39572933772924e-05 3.03990365068674e-06 9.74522146767369e-06 2.58692078123628e-06
   0.129782378673553  0.00139802041283098 1.99503309389559e-05 3.54794321868724e-06 1.47878957847453e-05 2.51753836232664e-06
   0.130658507347107  0.00140530183799883 2.77030443319839e-05 4.12210091054756e-06 2.03550539761231e-05 2.45046620957078e-06
   0.131534621119499  0.00141274631749906 3.66979148601088e-05 4.70722021587896e-06 2.58352016219142e-05  2.3856159950142e-06
   0.132410690188408  0.00142030711350058 3.19439735162095e-05 4.38526257415631e-06 3.06068984283489e-05 2.32290930824402e-06
   0.133286759257317   0.0014274795780405 3.83156575770588e-05 4.74275084534106e-06 3.41431198321558e-05 2.26224262619698e-06
   0.134162828326225   0.0014349061674128 4.63157468337901e-05  4.9870738721975e-06 3.60645049828239e-05 2.20354560428294e-06
    0.13503885269165  0.00144235735921174 4.75821572630124e-05 5.03051214347487e-06 3.62028555155736e-05 2.14674410036741e-06
   0.135914877057076  0.00144980997433686 3.87923669124671e-05 4.54558157089983e-06 3.46150496077038e-05 2.09176210930493e-06
   0.136790886521339  0.00145737841371589  3.5505341317593e-05 4.33541736962107e-06 3.15685581040206e-05  2.0385316220238e-06
   0.137666881084442  0.00146469724198024 3.33368011348922e-05 4.19251889589588e-06 2.74991225527759e-05 1.98698450731933e-06
   0.138551607728004  0.00147218773279882 3.17320270694554e-05 4.04073143576938e-06 2.28972779094423e-05 1.93656806693545e-06
   0.139418810606003   0.0014798634812777 2.42059071482873e-05 3.58266240278658e-06  1.8464711722304e-05 1.88869396038474e-06
   0.140294745564461  0.00148705034902275 2.66503292947001e-05 3.74065158813542e-06 1.45746052698684e-05 1.84182979412525e-06
   0.141170665621758  0.00149435270245974 1.90561865327707e-05 3.19739964022311e-06 1.16695003392392e-05 1.79641207537457e-06
   0.142055347561836  0.00150200813483198 2.57698465271556e-05 3.67603158959753e-06 9.97375383647034e-06 1.75195388798474e-06
   0.142922461032867  0.00150925726597867 1.47532212512853e-05 2.84311075164693e-06 9.56840280779339e-06 1.70970466827691e-06
   0.143798321485519   0.0015168588314432 1.69699230367021e-05 3.02227006032515e-06 1.02969963796892e-05 1.66831600609866e-06
   0.144674181938171  0.00152446141726787  1.3974239343808e-05 2.63575266180548e-06 1.18943947835197e-05 1.62817272281314e-06
   0.145550012588501  0.00153163535243899 1.73341284076545e-05  2.9078011025434e-06 1.39856292435361e-05 1.58923099087851e-06
   0.146425828337669  0.00153924038768961 1.40642631543483e-05 2.65070228540775e-06 1.61551119917141e-05 1.55144850588468e-06
   0.147301629185677  0.00154655282950986 1.51770568417135e-05 2.74385198391508e-06  1.8005786290346e-05 1.51478269620381e-06
   0.148177415132523  0.00155416001779462 1.41452487396148e-05 2.66938411460786e-06 1.92125061541573e-05 1.47919515302801e-06
   0.149053186178207  0.00156176795544264  1.5244983882885e-05 2.76283715683864e-06  1.9562768560444e-05  1.4446481712873e-06
    0.14992892742157  0.00156881414245237 1.44295621096236e-05 2.68218505492326e-06  1.8977739781319e-05 1.41110414959116e-06
   0.150804653763771   0.0015764243443089 1.60676919729043e-05 2.78493363593275e-06 1.75086862808842e-05 1.37853016901526e-06
   0.151680365204811  0.00158374330645118 1.19248949496808e-05 2.43733858700534e-06 1.53257593910543e-05 1.34689113789171e-06
   0.152556046843529  0.00159122087108757 8.61099134875525e-06 2.11351243418129e-06 1.26793931855066e-05 1.31615634318293e-06
   0.153431728482246  0.00159896860182542 9.85609501232664e-06 2.21405638872751e-06 9.86122393777026e-06 1.28629410484746e-06
    0.15430736541748  0.00160615654229016 7.79797002450668e-06 1.99460816110926e-06 7.15879056069631e-06 1.25727463318679e-06
   0.155183002352715  0.00161377149865714 3.76596931709757e-06 1.51118415423766e-06 4.81626097970029e-06 1.22907051951578e-06
   0.156058609485626  0.00162138721202067 4.59983995167558e-06 1.60312115718525e-06 3.00369626336028e-06  1.2016538698105e-06
   0.156934201717377  0.00162844481278271 4.69576291299202e-06 1.61042667250982e-06 1.80009244679139e-06 1.17499737506129e-06
   0.157809779047966  0.00163606235084285 7.05563069922001e-07 9.75569222708372e-07 1.19462690587652e-06 1.14907755029734e-06
   0.158685341477394   0.0016435243545372 2.65224629776034e-07 8.71959511373068e-07 1.09419863990461e-06 1.12386901161405e-06
     0.1595608741045  0.00165071999051027 1.42111530208981e-06 1.10120185294157e-06 1.35089411103036e-06 1.09935172579709e-06
   0.160445168614387   0.0016586864266507 1.78141865888339e-06 1.16317894743394e-06 1.79190697959703e-06 1.07526244448413e-06
   0.161311909556389  0.00166596073866177  1.4180844082096e-07 8.38837256651276e-07 2.23318474483544e-06 1.05228761643449e-06
    0.16218738257885  0.00167329299018219 7.55120892360892e-07 8.51736305196027e-07 2.55096373353678e-06  1.0297012362872e-06
   0.163062855601311  0.00168104855986905 1.04308690355928e-06 9.09851113983819e-07 2.65570884560978e-06 1.00771842839112e-06
   0.163938283920288  0.00168827144813003 6.71983053357599e-07 8.47178721384005e-07 2.52705181842378e-06  9.8631979472998e-07
   0.164813697338104  0.00169587287268493 9.75464213479568e-07 9.17001610543858e-07 2.20657315487544e-06 9.65487176184386e-07
    0.16568911075592  0.00170349710527111 1.92115762912043e-06 1.08223245987594e-06 1.78803965119051e-06 9.45201919302803e-07
   0.166564494371414  0.00171070090846129 2.20097943603481e-06 1.13425060118175e-06 1.39700945242751e-06 9.25447078248995e-07
   0.167439833283424  0.00171819369023276 2.53899035828951e-06 1.16651439252335e-06 1.16736557416111e-06 9.06206988379926e-07
   0.168315172195435  0.00172555442276333 1.58836249388434e-06 1.01220815196965e-06 1.21629534281016e-06 8.87464450207984e-07
   0.169190496206284  0.00173302667240922 4.51211659909094e-06 1.39380861781605e-06 1.62377797309103e-06 8.69201303437023e-07
   0.170065805315971  0.00174078675256968 5.47991880529933e-06 1.49238946804016e-06 2.41617777057105e-06 8.51412689696573e-07
   0.170941084623337  0.00174799531210868 5.15916792052126e-06 1.44983108972978e-06 3.56170512776173e-06 8.34070718667679e-07
    0.17181633412838  0.00175562401261758 6.75698272925317e-06 1.61097987944476e-06 4.97175028177429e-06 8.17177104130361e-07
   0.172691583633423  0.00176325304129406 5.14727950769017e-06 1.43579292385283e-06 6.51308843760998e-06 8.00704643824821e-07
     0.1735580265522  0.00177027502610224 6.44354308958472e-06 1.57175774600514e-06 8.01110127044959e-06 7.84816235363553e-07
    0.17443323135376  0.00177790541804508 1.08404315303482e-05 1.96127929447801e-06 9.33553056188981e-06 7.69163926631002e-07
   0.175317138433456  0.00178563733941169 8.07815116056064e-06 1.01807602262628e-06 1.03402589449333e-05 7.53762663237736e-07
   0.177071794867516  0.00180059932979983 1.14983253927044e-05 1.42672429493577e-06 1.10029469030788e-05 7.24303732579358e-07
   0.178826361894608  0.00181541057867609  1.0516974162396e-05 1.36979689321171e-06 9.84647084035906e-06 6.96254028074554e-07
   0.180576488375664  0.00183019554002003 9.07709920889371e-06 1.28992390579735e-06 7.47792845697111e-06  6.6960573828026e-07
   0.182326480746269  0.00184559525570532 9.63490367122629e-06 1.33281393606787e-06 4.92928796997381e-06 6.44220922380517e-07
   0.184076428413391  0.00186045016730753 8.09313056695666e-06 1.26041984355962e-06 3.14137674441369e-06 6.20028314332415e-07
   0.185826271772385  0.00187515473985749 6.12559785940995e-06 1.02625922527938e-06 2.52662755478863e-06 5.96962243418437e-07
   0.187571659684181  0.00189013788964551 4.65084264841005e-06 9.14483388068372e-07 2.85453537684882e-06 5.75015838835838e-07
    0.18932132422924  0.00190539061268778 4.60800000906841e-06 9.06017389665166e-07 3.48295299077256e-06 5.54017733342226e-07
   0.191066488623619  0.00192022443386099  3.9564778965878e-06 8.63687444348311e-07  3.7628737102752e-06 5.34019929860303e-07
   0.192815959453583  0.00193502396982825 4.05248020837098e-06 8.82392978308141e-07 3.38372317675667e-06 5.14870518248073e-07
   0.194565325975418  0.00195010684884858 2.68021182634407e-06 7.52599083598019e-07 2.47782556800606e-06 4.96573278411964e-07
   0.196310237050056  0.00196507564797622 2.44126270415454e-06 7.14181397090016e-07 1.47624525911171e-06  4.7912548077103e-07
   0.198068156838417  0.00198000220070312 1.72585419301352e-06 6.39883479617383e-07 8.02834450598964e-07 4.62315761022512e-07
    0.19981724023819  0.00199500225242514 1.13094608699353e-06 5.79778615282093e-07 6.54281069395104e-07 4.46316017380817e-07
   0.201566249132156  0.00201000350599847 1.04155969304161e-06 5.83105145255364e-07 8.97235321144192e-07 4.31003283363235e-07
   0.203315153717995  0.00202515624443996 2.45132356315286e-06 6.99997272269701e-07 1.21484248909946e-06 4.16342770241997e-07
   0.205063953995705   0.0020399015641607 2.64224110184711e-06 7.09662726793663e-07  1.3275282782522e-06 4.02301147419993e-07
   0.206812635064125    0.002054905445568 2.22702279007488e-06 6.74438576308129e-07 1.17141537035908e-06 3.88847649075446e-07
    0.20855250954628  0.00206998115568106 3.47462418084012e-06 7.20602975527626e-07  9.2824883022215e-07 3.76015722551005e-07
   0.210300996899605  0.00208513633502361 3.73124561140334e-06 7.51141895918721e-07 8.91585359877089e-07 3.63649357766224e-07
   0.212058112025261  0.00209972962982154 4.43111065884722e-06 7.83487340791893e-07 1.28119462617965e-06 3.51729756318202e-07
    0.21380640566349  0.00211467235835361 2.96859728656466e-06 6.70516156928123e-07  2.0793348817131e-06 3.40350887058468e-07
   0.215550184249878  0.00212992813884255 5.27495974615361e-06 8.24494427369834e-07 3.02808637646842e-06 3.29456305240002e-07
   0.217298313975334  0.00214506388417788 5.94373779883698e-06 8.66250068196689e-07 3.76179816753321e-06 3.18968741389143e-07
   0.219041898846626  0.00215978741374695 4.49920691197325e-06  7.8540277548689e-07 3.98129358979672e-06 3.08920827712978e-07
   0.220785424113274  0.00217451184384967 6.85777432899488e-06 9.12378263472144e-07 3.61145240091486e-06 2.99265904862289e-07
    0.22253754734993  0.00218995339598279 5.10314342428758e-06 8.01521384419063e-07 2.81447300817257e-06 2.89940681547019e-07
   0.224289551377296  0.00220486379243797 3.88572743424891e-06 7.20405314086132e-07  1.9096224794484e-06 2.80976382903446e-07
   0.226032733917236   0.0022197168814151 3.28040307430572e-06 6.82879002422753e-07 1.20406860536258e-06 2.72398436740167e-07
   0.227784484624863  0.00223475499206925 1.88556867846686e-06 5.87128698827476e-07 8.44222181473187e-07 2.64105737365356e-07
   0.229531839489937  0.00224963750969616 2.83501315801349e-06 6.46384010168042e-07 7.94791614277484e-07 2.56145872741059e-07
   0.231279045343399  0.00226479495870422 1.67806666513323e-06 5.06993066880948e-07 8.83987526863062e-07  2.4848437635944e-07
   0.233026146888733  0.00227967736564945 1.05180596149708e-06 4.48458795798254e-07 9.27658070634444e-07 2.41107587985931e-07
     0.2347731590271  0.00229468690360246 1.38133518075169e-06 4.85263477302513e-07 8.31436015726702e-07 2.34003024828219e-07
   0.236519992351532  0.00230988564185439 1.53758246401957e-06 5.11420922674584e-07 6.25854832596111e-07 2.27158958862416e-07
   0.238266751170158  0.00232470462440122  3.9152368149569e-07 3.89531977423939e-07 4.23638374985575e-07 2.20563574669273e-07
   0.240009039640427  0.00233955804077273 1.45140218369739e-06 4.85994069109084e-07 3.34825484977308e-07 2.14221829075977e-07
    0.24176424741745  0.00235464536279433  1.2412069188425e-06 4.69398259123883e-07 3.95164997434625e-07 2.08062569769772e-07
    0.24351067841053  0.00236984228509136 1.27882456881527e-06 4.82301503413442e-07 5.47579998818099e-07 2.02151754125869e-07
   0.245256930589676  0.00238466069847073 2.06649601783038e-06 5.60620994628315e-07 6.85975807310156e-07 1.96449899745769e-07
   0.247003078460693  0.00239947961472657 2.15857347256642e-06 5.49922106702651e-07 7.25882664464405e-07 1.90948027280711e-07
   0.248749122023582  0.00241442308474887 2.17161779048123e-06 5.39731719995871e-07 6.58706512345008e-07 1.85637801040012e-07
   0.250486344099045  0.00242976822969993 3.07074643627904e-06 5.98602523074264e-07 5.57354150069217e-07 1.80536457459148e-07
   0.252236515283585  0.00244467759965735 2.51268936837061e-06  5.6074716881649e-07 5.28396672335041e-07 1.75573027917645e-07
   0.253986567258835  0.00245946087288789 2.23597732365937e-06 5.14755625747939e-07 6.49224075377217e-07 1.70779325311974e-07
   0.255732089281082  0.00247465297592004 1.95299516602695e-06 4.85496715471685e-07 9.13734251190896e-07 1.66159954611442e-07
    0.25747749209404  0.00248959360366842 1.89535602703461e-06 4.78925976898161e-07 1.23214907237853e-06 1.61696011817919e-07
   0.259214073419571  0.00250441344702962  2.7641484133703e-06  5.4297417026986e-07 1.47357059987925e-06 1.57402441828241e-07
   0.260963588953018  0.00251940268239941 1.69270193274976e-06 4.76286565400686e-07 1.53551972484545e-06 1.53220089144155e-07
   0.262704342603683  0.00253443685993505 1.20764866246704e-06 4.55605851982256e-07 1.38707406304261e-06 1.49195674222102e-07
   0.264444887638092  0.00254940792763999 1.04717939902414e-06 4.27707634041132e-07  1.0848914455362e-06 1.45302996481047e-07
   0.266194045543671  0.00256431239792173  1.1693323175225e-06 4.29642684525427e-07 7.35605245610438e-07 1.41518140044362e-07
   0.267943054437637  0.00257921538164056 1.22105102462979e-06 4.33400024021197e-07  4.4821432022196e-07 1.37856037010258e-07
   0.269683241844177  0.00259445326225945 5.73409980175151e-07 3.85312887845728e-07 2.81494330365675e-07 1.34329262379102e-07
   0.271431982517242  0.00260947808164917  1.2512135924384e-06 4.56139355219591e-07 2.26664290772659e-07 1.30898032727017e-07
   0.273171901702881  0.00262419662415376 6.65800598796566e-07 3.80346020630129e-07 2.32231413991845e-07 1.27592147011517e-07
   0.274920403957367  0.00263909607275708 7.82888886505739e-07 3.67578572922864e-07 2.39773586048698e-07 1.24374473180046e-07
    0.27666437625885   0.0026543573854529 5.56270327644727e-07 3.00130213245574e-07 2.19297373735675e-07 1.21265562255448e-07
   0.278408259153366  0.00266934947945174 7.78965947903759e-07 3.11356394510137e-07 1.80610777895229e-07 1.18253325978313e-07
    0.28015199303627  0.00268421644971956 7.59955203697755e-07 3.05144461677457e-07 1.57926456963247e-07 1.15334302731065e-07
   0.281895577907562  0.00269895918195631 5.22177130128343e-07 2.83166506871797e-07 1.81048664137906e-07 1.12505020733642e-07
   0.283639043569565  0.00271426635847484 1.64718952166505e-07 2.51161343872485e-07 2.52074566973616e-07 1.09762216532236e-07
   0.285375952720642   0.0027272497505769 1.08221219223368e-06 2.10170482065734e-07 3.41484524596245e-07 1.07112161994694e-07
   0.287119150161743  0.00273893795197445  6.5719713837718e-07 2.07116277168369e-07 4.07164750815994e-07 1.04532384728772e-07
   0.288863450288773   0.0027506429584104 4.07131201085862e-07 2.18386637137684e-07 4.18279014987905e-07 1.02028264144338e-07
   0.290605127811432  0.00276233963562814 9.92979767731142e-07 2.38395368647183e-07 3.76430378131891e-07 9.96022803230181e-08
   0.292347848415375  0.00277405244828625 7.73838543115833e-07 2.27599012896777e-07 3.15712180542336e-07 9.72465998490028e-08
   0.294090449810028   0.0027857731927742 8.84956141670234e-07 2.29274203599674e-07 2.83884765391396e-07 9.49603134319887e-08
   0.295832991600037  0.00279750208659847 4.72586635895255e-07 2.10214528228804e-07 3.14987517167375e-07 9.27409186474931e-08
   0.297575235366821  0.00280923796363634 8.13796157861388e-07 2.21586016486005e-07 4.09251380994441e-07 9.05863473189001e-08
   0.299317479133606  0.00282098170467801 6.31341721827056e-07 2.11849079516381e-07 5.31415961929584e-07 8.84941966661188e-08
   0.301059454679489  0.00283273295332692 4.28050707485831e-07 2.00661056671117e-07 6.28157088525884e-07 8.64622238903273e-08
   0.302800238132477  0.00284448398786587 2.44046425380669e-07 1.89909860953943e-07 6.54478236797801e-07 8.44895800569728e-08
   0.304542034864426  0.00285625042247487 2.85213410951428e-07 1.89244453644441e-07 5.95056853149643e-07 8.25717831107733e-08
   0.306283593177795   0.0028680229576563 4.34406453457438e-07 1.93688064146626e-07 4.69559840479718e-07 8.07083539182135e-08
    0.30802384018898  0.00287979471894536 3.04480675981545e-07 1.85421534989976e-07 3.20797360829252e-07  7.8898545186853e-08
   0.309772551059723  0.00289163153321791 1.89575138639991e-07 1.77530397878265e-07 1.92071258066765e-07 7.71307533540657e-08
   0.311513662338257  0.00290342467334443 2.66399323637651e-07  1.7894571058505e-07 1.10578652519925e-07 7.54195620728682e-08
   0.313255965709686  0.00291523410753038 1.17489454196386e-07 1.69259952260234e-07 7.62531757033394e-08 7.37544451274724e-08
   0.314995557069778  0.00292703175868572 3.01914859058686e-07  1.7650701179104e-07 7.12530214971243e-08 7.21375196923319e-08
   0.316737443208694  0.00293885318703512 6.35425621220975e-07 3.33812577966908e-07 7.42880051129552e-08 7.05626239944479e-08
   0.318473219871521  0.00295064035179271 4.69908183945036e-07 2.94525577703767e-07 7.43397907400743e-08 6.90357779942064e-08
   0.320213675498962  0.00296246588033106 5.36365724672842e-07 2.99159557256728e-07  7.5063435429875e-08 6.75460653296428e-08
   0.321958601474762  0.00297432952820374 6.58374883090618e-08 2.46647593373725e-07 8.87387455798388e-08  6.6092650285537e-08
    0.32369863986969  0.00298616694207004 1.92783073193572e-07 2.60057329759895e-07 1.24366687008658e-07   6.468202953835e-08
   0.325438529253006  0.00299800998471866 1.98843359002887e-07 2.59027314108593e-07 1.78522459252971e-07 6.33089615757102e-08
   0.327178299427032  0.00300985951013097 8.43845798637338e-08 2.43590762915493e-07   2.344681763253e-07 6.19722293933238e-08
   0.328917890787125  0.00302171418879782 2.13704830257693e-07  2.5791944322837e-07 2.70411467195855e-07 6.06707304246166e-08
   0.330657333135605  0.00303357446049606 4.07151872742978e-08 2.35365786666893e-07  2.7182643958053e-07 5.94033313401589e-08
   0.332396537065506   0.0030454402105984 2.90403046153344e-07 2.64289550919103e-07 2.40406533587211e-07 5.81690237149755e-08
   0.334135681390762  0.00305731141301772 2.97253314447491e-07 2.63793717312277e-07 1.94227838498366e-07 5.69666513257489e-08
    0.33587458729744  0.00306918787198824 6.36938767248736e-08 2.34313036769011e-07 1.58836134704228e-07 5.57953493159738e-08
    0.33761340379715  0.00308106956706667 3.13320133852751e-07 2.63543156262435e-07 1.54072387919735e-07 5.46540579692561e-08
   0.339356750249863   0.0030929886121603 3.21018452834045e-07 2.63389604756507e-07 1.83970262131552e-07 5.35389471635729e-08
   0.341090440750122  0.00310484854758539 2.66523901398434e-07  2.5587393738464e-07 2.34264672086089e-07 5.24580677772054e-08
   0.342828720808029  0.00311674474250199 2.74023580346045e-07 2.55682760656183e-07 2.80790016008399e-07 5.14015809404717e-08
   0.344566851854324  0.00312864645207711 3.43269028092635e-07 2.63216213145297e-07 3.00469567440417e-07 5.03716474465113e-08
    0.34630474448204  0.00314055263911147 8.94594453946554e-07 3.19540515598992e-07 2.82578261540372e-07 4.93675193691275e-08
   0.348042547702789  0.00315246364075787 7.16618469884782e-07 3.01247416865125e-07 2.32490740287074e-07 4.83883376537707e-08
   0.349780172109604  0.00316437918184904 3.65311303446574e-07 2.63285137889526e-07 1.67444711892357e-07 4.74334166500035e-08
   0.351512879133224  0.00317626692211785 -4.95058180799439e-08 2.09529076395947e-07 1.07349185561236e-07 4.65045301709183e-08
    0.35325014591217   0.0031881911345811 1.39786209458398e-07 2.34707318122458e-07 6.51045743534442e-08 4.55959299793629e-08
    0.35498720407486  0.00320011993233594  3.2881098899317e-07 2.57342936046837e-07 4.34849327306129e-08 4.47095168229338e-08
   0.356724083423614  0.00321205266929555 3.96106940144998e-07 2.64592627075711e-07 3.65480099906463e-08  4.3844632190555e-08
   0.358460903167725  0.00322398994088013 4.04994620385215e-07 2.65417078280105e-07 3.60582356491576e-08 4.30005856431144e-08
   0.360202193260193  0.00323596378013902 1.59333132877667e-07 2.35300971409801e-07 3.75920252328721e-08 4.21746670119503e-08
    0.36193385720253  0.00324787673605011 5.79444352104805e-07 2.84016113217213e-07 4.27982240531458e-08 4.13728766451863e-08
   0.363674759864807  0.00325985822351135 9.33538933006347e-08  2.2640841541989e-07 5.69992577399425e-08 4.05859365326525e-08
   0.365410834550858  0.00327181135735816 4.51003490541024e-07 2.69837188756059e-07 8.35974262552341e-08 3.98197970454485e-08
   0.367146700620651  0.00328376828969094 5.31360407930943e-07 2.63420231483703e-07 1.19877202356802e-07 3.90716681102359e-08
   0.368877649307251  0.00329569649292161 4.69039466041172e-07 2.56265611154554e-07 1.56204184770528e-07  3.8343073578645e-08
   0.370617866516113  0.00330769308330764  8.0756898757438e-07 2.91631647440737e-07 1.80393463763412e-07 3.76276212233938e-08
   0.372353225946426  0.00331966140381985 2.42889871904627e-07 2.30898964315449e-07 1.83106181987239e-07  3.6930707187623e-08
   0.374088376760483   0.0033316326602671 5.77749682167388e-07 2.68751738350683e-07 1.63789231278764e-07 3.62499338943247e-08
    0.37582802772522  0.00334364025481162 -4.2418165883354e-08 1.93724307819443e-07 1.31062641353882e-07 3.55830739908483e-08
   0.377562820911408  0.00335561836506345 7.41324036527972e-07 2.85738551181024e-07 9.93450247629801e-08 3.49332750120619e-08
   0.379292666912079  0.00336756721120009 6.27745482980435e-07 2.74761897749321e-07 8.16200736813909e-08 3.43000332822297e-08
   0.381031781435013  0.00337958416938703 5.10752200051338e-07  2.6275608460763e-07 8.36884188566928e-08 3.36777991268773e-08
   0.382766038179398  0.00339157237136982 5.09077040665239e-07 2.62939935360927e-07 1.02003032312743e-07 3.30712925417928e-08
   0.384495377540588  0.00340353096767572 4.52181484560102e-07 2.57241631378459e-07 1.25735260330318e-07 3.24800379385135e-08
   0.386224508285522  0.00341549220039185 4.47860807582815e-07 2.57147666527333e-07 1.42677294104964e-07 3.19020097293939e-08
   0.387962818145752  0.00342752176508975 4.46636909996772e-07 2.57676275083636e-07 1.44660195674064e-07 3.13338187513448e-08
    0.38969162106514  0.00343948925196689 2.74704010761341e-07 2.38710326392994e-07 1.30728783146609e-07 3.07812250868766e-08
   0.391429603099823  0.00345152411992278 4.42596978166899e-07 2.58350117285599e-07 1.06339327962473e-07 3.02379247751958e-08
   0.393157988786697  0.00346349763489286 3.84273350335566e-07 2.52604730520329e-07 8.01285410224992e-08 2.97094603894754e-08
    0.39489558339119  0.00347553868051716 5.52022149689099e-07 2.71527617444669e-07 5.86965074965967e-08 2.91897672037097e-08
   0.396623581647873  0.00348751709800681 5.45655749976799e-07 2.71130284456651e-07 4.49486943691004e-08 2.86841649709344e-08
   0.398360818624496  0.00349956318913118 4.33219625973174e-07 2.60170336235336e-07 3.74411332952659e-08 2.81868498242292e-08
   0.400088429450989  0.00351154683675647 9.16778553431762e-08 2.20955706904773e-07 3.34317079255081e-08 2.77029313898676e-08
   0.401825278997421  0.00352359816830877 2.58419372248993e-07 2.42094028800963e-07 3.13280982725124e-08 2.72268506322137e-08
   0.403552442789078  0.00353558669686887 4.25726290898931e-07 2.61850333439606e-07 3.22694064702843e-08 2.67635224854302e-08
   0.405288904905319  0.00354764323784342 2.53293254157148e-07 2.43508240312956e-07 3.91615799030974e-08 2.63075952916134e-08
   0.407015770673752  0.00355963631825457 -1.43064117296605e-07  1.9371035072138e-07 5.40699095299748e-08 2.58646235411717e-08
   0.408751785755157  0.00357169676132517 3.04479409276746e-07 2.51414400584811e-07 7.61647961439855e-08 2.54316974326181e-08
   0.410478204488754  0.00358369448948963  1.3456140854386e-07  2.3282789980036e-07  1.0056043813394e-07 2.50195765442466e-08
   0.412213802337646  0.00359575954003582 -3.54488381384378e-08 2.12884189461832e-07 1.21239004838894e-07 2.46358848053122e-08
    0.41394454240799  0.00360779417386337 7.25213134793415e-08 2.27845417024741e-07 1.33594319652252e-07 2.42994168834857e-08
   0.415675133466721  0.00361983136249636  1.4191935235508e-08 2.21759242193143e-07 1.37116137874225e-07 2.40207777565207e-08
   0.417405515909195  0.00363187028898761 4.77572367641812e-07 2.58627236456951e-07 1.34167867759431e-07 2.38020316732454e-08
   0.419135570526123  0.00364391076974367 -1.99142798878664e-07 1.79889245927753e-07 1.27821467430933e-07 2.36363660907624e-08
