# intensity: 1.00708572974611
# background: 3.58641010880629e-07
#           Q (1/A)             dQ (1/A)                    R                   dR               theory              fresnel
      0.010084459364     0.00010301271332        0.99060473148       0.010563542732     1.00531139155131    0.889387089350988
      0.010527572831     0.00010516249785        0.97661193666       0.010441279393    0.997628470994705     0.41769745160898
      0.010957382779      0.0001072922675        0.98807846201       0.010539424411    0.989260946950033    0.228332377802609
      0.011400472385     0.00010953100917        0.96423061548       0.010304250072    0.979567831565861    0.151670270786094
      0.011830312024     0.00011174221746        0.95560004233       0.010292935543     0.96788955605702     0.11036560513319
      0.012277757864     0.00011408277381        0.94663621366       0.010226899042    0.952279644019122   0.0831616486630754
      0.012716371148     0.00011641324928        0.91241736146      0.0099023999243    0.932322890356137   0.0650318063388572
      0.013159412929     0.00011880140158        0.90662362274      0.0099148818247    0.905943680319265   0.0519486622995123
      0.013593700546     0.00012117372412        0.87333413658      0.0096539643153    0.872207289892619   0.0424432094279713
      0.014041082168      0.0001236481371        0.82494481857      0.0092914956277    0.827217257622072   0.0349917944173149
      0.014470975218     0.00012605336378        0.77726404339      0.0088960595594    0.772249522974153   0.0294176641385627
        0.0149139815     0.00012855857508        0.70004077822      0.0083146786816     0.70226405124416   0.0248634491202176
      0.015348249037     0.00013103911185         0.6171389073      0.0076590667876    0.620890203373141   0.0212726430608434
      0.015791263766     0.00013359342958        0.51371586062      0.0067930791659    0.527940940769162   0.0182893102788707
      0.016221121047     0.00013609360472        0.43210146033      0.0060959127578    0.434322707358683     0.01590362876367
      0.016668542802      0.0001387174039        0.33747504569       0.005248827174    0.342083793481055   0.0138392635951843
      0.017107181564     0.00014130978984        0.25900984995      0.0044799239449    0.265452135999005   0.0121441127522696
      0.017550214409     0.00014394723651        0.20568003341      0.0039319426566    0.207564514681505   0.0106982676901226
      0.017984456025     0.00014654997154         0.1669950762       0.003509855619     0.17095299619457  0.00949211502777861
      0.018427478239     0.00014922236187        0.14938067717       0.003299486706     0.15139015754463  0.00843805339715861
       0.01885736761     0.00015183111866        0.14723470632      0.0032760406905    0.145058218939296  0.00755635451147496
      0.019304756228     0.00015456152523        0.14685990505      0.0032660539884    0.146760793610278  0.00676165213503636
      0.019734613428     0.00015719903462        0.15368559444      0.0033443112594    0.152378428356422   0.0060970211527545
      0.020177706922     0.00015993148633         0.1602731667      0.0034167878142    0.159336958345057  0.00549785730976265
       0.02061186743     0.00016262169732        0.17100579443      0.0035525634992    0.165406351557962  0.00498243442788689
      0.021059259083     0.00016540653623        0.17073016209      0.0035537884473    0.169748223177262  0.00451457812659366
      0.021489170283     0.00016809406952        0.17086757139      0.0035497180809    0.171527310228352  0.00411695847986215
      0.021940947339     0.00021434759213         0.1692637428      0.0026716588365    0.170328729206029  0.00375127780174137
      0.022809438424     0.00022268882966        0.16493713409      0.0025946367965     0.16098573428507  0.00315321566291108
      0.023677926785     0.00023152492749        0.15289596595      0.0024264399802    0.143691511296138  0.00266941503248456
      0.024563957741     0.00023977165934        0.10751506407       0.001771634727    0.120479787701718  0.00226938268356243
      0.025441211656     0.00024841709665       0.088303047982       0.001561088994   0.0951665990576073  0.00194559634405716
      0.026318465085     0.00025727095267       0.068349112281      0.0013286146911   0.0705692865233536  0.00167844647484329
      0.027195712694     0.00026526542577       0.049524514207      0.0011004025389   0.0491269023961018  0.00145626095066282
      0.028081730878     0.00027403269465       0.034293302921     0.00089206670517    0.032205839633081  0.00126843094693664
      0.028958971718     0.00028296429757       0.018804220474     0.00058659298013    0.020614201874956  0.00111172494069103
      0.029836209028     0.00029111479763       0.013705831285     0.00049383275271   0.0137249451684951 0.000978778614291364
      0.030713445318     0.00030012434974       0.010048379471     0.00041549791918    0.010506107668015 0.000865350577376188
      0.031590675251     0.00030874335659       0.010111023927     0.00041146399441  0.00968988320606503 0.000768058117164805
      0.032467901335     0.00031689352918       0.010969321906     0.00042429264199   0.0100779194991078 0.000684183301047795
       0.03332758136     0.00032568473559      0.0098383634437     0.00036540716198   0.0107132150193267 0.000612927734069213
      0.034204799507     0.00033404300924       0.010851910149     0.00038047154869   0.0110131037041729 0.000549632088819644
      0.035090787068     0.00034280985761       0.010917955803     0.00037558170666   0.0106581605087431 0.000493841735864175
      0.035967996729     0.00035132425919      0.0098426088646     0.00035303089459  0.00962095479499576  0.00044545651236469
      0.036836431128     0.00035961236078      0.0084111982931     0.00032236632455  0.00806699451323631 0.000403312314295953
      0.037722405411     0.00036840492659      0.0057966679994     0.00024818375104   0.0061917117085429  0.00036537178127943
      0.038599601604     0.00037697116591      0.0038792333272     0.00020073374987   0.0043189647459558 0.000332131984860969
      0.039485566449     0.00038539915318      0.0025842110391     0.00016161373813  0.00264729615095316 0.000302336028582476
      0.040353982388     0.00039431172731      0.0017345313562     0.00013042738943  0.00138066183310532 0.000276329516187629
      0.041239934792     0.00040263527116     0.00064574131373     8.0171699803e-05   0.0005357224480427 0.000252636725672588
      0.042108340889     0.00041131333225     0.00023416108467     4.6696911305e-05 0.000129730687632438 0.000231842721712628
      0.042985515111     0.00042006142086     0.00015610114762     3.8210426241e-05 6.49334700719566e-05 0.000212984559224969
      0.043866209055      0.0004280720557     0.00025480721667     2.1302382721e-05 0.000230405012832573 0.000195950318422284
      0.044735457301     0.00043688417251     0.00051173089549      3.261978336e-05 0.000497371102544338 0.000180787278257514
      0.045612620416     0.00044544968185     0.00078277188085     3.9724786217e-05 0.000762756641023484 0.000166955295050379
      0.046489763366     0.00045380677604     0.00093441709267     4.0937920787e-05 0.000946737499737344 0.000154429327604119
      0.047366915585      0.0004626844313      0.0010145532947     4.2196659438e-05  0.00101028922578674 0.000143064625232929
       0.04824844089     0.00047132363435     0.00096160097525     4.0784638105e-05 0.000951250365190611 0.000132683343569968
       0.04912119229     0.00047960632295     0.00086465326153     3.8348221521e-05 0.000798931809566043 0.000123323981254127
      0.050011468368     0.00048852355243     0.00068963043601     3.4014001444e-05 0.000594148881773793 0.000114616523228954
      0.050879816289     0.00049678399101     0.00036017012694     2.3287691287e-05 0.000397181998896265 0.000106855924990009
      0.051761322925       0.000505422741     0.00024880926448     1.9343909614e-05 0.000245083606476512 9.96437003307493e-05
      0.052638450221     0.00051429985912     0.00019947610649     1.7251630699e-05 0.000172238807661318 9.30649947363897e-05
      0.053515512709     0.00052247371234     0.00022799455419     1.8200968138e-05 0.000189735205132714  8.7024545341504e-05
      0.054392614543      0.0005312981476     0.00034808421059     2.2157159558e-05 0.000290899996556265 8.14698135961786e-05
      0.055269714896     0.00053973220977     0.00052927154891     2.5849477114e-05 0.000453600307451272 7.63544325739807e-05
      0.056146810558      0.0005480620818     0.00068824838884     2.9249240014e-05 0.000646174217394467 7.16372146731563e-05
      0.057019490052     0.00055704650816     0.00089515830071      3.308099682e-05 0.000833107997042532  6.7302882123381e-05
      0.057896529632     0.00056527167281      0.0010591260595     3.5810883106e-05 0.000985267567728402 6.32747348117879e-05
      0.058773635908     0.00057404378496      0.0012324090159     3.8517399444e-05  0.00107883154125767 5.95457001929662e-05
      0.059650704635     0.00058280249683      0.0011456778657     3.5577749008e-05  0.00110223261522629 5.60897900919349e-05
      0.060527730232     0.00059098838396      0.0011764075893     3.5885425852e-05  0.00105585888458959 5.28831101351846e-05
      0.061395988252     0.00059971579702      0.0010522867485     3.3699316235e-05 0.000951681921177544 4.99333895822623e-05
      0.062277413246     0.00060817074088     0.00092151015127     3.1355730135e-05 0.000805016327232403 4.71483043586217e-05
      0.063154441007     0.00061649948696     0.00072590486596     2.7639608255e-05 0.000640290100247123 4.45689064201517e-05
      0.064035837499     0.00062547460148     0.00051347313404     2.2215963887e-05  0.00047790896515012 4.21537098356755e-05
      0.064904074592     0.00063391515377      0.0003680230663     1.8721246415e-05 0.000339146889627991 3.99341079662226e-05
      0.065785465608     0.00064249966754     0.00026310394387      1.577293957e-05 0.000232204942471704 3.78300478744046e-05
      0.066666839476     0.00065113598309     0.00020685113679     1.3954871944e-05 0.000164796981228564 3.58642056027995e-05
      0.067543824032     0.00065933380044     0.00015530768455     1.2103251412e-05 0.000135517327624414 3.40346902159548e-05
      0.068420800357     0.00066805191461     0.00017131597787     1.2209214409e-05 0.000136957339209095 3.23218596411032e-05
      0.069297773573     0.00067697826677     0.00017203442999     1.2184781878e-05 0.000158536399621439 3.07168103938516e-05
      0.070176918396     0.00068524504903     0.00022387809706     9.7761542625e-06 0.000188511243168705 2.92077702515475e-05
      0.071047306796      0.0006939492943      0.0002544271925     1.4553728034e-05 0.000215622422026859 2.78052213988563e-05
      0.071924246884     0.00070217226995     0.00027433460766     1.5045278639e-05 0.000232064174049635 2.64774703459594e-05
      0.072801166802     0.00071088955868      0.0002729852195     1.4499541991e-05 0.000232815663056253  2.5229330176713e-05
      0.073682480629     0.00071968075089     0.00025785787722     1.3842257576e-05 0.000216854509597433 2.40491932381972e-05
      0.074555022652     0.00072793339475       0.000240579486     1.3446967183e-05 0.000186983650689647 2.29490643186348e-05
      0.075431933784     0.00073649408099     0.00016637946129     1.1184237397e-05 0.000147764008302428 2.19071905191238e-05
      0.076313209758     0.00074559714996     9.5300275892e-05     8.5189387573e-06 0.000105256505658514 2.09200702714671e-05
        0.0771944892     0.00075363283361      6.867740908e-05     7.0072603399e-06 6.58031183987498e-05 1.99888385064679e-05
      0.078071374206     0.00076245321781     3.6632016619e-05     5.2821378659e-06  3.4550929431862e-05 1.91141091177098e-05
       0.07894384588     0.00077106919245     2.3021967803e-05      4.343532116e-06 1.44124212288731e-05 1.82917008454836e-05
      0.079820710718     0.00077921262551     1.3468133092e-05     3.5184201106e-06 6.03791080665269e-06 1.75101362446378e-05
      0.080697560604     0.00078808443737     2.2245499774e-05     4.1865563184e-06 8.36439904119157e-06 1.67707926899567e-05
      0.081574400657     0.00079656569431     2.4208369277e-05     4.1302985426e-06 1.85772828640695e-05 1.60709126093414e-05
      0.082451230771     0.00080512491044     5.7235652434e-05     5.9878376595e-06  3.2974009161873e-05 1.54080110872688e-05
      0.083328050838     0.00081384006398     5.9788481589e-05     6.0819531944e-06 4.77136711572514e-05 1.47797679510237e-05
      0.084204860752     0.00082211262019     7.2997741246e-05     6.6546305754e-06 5.95303791738786e-05 1.41840099398011e-05
      0.085081665632     0.00083087938932     8.8135155096e-05     7.2383178454e-06 6.62446936220065e-05 1.36187637389026e-05
      0.085962849115     0.00083961600471     7.9706106921e-05      6.692427931e-06 6.70342484560627e-05 1.30795293705735e-05
      0.086835233731     0.00084796999644     6.5938970325e-05     6.1083868837e-06 6.24654143623828e-05 1.25724359326295e-05
      0.087707600961     0.00085671411608     6.6912274878e-05     6.1183561122e-06  5.4187648883484e-05 1.20904281636388e-05
      0.088584357408     0.00086498563599       5.82564353e-05     5.6998776564e-06 4.44444633647252e-05  1.1629742678386e-05
      0.089465517328     0.00087356536711     4.3920977921e-05       4.95861459e-06 3.57369678908529e-05 1.11893322403713e-05
      0.090346631345     0.00088227476591     3.2107728506e-05     4.1321866589e-06 3.03450833689078e-05 1.07702667180962e-05
      0.091218940428     0.00089040625657     4.2824634317e-05     4.6790617978e-06 2.97675228735069e-05 1.03751769218813e-05
       0.09209567241     0.00089931476719     3.1711823817e-05     4.0532474086e-06 3.45354939872176e-05 9.99683266897179e-06
      0.092972396898     0.00090800175337     5.1277720685e-05     5.0481406366e-06 4.42427576743409e-05 9.63620279460647e-06
      0.093849058561     0.00091621986952      6.822820106e-05     5.7696284361e-06 5.76116545951426e-05 9.29231655922018e-06
      0.094725777149     0.00092514061593     7.6016815825e-05     5.8925209099e-06 7.27690240299841e-05  8.9642283209754e-06
      0.095602404582     0.00093367040114     9.4681391096e-05     6.5362033678e-06 8.75730486431817e-05 8.65110748923254e-06
      0.096479093013     0.00094191421309     0.00010273653453     6.7870304795e-06  9.9992841544877e-05 8.35208925479545e-06
      0.097355717108     0.00095083400682     9.6630388757e-05     6.5469493489e-06 0.000108397100703403 8.06649711165352e-06
      0.098236738141     0.00095915115015     0.00011467310537      7.092056533e-06 0.000111839582355849 7.79218952586768e-06
      0.099108987995     0.00096758036921     0.00010228948945     6.5341357087e-06 0.000110070212896645 7.53254456070301e-06
      0.099985596882     0.00097621335137      0.0001068847254     6.6603304514e-06 0.000103598702827841 7.28293886148544e-06
       0.10086219359     0.00098463800973     9.0812081726e-05     6.1141821749e-06 9.35121110910845e-05  7.0441069630502e-06
       0.10173439628     0.00099337860324     8.1197717047e-05     5.7703577502e-06 8.13360667682059e-05 6.81662018552881e-06
       0.10261535002      0.0010020327787     7.1882384762e-05     5.4229221945e-06 6.84661889865314e-05 6.59659638576873e-06
       0.10348315299      0.0010102827638     5.2587759463e-05     4.5435544323e-06 5.66648390053834e-05 6.38894990385465e-06
       0.10436846689      0.0010193226877     4.1957588996e-05     4.0651454688e-06 4.66711051649417e-05 6.18595626469635e-06
       0.10524500108      0.0010275119373     3.6314975108e-05     3.8042514245e-06 3.94864560616411e-05 5.99331874854288e-06
       0.10612152244       0.001036299283     3.4990761788e-05     3.7175893598e-06 3.51771243768386e-05 5.80859146222449e-06
       0.10699803087      0.0010447742712     2.3933068182e-05     3.1048200193e-06 3.34455200994132e-05 5.63137871823413e-06
       0.10787452627      0.0010529628425     3.2292791476e-05     3.5372064965e-06 3.36390258162479e-05 5.46131717780837e-06
       0.10875100852      0.0010618014204     2.8121155687e-05     3.3027541566e-06 3.48972265797511e-05 5.29807005998898e-06
       0.10961871143      0.0010705438508     2.9163576217e-05     3.1984370331e-06 3.63021786069163e-05 5.14284462471163e-06
       0.11049516721      0.0010786796366     2.5854765273e-05     3.0244135614e-06 3.70958515359419e-05 4.99219646013841e-06
       0.11137597868      0.0010876174547     2.8445279344e-05     3.1475299675e-06 3.66866861817897e-05 4.84673683251829e-06
       0.11225241396      0.0010959608065     2.5789509905e-05     3.0016777236e-06 3.48023419542872e-05 4.70762027532349e-06
         0.113124448      0.0011044900833     2.1783675264e-05     2.7784729619e-06 3.14871241008568e-05 4.57451678837755e-06
       0.11400522721      0.0011132970159     1.9146190679e-05     2.6224934679e-06 2.69677351683652e-05 4.44521555783932e-06
       0.11488161785      0.0011217956454     1.2161666379e-05     2.1558287629e-06 2.17723723105209e-05 4.32144154101319e-06
       0.11575800773      0.0011301640627     1.4800696029e-05     2.3212021887e-06 1.64305486835241e-05 4.20231996408388e-06
       0.11663435743      0.0011386881622     7.6021423197e-06     1.7785451192e-06 1.14737508896088e-05 4.08765138346169e-06
       0.11751070221      0.0011470559409     2.9399182889e-06     1.3142018246e-06 7.32826303138807e-06 3.97723034089177e-06
       0.11838702796      0.0011560475719     3.7497061212e-06     1.4057375658e-06 4.26018193975607e-06 3.87087519836834e-06
       0.11926335713      0.0011642848857     1.7134351399e-06     1.1096978514e-06 2.34713793881737e-06 3.76839733890893e-06
       0.12014404353      0.0011729858762    -3.4259103256e-08     8.8696714753e-07 1.49612614838353e-06 3.66915379064096e-06
       0.12102033055      0.0011818335353     7.1896472254e-07     1.0215017443e-06 1.48935530368361e-06 3.57397396771418e-06
       0.12190097462      0.0011900528909     3.3360923461e-06     1.3481561307e-06 2.01975318070514e-06 3.48173379326617e-06
       0.12277286025      0.0011987091156      2.695664827e-06     1.3106664021e-06 2.77037360239188e-06 3.39365141773351e-06
       0.12364910271      0.0012074651326     3.1187254826e-06     1.3305308508e-06 3.49116889529779e-06 3.30823818176253e-06
        0.1245253301      0.0012154406501     5.7168960522e-06     1.5590662391e-06 4.01077330890729e-06  3.2258086316429e-06
       0.12540154233      0.0012244299843     2.4316228924e-06     1.2370279333e-06 4.27235243990882e-06 3.14624608332263e-06
       0.12627774972      0.0012330289389     2.3260442178e-06     1.2191838033e-06 4.32962199189406e-06 3.06942488560883e-06
       0.12715393127      0.0012411597522     5.3941584519e-06     1.5144930618e-06 4.32103897134021e-06 2.99523361981599e-06
       0.12803009734      0.0012499400347     4.1697546951e-06       1.33499273e-06 4.43268155746873e-06 2.92356869837185e-06
        0.1289062478      0.0012584081434     6.4811185529e-06     1.5374388469e-06 4.85292589092633e-06 2.85432358185798e-06
       0.12978238256      0.0012670578817     6.3554820116e-06     1.5390224581e-06 5.73070438780807e-06 2.78740287838596e-06
        0.1306585015      0.0012757334285     9.3026584575e-06     1.7642049112e-06 7.14220098632277e-06 2.72271275277638e-06
       0.13153020086      0.0012839966122     9.8516214807e-06     1.8130310876e-06  9.0624987970681e-06 2.66047278892643e-06
       0.13240630373      0.0012927494736      1.377023955e-05     2.0380219867e-06 1.14083230797391e-05 2.59997126350053e-06
       0.13328677072      0.0013011341356      1.415720526e-05     2.0423164012e-06 1.40058947752836e-05 2.54115815005819e-06
       0.13416719928      0.0013095963118     1.7250266337e-05     2.2000325559e-06 1.66175996814774e-05 2.48426453158114e-06
       0.13503885527      0.0013184302045     2.1510943897e-05     2.4037523493e-06 1.89838728401805e-05 2.42975464241992e-06
         0.135919265      0.0013266319395     2.0495976448e-05     2.3485961756e-06  2.0943765609947e-05 2.37645871954607e-06
       0.13678650537      0.0013353652684     2.1628083327e-05     2.3089129484e-06 2.23011891281083e-05 2.32562790182168e-06
       0.13767125569      0.0013441079954     1.9077182359e-05     2.1825221029e-06 2.30240396228803e-05 2.27541126638248e-06
       0.13853846396      0.0013523209732      1.583604036e-05     2.0195749869e-06 2.30909448475451e-05 2.22773387581566e-06
       0.13942317789      0.0013608811979     1.9755283686e-05     2.2177319475e-06 2.25883761555506e-05 2.18061486654013e-06
       0.14029035344      0.0013697431238     1.5909916145e-05     2.0331634522e-06 2.16758696681009e-05 2.13586297797923e-06
       0.14117066694      0.0013779169793     1.5141336983e-05     1.9746445489e-06 2.04996327473149e-05  2.0918287901854e-06
       0.14204657059      0.0013867181269     1.2807441586e-05     1.8291237702e-06 1.92566237005871e-05 2.04936319846062e-06
       0.14291806912      0.0013952891807     1.8138729608e-05     2.0995906092e-06 1.81011731099779e-05 2.00839283188705e-06
       0.14379832587      0.0014034360913     1.5585650836e-05     1.9556584131e-06 1.71265430418855e-05 1.96826435421363e-06
       0.14466978606      0.0014122661853     1.8164597634e-05     2.0783789822e-06 1.64062274397339e-05 1.92975662222875e-06
       0.14554125135      0.0014206025515     1.9413454653e-05     2.0432455432e-06 1.59221664956843e-05 1.89235035914366e-06
       0.14642144031      0.0014294758922     1.9117707541e-05     2.0255858648e-06 1.56179850571114e-05 1.85571388684088e-06
       0.14729724914      0.0014379633217     2.2867637903e-05     2.1875197701e-06 1.54068481716618e-05  1.8203387611736e-06
       0.14817302457      0.0014462423955     1.7373586309e-05     1.9442575366e-06 1.51786073558324e-05 1.78600372245638e-06
       0.14904880499      0.0014549889043     1.8907371524e-05     2.0160014808e-06 1.48288073260525e-05 1.75267214487716e-06
       0.14992453295      0.0014635271816      1.435673007e-05     1.7764807757e-06 1.42754327529084e-05 1.72030965851262e-06
       0.15080027686      0.0014717014669     1.5502232367e-05     1.8185235892e-06 1.34712982459851e-05 1.68888033844485e-06
       0.15167597033      0.0014806286109     1.2404456357e-05     1.6361299319e-06 1.24094965764637e-05 1.65835584781138e-06
       0.15255167908      0.0014888801772     1.1575675263e-05     1.5753713258e-06 1.11239967489233e-05 1.62870073628874e-06
       0.15342733417      0.0014975728232      1.297086366e-05     1.5851055634e-06 9.68016982601411e-06 1.59988928825186e-06
       0.15430299438       0.001506317189     6.0950879216e-06     1.1498576018e-06  8.1643593156815e-06 1.57189069380471e-06
       0.15517424142      0.0015144158518      7.828625164e-06     1.2585567339e-06 6.67646558727245e-06  1.5448114678851e-06
       0.15605861303      0.0015232810222     3.7348594209e-06     9.4224514082e-07 5.27380855130158e-06 1.51809437441545e-06
       0.15692545062      0.0015319285526     3.4878883417e-06     9.1159371346e-07 4.07071717463607e-06 1.49263254831048e-06
       0.15780978372      0.0015401436488     3.7397341946e-06     9.3013060146e-07 3.06108665833409e-06 1.46737306372695e-06
       0.15867659378      0.0015489462942     1.8775334358e-06     7.4070561322e-07 2.30012679194198e-06 1.44329379632867e-06
       0.15956088793       0.001557394552     2.1553331388e-06     7.6820230074e-07 1.74637774773756e-06 1.41939876460429e-06
       0.16042764917      0.0015658066905     2.5838374757e-06     8.1045711299e-07 1.39356571670797e-06 1.39661251604243e-06
       0.16131190394      0.0015745139466     3.1669515952e-06     8.6599402639e-07 1.18759656389265e-06  1.3739944431608e-06
       0.16217862636      0.0015827436382     2.4722162808e-06     8.0271954828e-07 1.09608078784249e-06 1.35241863247164e-06
       0.16306284132      0.0015913461517     4.0963765972e-06     9.2356133632e-07 1.08015304366365e-06 1.33099607610963e-06
       0.16393828026      0.0016001902157     4.3319067784e-06     9.4643929819e-07 1.11796817836899e-06 1.31035180916286e-06
       0.16480932084      0.0016085185362     5.1789729962e-06     1.0182837939e-06 1.19906613817358e-06  1.2903519016473e-06
        0.1656847334      0.0016172839645     4.5273614564e-06     9.7795813031e-07 1.32793008646467e-06 1.27077871148798e-06
       0.16656009689      0.0016256852721     5.7678794607e-06     1.0773887857e-06 1.51731471907444e-06 1.25171786218467e-06
       0.16743983521      0.0016340043445     5.5288204751e-06     1.0532367947e-06  1.7861896533899e-06 1.23306084020857e-06
       0.16831079114      0.0016427724159     7.2339837103e-06     1.1628488791e-06 2.14583286016441e-06 1.21506816697795e-06
        0.1691904907      0.0016510129063     1.0956306726e-05     1.3769625694e-06 2.61248862631642e-06 1.19736250697888e-06
       0.17006141529      0.0016598841694     1.1166892432e-05     1.3880953312e-06 3.17437130222023e-06 1.18028344683737e-06
       0.17094107416      0.0016685651752     1.1608728507e-05     1.3626864088e-06 3.82852094974691e-06 1.16346948227051e-06
       0.17181193986      0.0016765789206      1.138287546e-05     1.3525453016e-06  4.5354546998027e-06 1.14724862413574e-06
       0.17269594438      0.0016853588396     1.2221908818e-05     1.3980818612e-06 5.27748471998225e-06 1.13119865744392e-06
       0.17356677722       0.001694072688     1.6594915112e-05      1.601207473e-06 5.99175616643298e-06 1.11579325837396e-06
       0.17444196942       0.001702184919     1.2386653095e-05     1.4158746588e-06 6.65354749924707e-06 1.10069739220966e-06
       0.17531211853      0.0017110765743     1.4045788535e-05     8.4871096611e-07 7.22276639429286e-06 1.08606883088418e-06
        0.1770604224      0.0017278863705     1.2092297094e-05     9.0386939557e-07 8.02084130851367e-06 1.05774318782792e-06
       0.17880534078      0.0017447817003     1.1334370051e-05     8.5918733381e-07  8.3326633363867e-06 1.03081640716294e-06
       0.18055546676      0.0017622885409     9.1396423554e-06     7.4904958064e-07 8.24951874849997e-06 1.00509059251802e-06
       0.18230898263      0.0017792867892     1.0042324503e-05     7.7155551537e-07 7.92407310748957e-06 9.80536017585774e-07
       0.18405891386       0.001796151562     1.1032125565e-05     8.0423050736e-07 7.47858431304414e-06 9.57183019605005e-07
       0.18581400495      0.0018129891682     1.3078759763e-05     8.6056592355e-07 6.94324074434848e-06 9.34852219553634e-07
       0.18756374912      0.0018305149635     1.3059264832e-05     8.5887032376e-07 6.28276712043305e-06 9.13617064371756e-07
       0.18931342344       0.001847462694     1.1852615371e-05     8.0314224201e-07  5.4515311356784e-06 8.93351930546157e-07
        0.1910629934      0.0018641650831     9.4561670703e-06     7.4014351049e-07 4.46114664372883e-06 8.74004734311036e-07
       0.19281245635      0.0018814361358     8.0741230978e-06     7.1072314169e-07 3.39873499270475e-06 8.55526210408379e-07
       0.19456184698       0.001898415041      6.958100236e-06     6.5837690947e-07 2.39798177629497e-06 8.37870915495756e-07
       0.19631111238      0.0019154024331     5.2823742494e-06     5.8877939741e-07 1.58413778135213e-06 8.20993007902168e-07
        0.1980603051      0.0019323776218     3.7014941594e-06     5.0842431629e-07 1.03122368850305e-06 8.04852486523875e-07
        0.1998128921      0.0019493787956     2.4673170806e-06     4.5993030928e-07 7.50091994741921e-07 7.89381025601856e-07
       0.20156013411      0.0019667615587     2.5724965624e-06     4.7845947692e-07 7.10034475581902e-07 7.74618862368234e-07
       0.20331078161      0.0019835117345     2.3208065263e-06     4.4607021841e-07 8.66886069362991e-07 7.60456685052644e-07
       0.20506131777      0.0020003637036     3.0271519458e-06     4.6418660178e-07 1.18654574027728e-06 7.46893116138326e-07
       0.20681033739       0.002017699106     3.8624017174e-06     5.1966194879e-07  1.6431699311074e-06  7.3390834924942e-07
       0.20855905986      0.0020347984658     4.3650327246e-06     5.5417941567e-07 2.20592485810517e-06 7.21464001443195e-07
       0.21030099519      0.0020518883714     5.2708818245e-06     5.9723173615e-07 2.82210960971914e-06 7.09576796922922e-07
       0.21204938592      0.0020685422974     6.1080945233e-06     6.2107102095e-07 3.42590826788239e-06 6.98131083694073e-07
       0.21379766704      0.0020855054712      7.299565557e-06     6.6054335542e-07 3.93803126687512e-06 6.87149080922823e-07
       0.21554585238      0.0021028812237      6.463603627e-06     6.1360861948e-07 4.29589804571339e-06 6.76608344560103e-07
       0.21730048151      0.0021197952489     5.9164677555e-06     5.9049559775e-07  4.4673721529216e-06 6.66450362007508e-07
       0.21904191134      0.0021365640701     5.5108659335e-06     5.8529396883e-07 4.45169969743986e-06 6.56766784314669e-07
       0.22078758864      0.0021540912869     5.0903167113e-06     5.5701795028e-07 4.27352662771278e-06 6.47439074115433e-07
       0.22254189389      0.0021708046384      4.288875822e-06     5.1628452468e-07   3.963830304633e-06 6.38429784428898e-07
       0.22428299409        0.00218772291     3.2697267756e-06     4.5257046322e-07 3.55857556010059e-06 6.29833093512978e-07
       0.22603052534      0.0022045938386     3.1743466829e-06     4.5076495052e-07 3.08202820972219e-06 6.21534186038911e-07
       0.22777796412      0.0022217995651     2.4464480981e-06     4.2245183601e-07  2.5639240683257e-06 6.13550915173341e-07
       0.22953182797      0.0022388545022     2.6889531076e-06     4.2396714394e-07 2.03540825906304e-06 6.05840696594172e-07
       0.23127905473      0.0022556415719     1.7026584624e-06     3.6741612512e-07 1.53899169047473e-06 5.98447267688701e-07
       0.23302614793      0.0022725818536     1.9672750501e-06     3.7282666016e-07 1.11210556377281e-06 5.91328857709828e-07
       0.23477312757      0.0022898564199     1.9338074732e-06     3.7619606773e-07 7.87609597143186e-07 5.84473161677459e-07
       0.23651999278      0.0023067923006     1.9414213981e-06     3.8654832078e-07 5.85351640145034e-07  5.7786850865013e-07
       0.23826674271      0.0023235704627     1.7776499222e-06     3.6627603202e-07 5.09861527646102e-07 5.71503960877355e-07
       0.24001337651      0.0023404372054     7.5218040863e-07     2.9886799242e-07 5.52150477263538e-07 5.65369178714611e-07
       0.24175989333      0.0023578775554     1.9621458778e-06     3.5488640197e-07 6.94127974253104e-07  5.5945490708977e-07
       0.24350629233      0.0023746685044     1.1811809556e-06     3.1521925709e-07 9.11826629955218e-07 5.53750457351613e-07
       0.24525475461       0.002391448701     8.8682545842e-07     3.0810495974e-07 1.17977909902262e-06 5.48240774800104e-07
       0.24699873341      0.0024085413702     1.2198337902e-06     3.1895790398e-07 1.46921402761052e-06 5.42937682161362e-07
       0.24874696114      0.0024255756899     2.0458157706e-06      3.605673171e-07 1.75292674936726e-06 5.37806470527565e-07
       0.25049287538      0.0024423124231     1.6177344139e-06     3.3691875666e-07 2.00199279469364e-06 5.32859031644484e-07
       0.25223213928      0.0024591820843      2.166304983e-06     3.7116116356e-07 2.19187582993276e-06 5.28099134306988e-07
       0.25397781528      0.0024766771087     1.3333936784e-06     3.4331574977e-07 2.30638526837931e-06 5.23484141978179e-07
       0.25572335279        0.00249338082     1.7596750192e-06     3.5104320599e-07 2.33607461048972e-06 5.19025471676143e-07
       0.25746879104       0.002510133932     1.9777307004e-06     3.5385121699e-07 2.28165118621192e-06 5.14716800447867e-07
       0.25921409329      0.0025271174513     1.0392528284e-06      2.947421252e-07 2.15208340882325e-06 5.10552213296093e-07
        0.2609592471      0.0025442532967      1.411548994e-06     3.1440898456e-07 1.96223721018206e-06 5.06525984475125e-07
        0.2627043182      0.0025612965453     1.4242017217e-06     3.2477873104e-07  1.7303452981764e-06 5.02632452776869e-07
       0.26445360048      0.0025782555565     1.0514680961e-06     2.9445821444e-07 1.47536608924736e-06 4.98857287711132e-07
       0.26619185069      0.0025948087952     8.1445134152e-07     2.7505504655e-07 1.21912346521283e-06 4.95227666246022e-07
        0.2679365091      0.0026120124777     9.9666983797e-07     2.7811236774e-07 9.77530964303552e-07 4.91702085813287e-07
       0.26968104257      0.0026291618622     7.0561900798e-07     2.6615129624e-07 7.67935952671013e-07 4.88289784806337e-07
       0.27142543978       0.002645792066     9.3967650863e-07     2.8909083589e-07 6.03396188136155e-07 4.84986390349713e-07
       0.27317624336      0.0026628139396     4.3717382343e-07     2.4869889721e-07 4.92301891487011e-07 4.81776032131892e-07
       0.27492039669      0.0026797750762     9.6168883092e-08     2.1964151636e-07 4.38968259014558e-07 4.78678604979051e-07
       0.27666439525      0.0026967331907     4.7047905041e-07     2.3764875193e-07 4.41091716283914e-07 4.75678239664952e-07
       0.27840825896      0.0027134567033     2.8368527041e-07     2.3091138026e-07 4.92179771124223e-07 4.72771264720448e-07
       0.28015198698       0.002730487146     3.9647386392e-07     2.4855475421e-07 5.82161668121898e-07 4.69954228902871e-07
       0.28189557845       0.002747773366     1.7008162064e-07     2.2377483315e-07 6.98622100176261e-07 4.67223802920625e-07
       0.28363903253      0.0027644112978      2.022071843e-07     2.2047854124e-07 8.28109095736021e-07 4.64576753902233e-07
       0.28538234838      0.0027772293468     4.1557853713e-07     4.4109690379e-07 9.57327865376438e-07 4.62009832243763e-07
        0.2871342525       0.002785955991     5.0622732552e-07     4.5729479648e-07  1.0746318994211e-06 4.59507873164556e-07
       0.28886856193      0.0027946205108     4.9189992637e-07     4.6458231098e-07  1.1679716656965e-06 4.57105114867837e-07
       0.29061145795      0.0028033532696       7.32984385e-07     4.9157619301e-07  1.2311042153842e-06 4.54762152019428e-07
       0.29236293759      0.0028121543892    -1.8562119354e-07      3.665084816e-07 1.25883183741179e-06 4.52477478163387e-07
       0.29410554876      0.0028209359323     8.6183927873e-07     5.0411689893e-07 1.24945357696485e-06 4.50271529440181e-07
       0.29584801659      0.0028297414413     6.3688274652e-07     4.7571395108e-07 1.20540519125527e-06 4.48130012006009e-07
       0.29759034023      0.0028385706761     1.3310420913e-06     5.5150678059e-07 1.13144871277841e-06 4.46050872320736e-07
       0.29933251882      0.0028474233987      1.820608134e-07     4.1325287327e-07 1.03464601741829e-06 4.44031938515027e-07
       0.30107455152      0.0028562993737     1.9405410969e-07     4.1340158346e-07 9.23439057643362e-07 4.42071137635042e-07
       0.30281643749      0.0028651983678     -6.069653557e-07     2.7890987914e-07 8.06816425480338e-07 4.40166457332605e-07
       0.30455817587      0.0028741201498     2.0609665839e-07      4.121644162e-07 6.93550617396592e-07 4.38315985391154e-07
        0.3062997658      0.0028830644908     1.0217523344e-07     3.9539339252e-07 5.91542483756099e-07 4.36517878293314e-07
       0.30803250855      0.0028919863218     4.5070887625e-07     4.4163616232e-07 5.07656852661446e-07  4.3477897458006e-07
       0.30977379982      0.0029009749933    -1.1779836967e-07     3.5930856216e-07 4.45729054657477e-07  4.3308012141569e-07
       0.31152365726      0.0029100307202     1.1604563252e-07     3.9289849611e-07 4.08755799135273e-07 4.31420389952933e-07
       0.31325592857      0.0029190177763     2.4233176794e-07     4.0911896086e-07 3.97602232255722e-07 4.29822646327899e-07
       0.31500547997      0.0029281168331     7.0319668918e-07     4.6890186687e-07 4.10483054852667e-07 4.28253237277627e-07
       0.31673744661      0.0029371463556     3.6523717328e-07     4.2437838222e-07 4.43817438796966e-07 4.26741969617921e-07
       0.31848668857      0.0029462878743      2.562148894e-07     4.0840071064e-07 4.93492931560462e-07 4.25257042769095e-07
        0.3202183679       0.002955359121     2.6851170359e-07     4.0875290304e-07  5.5288032275712e-07 4.23826679709411e-07
       0.32196727626      0.0029645421416     3.8304191928e-07     4.2300773983e-07 6.17039565756472e-07 4.22420846485179e-07
       0.32369864417      0.0029736541698     2.7321372934e-07     4.0747292839e-07  6.7872786721658e-07 4.21066244412798e-07
       0.32544723627      0.0029828779661     5.5911930245e-08     3.7547558703e-07 7.33677478897101e-07 4.19734486169057e-07
       0.32717828936      0.0029920299576    -2.8543928053e-07     3.1728735246e-07 7.76276936493069e-07 4.18450878981147e-07
       0.32892656179      0.0030012937113     1.0883757795e-06     5.0638700114e-07 8.04020833410326e-07 4.17188551879967e-07
       0.33066600524      0.0030105311618     5.3014697532e-07     4.3927218522e-07  8.1444347747401e-07 4.15965476653403e-07
       0.33239655907      0.0030197414888     7.3393616189e-08     3.7402926865e-07 8.07347231180402e-07  4.1478018473673e-07
       0.33414436634      0.0030290637901      5.475778395e-07     4.4038825102e-07 7.83483133504327e-07 4.13614019606485e-07
       0.33587459693      0.0030383121039      2.161319657e-06     6.1667381978e-07 7.45582116767286e-07 4.12489246921279e-07
         0.337622076      0.0030476723868    -1.7063882852e-08     3.5649958019e-07 6.96218498888817e-07 4.11382324367621e-07
        0.3393520007      0.0030569580353     7.9561096615e-07     4.6943182323e-07 6.40387867041377e-07 4.10314391429541e-07
       0.34109912745       0.003066355425     5.6961877687e-07     4.4020070746e-07 5.81411322558687e-07 4.09263141188726e-07
       0.34282872217      0.0030756775489    -2.2706882625e-07     3.1881148889e-07  5.2485265867217e-07  4.0824863650085e-07
       0.34456683269      0.0030850644764     1.0826352333e-08     3.5939294859e-07  4.7392141015139e-07 4.07254624070773e-07
       0.34629607417      0.0030944221416     1.3175432396e-07     3.7746851791e-07 4.32534030529926e-07 4.06290258341876e-07
       0.34805122861      0.0031039388683      7.058489677e-07     4.5540967899e-07 4.02599919777173e-07 4.05335799221378e-07
       0.34978015324      0.0031133317568     2.5763506926e-07     3.9583502586e-07 3.86520253147612e-07 4.04418831174653e-07
       0.35151758693      0.0031227890865     7.2448669044e-07     4.5815441763e-07 3.84160932175861e-07 4.03519932715559e-07
        0.3532548493      0.0031322635741      1.490316556e-07     3.7935516877e-07 3.94909265041552e-07 4.02643064440817e-07
       0.35499193949      0.0031417550458     2.7731321536e-07     3.9759757523e-07 4.17017996150791e-07 4.01787608297657e-07
       0.35672885666      0.0031512633297     2.7793962649e-07      3.976217034e-07 4.47897021597942e-07 4.00952914352762e-07
       0.35846559997      0.0031607882558     6.3419119207e-07     4.4639118575e-07 4.84350911392625e-07 4.00138400881746e-07
       0.36020216857      0.0031703296554     3.9712879121e-07     4.1529575121e-07 5.22860044075363e-07 3.99343454811443e-07
       0.36193856161      0.0031798873618     1.4297597026e-06      5.386771611e-07 5.59874501311631e-07 3.98567548641245e-07
        0.3636661272      0.0031894134642    -7.2487166244e-08     3.4285658652e-07  5.9196283875497e-07 3.97813839227143e-07
       0.36541081763      0.0031990510362     4.9881287014e-07      4.282035433e-07 6.16789078399422e-07 3.97070640337336e-07
       0.36713802965      0.0032086087753     3.1131914583e-08     3.5918700613e-07 6.31836701810545e-07 3.96352153723806e-07
       0.36888236127      0.0032182779772     4.8592884649e-07     4.2585198451e-07 6.36236540482362e-07 3.95643524399836e-07
       0.37060921635      0.0032278667152     2.0838869069e-08     3.5799626137e-07 6.29685361598168e-07 3.94958300225045e-07
       0.37235322712      0.0032375671395     1.3365920738e-07      3.760013187e-07  6.1277292764387e-07 3.94282309689034e-07
       0.37408836756      0.0032472344606     1.5056316613e-06     5.4697562714e-07 5.87241615135051e-07 3.93625286967867e-07
       0.37582332568      0.0032569168126     9.2611953179e-07     4.8225419853e-07 5.55282830830441e-07 3.92983407114298e-07
       0.37755810062      0.0032666140428     6.9491142301e-07     4.5501208653e-07 5.19609017271205e-07 3.92355857537784e-07
       0.37929269154      0.0032763260004     5.7233683238e-07     4.3917154291e-07 4.83222026411855e-07 3.91743454107398e-07
       0.38102709761      0.0032860525359     1.1393419646e-06     5.0852928594e-07 4.49003043107584e-07 3.91144535687064e-07
       0.38276131796      0.0032957935014     1.0122033842e-07     3.7364230132e-07 4.19604210582034e-07 3.90559163398359e-07
       0.38449535177      0.0033055487504     3.2909847809e-07     4.0793651122e-07 3.97169338245494e-07 3.89986972850571e-07
       0.38622919817      0.0033153181379     6.6733644196e-07     4.5286267116e-07 3.83173420822942e-07 3.89427607849072e-07
       0.38796285633      0.0033251015203     8.9433014974e-07     4.8180140438e-07 3.78316395909796e-07 3.88880724570545e-07
       0.38969632541      0.0033348987554      4.230749973e-07     4.2198139365e-07  3.8248605657907e-07 3.88345989436037e-07
       0.39143828224      0.0033447588583     7.7871473311e-08     3.7410569631e-07 3.94873452398516e-07 3.87820492263926e-07
       0.39316269291      0.0033545342224     7.1172781711e-08     3.7363320683e-07  4.1367656364571e-07 3.87311682978716e-07
       0.39489558965      0.0033643721769    -1.6107484779e-07     3.3746119462e-07 4.37055773624688e-07 3.86811494277153e-07
       0.39662829393      0.0033742234295     6.6659111533e-08     3.7503487488e-07 4.62535438851473e-07  3.8632222228623e-07
       0.39836947873      0.0033841372669     6.0576635454e-08     3.7497174086e-07 4.87744411376383e-07  3.8584121015103e-07
       0.40009312169      0.0033939652891     2.8173587098e-07     4.0932839294e-07  5.0995641522485e-07 3.85375290010033e-07
        0.4018252435      0.0034038556297    -6.8090233991e-08     3.5822735625e-07 5.27499880741838e-07 3.84917085437549e-07
       0.40355716946      0.0034137587353     2.7436783243e-07     4.1029322339e-07 5.38721052590932e-07 3.84468707521924e-07
       0.40528889874      0.0034236744759     3.6383099591e-08     3.7645064496e-07 5.42704702518368e-07 3.84029903078687e-07
       0.40701180283      0.0034335532201     3.1359327438e-08     3.7807997766e-07 5.39275950051934e-07 3.83603071658824e-07
       0.40875176384      0.0034435433486     7.2025034319e-07     4.7249423372e-07 5.28865467489039e-07 3.83183267322982e-07
       0.41047427232      0.0034534466022    -2.0380716815e-07     3.4394318401e-07 5.13053109224952e-07 3.82783866477965e-07
       0.41221383207      0.0034634612333    -3.2449326229e-07     3.2570813949e-07 4.93797734843068e-07 3.82408158669966e-07
       0.41393594158       0.003473388499    -2.2173327865e-07     3.4425791601e-07  4.7424534445987e-07 3.82079357409094e-07
       0.41567513792      0.0034834273735     4.7407360277e-07     4.4736431284e-07  4.5644940027997e-07 3.81804069621042e-07
       0.41740546674      0.0034934280256     1.1871410199e-07     4.0137479007e-07 4.41993391636326e-07 3.81590116820922e-07
       0.41912693025      0.0035033901595    -9.1912373165e-07     2.0742872649e-07 4.30967806012732e-07 3.81430187622216e-07
