# intensity: 0.952160035374305
# background: 0
#           Q (1/A)             dQ (1/A)                    R                   dR               theory              fresnel
  0.0100976750254631  0.00067742695169725     0.93124911323173  0.00862415072380786     0.94957845660506    0.511498176925118
  0.0105422083288431 0.000678825016780911    0.947038219250378  0.00874612473448181    0.948434881663112    0.414472386928092
  0.0109720593318343 0.000680189343325096    0.942354168621822  0.00870015096257847    0.946741722254808    0.313724023477135
  0.0114165619015694 0.000681612875590641    0.946147815501342  0.00872741042374874    0.944189919134207    0.219086590920415
  0.0118434829637408 0.000682992211542529     0.94113785878033  0.00869056615801293     0.94081703884271    0.150973088710505
  0.0122879669070244 0.000684440842934015    0.950002422670989  0.00876709131881987    0.936136756188313    0.105299187929546
  0.0127207692712545 0.000685863614132267    0.948261858536957  0.00873480166214589    0.930074886527717    0.078070743992385
  0.0131652429699898 0.000687337225252565    0.922049570416205  0.00854949561999018    0.921707721820637   0.0600647948732222
  0.0136009994894266 0.000688794102557294    0.914354083329627  0.00849324673824857    0.910561665724458   0.0479444943070536
   0.014045431278646 0.000690292324353243    0.903133516284981  0.00840696366798832    0.894977687023245   0.0389417064144278
  0.0144841149449348 0.000691783314560724    0.874346399966104   0.0082245978922931     0.87377007458745   0.0322380921998272
  0.0149285960942507 0.000693306240439559    0.838453592857205  0.00794407795677243    0.844124924193538   0.0269776415612627
  0.0153584899380803 0.000694790829357171    0.812734662792899  0.00777372162116445    0.804971734184111   0.0229498143495357
  0.0158058758825064 0.000696347874458707     0.74130477484216  0.00722426888008932    0.750166896973301    0.019579117746355
  0.0162357520312071 0.000697855482416992     0.67045621613384  0.00671327826880056    0.681425977576214   0.0169401756397357
  0.0166802443563938 0.000699426186670984    0.591525446996473  0.00612721112464954     0.59280817679679   0.0146891556193832
  0.0171130411326885 0.000700966961023595    0.475386311041537  0.00523255764363016    0.491697601686472   0.0128643703362581
   0.017560450360179 0.000702571553304792    0.372946012202883  0.00443816910617917    0.378809064918912   0.0112806369000993
  0.0179932322353125  0.00070413502353447    0.267906748090492  0.00358082214890883    0.272140117236409  0.00998448994389302
  0.0184377077966929 0.000705626687507985    0.171668765252974  0.00270715959558421    0.177437843108436  0.00884941855918662
  0.0188646260648966  0.00070617853063474     0.11058454572889  0.00211337857362894    0.109614450612647  0.00791277588923468
  0.0193120259791613 0.000706769957800285   0.0720097300352674  0.00167285249287101   0.0669229107915579  0.00706542297505853
  0.0197477731853724 0.000707358790858601    0.061388383689342  0.00153405059584355   0.0511045733661011   0.0063500290173367
  0.0201951861381531  0.00070797654728476   0.0618670039554854  0.00153913410418245    0.054662165570877  0.00571084136473833
  0.0206309147179127 0.000708590904953071   0.0710467625468238  0.00164739127783172   0.0696947553390804  0.00516601117501934
  0.0210695490241051 0.000709222074844039   0.0881360856284563  0.00185667107189336   0.0895077147335031  0.00468463304899144
  0.0214994288980961  0.00070985298771859    0.105712900714044  0.00207021457418792    0.108769705496644  0.00426818285785371
  0.0219438672065735 0.000748336039097617    0.114271598341552  0.00119455010819887    0.125047838135372   0.0038932938041242
   0.022826986387372  0.00075411147359409    0.133882521254535  0.00130159723754277    0.145176042394619  0.00325625913647059
  0.0236926041543484  0.00075982342121702    0.142154104482979  0.00134188022251288     0.14772136128908  0.00275418364103763
  0.0245756395161152 0.000765606267914612    0.135284269773611  0.00128523629718637    0.136004590977964  0.00233905597017342
  0.0254470705986023 0.000771670225071481    0.118046843737756  0.00116276930699132    0.114992008210287  0.00200466910534236
  0.0263243243098259 0.000777168972334025   0.0922130510145352 0.000983205476991476   0.0893085996033453  0.00172722124224532
  0.0272073857486248 0.000783105475291465    0.069141724126706 0.000817271621782076   0.0633950074569672  0.00149549851352523
  0.0280759036540985 0.000789365493087507   0.0446861819689107 0.000624230371706679   0.0413184104486907  0.00130485227180141
  0.0289560649544001 0.000794791506567709   0.0253876976220391 0.000451518179591262   0.0245077546352319  0.00114206283991463
  0.0298362318426371 0.000800775189624985   0.0136551252278589 0.000322009292374698   0.0139176337572519  0.00100420895031188
  0.0307105109095573 0.000807142585095483  0.00751250936378801 0.000234027142282274  0.00890302034753528  0.00088751924266617
  0.0315906777977943 0.000812860029862949  0.00719943567005599 0.000226433356378762  0.00793371393142914 0.000786855379971859
  0.0324679352343082 0.000819292721923696  0.00758370521811663 0.000205151662514663  0.00932963620293269 0.000700490404620455
  0.0333451293408871 0.000825488093596388   0.0107466877482524 0.000243584764137924   0.0115341224992855 0.000625776295087934
  0.0342194251716137 0.000831115046966385   0.0137013402991662 0.000273661219649434   0.0134042710397701 0.000561053792764863
  0.0350995548069477 0.000837518709627387   0.0158814080025576 0.000293586039348406   0.0142921005889588 0.000504214300698644
  0.0359680019319057 0.000843431954410153   0.0157730181201977  0.00028905394112798   0.0139686121636598 0.000455071203778247
   0.036848146468401 0.000849796571667517   0.0146090652247543 0.000276269208454799   0.0125349352608313 0.000411277947586454
  0.0377136319875717  0.00085614778746012  0.00979029471755316 0.000201360302714875   0.0103578953933789 0.000373275171006979
  0.0385996252298355 0.000862065017070651  0.00757553208024251 0.000174638043004409  0.00776599024412632 0.000338842262196762
  0.0394767932593822 0.000868340491646754  0.00540158150313791 0.000145457947915826  0.00525419428333637 0.000308603336319109
  0.0403481386601925 0.000874611275887601  0.00283433745361905  0.00010373226200909   0.0031416498102514 0.000281855094502538
  0.0412253364920616 0.000880786319723745  0.00128704629684119 6.93355014269003e-05  0.00160237840526468 0.000257811449135146
  0.0421054288744927 0.000887425702012479  0.00040544865594708 3.90646700294597e-05 0.000714303540126874 0.000236226948728124
  0.0429767481982708 0.000893586778150346 0.000256411905247594 3.12555708927451e-05 0.000422953740528989 0.000217050074052534
  0.0438642874360085 0.000899924351854793 0.000504528185814026 2.09669257414046e-05 0.000577562799105489 0.000199487066954551
  0.0447332412004471 0.000906475510130052  0.00103260361610264 3.42615759746028e-05 0.000981497311980483 0.000183989159090465
  0.0456104166805744 0.000912396652768722   0.0016307718067498 4.27651936811048e-05  0.00145398124838306  0.00016984908614588
  0.0464897826313972 0.000919015127611866  0.00223448935078351  4.9621352271978e-05  0.00183830789268337 0.000157019282175079
  0.0473691187798977  0.00092565149483967  0.00243660675347302 5.14398884092591e-05   0.0020341831480008 0.000145384036379976
  0.0482462495565414 0.000931842306493361  0.00237729900579418 5.04832849746871e-05  0.00200635836591786 0.000134836801795456
  0.0491189770400524 0.000938566988199218    0.001769724710851 4.08655526862124e-05  0.00177843927700478 0.000125279675869974
  0.0499983131885529 0.000945057884704744  0.00140454900114673 3.59829926883125e-05  0.00141063563844319 0.000116496367406815
  0.0508732311427593 0.000951403684727918 0.000986610567679581 2.97792191801564e-05 0.000993057096045865 0.000108510059202431
  0.0517459735274315 0.000958135111712913 0.000588773480997378 2.28880204347431e-05 0.000612204896673599 0.000101217205373614
  0.0526274517178535 0.000964139554650299 0.000288771996986586 1.60474842404083e-05 0.000336152236114302 9.44646583164005e-05
  0.0535089559853077 0.000970903730805656 0.000159870926504618 1.20131039092111e-05 0.000214455236797935  8.8268180010821e-05
  0.0543794669210911 0.000977649995093721  0.00020266867272996 1.32813695579776e-05 0.000256967400935106 8.26415919794597e-05
   0.055258747190237 0.000984049102154695 0.000424026959550512 1.77925853716899e-05 0.000443565501142721 7.74076791902187e-05
  0.0561380349099636 0.000990847048188195 0.000732091805536619 2.32874376214759e-05 0.000729440092898016  7.2583211828839e-05
  0.0570129118859768 0.000997275682231908   0.0010931797481838  2.8411553650038e-05  0.00105358498118198  6.8151407067409e-05
  0.0578943639993668  0.00100375239202806  0.00135869284659102 3.15531692966417e-05  0.00135889624338924 6.40242552178366e-05
  0.0587779954075813  0.00101082977184141  0.00166414252508605  3.4881433407966e-05  0.00159037531209623 6.01968495111945e-05
  0.0596550591289997  0.00101729171641335  0.00175379568565181  3.5659950691851e-05  0.00171057841041127 5.66771794682276e-05
  0.0605233274400234  0.00102390970928621  0.00183396767123933 3.63519019572081e-05  0.00170739140494311 5.34434979579839e-05
     0.0614003688097  0.00103077829480707  0.00154713803562099 3.14277082230204e-05  0.00158698291937451 5.04087571928333e-05
   0.062277402728796  0.00103697127274774  0.00125724967858225 2.80355469096779e-05   0.0013728190809475 4.75868652830363e-05
   0.063158817589283  0.00104405293592178 0.000997726401314707  2.4721306288123e-05  0.00109917163872727 4.49477563110459e-05
  0.0640402138233185  0.00105081682540998 0.000751487265896993 2.12510654869015e-05 0.000808293338766527 4.24894889556214e-05
  0.0649194270372391  0.00105726679861715 0.000456864705209044 1.63491518830624e-05 0.000539764999969889 4.02028216372536e-05
  0.0657898336648941  0.00106444962209825 0.000291007173557588 1.29833220915659e-05 0.000325352371750942 3.80891453475803e-05
  0.0666624680161476  0.00107103991464231 0.000144507733083991 8.66666510380245e-06 0.000179811096699931 3.61079840682045e-05
  0.0675394311547279  0.00107763749096385 0.000101833999430655 7.27416313944906e-06   0.0001086576584677 3.42454069536362e-05
  0.0684208050370217   0.0010846237649757 0.000109339770129026 7.48277474341955e-06 0.000105657276088587 3.24932250367216e-05
  0.0692999586462975  0.00109121523214668 0.000197505751566912 9.95677536607525e-06 0.000154015838725011 3.08558427675254e-05
  0.0701782405376434  0.00109792221169483 0.000293699709126666 1.08161559238738e-05  0.00023110536477738  2.9322004829469e-05
  0.0710429102182388  0.00110485252177017 0.000314817659725223  2.4668309078921e-05 0.000312288925618832 2.79041880213835e-05
  0.0719198510050774  0.00111150606596811 0.000445851817203578 2.92221192186519e-05 0.000379902535874294 2.65528968776866e-05
  0.0727967917919159  0.00111852138844311 0.000438033735692377 2.76863266144777e-05 0.000418446246431016 2.52826576331957e-05
  0.0736737176775932  0.00112519569680108  0.00047157808585938 2.85582267291665e-05 0.000421282714600883 2.40875969590559e-05
  0.0745681747794151  0.00113216286526392 0.000397474395668184 2.61559011223326e-05 0.000388529803384461 2.29406586698392e-05
  0.0754450783133507  0.00113920712287221 0.000305831181595133  2.2850965220598e-05 0.000329238191018186 2.18818232908325e-05
  0.0763219818472862  0.00114591168002909 0.000205801557645289 1.86916980607079e-05 0.000255061686235424  2.0883455380922e-05
  0.0771813243627548  0.00115287947569642 0.000154409644850908 1.61831923369152e-05 0.000180988593515801 1.99598471261207e-05
  0.0780582129955292  0.00115995043896523 9.04659065901447e-05 1.19018995649804e-05 0.000116337599919654 1.90695741131152e-05
  0.0789350792765617  0.00116636219292278 3.97715357237387e-05 8.17245397986894e-06 7.20084663905496e-05 1.82284290865996e-05
  0.0798207074403763   0.0011734986173426 1.74146402792219e-05 5.76325998534662e-06 5.28399951831469e-05 1.74255785622379e-05
  0.0806975588202477  0.00118024949446208 3.44626483228305e-05 7.57283374656378e-06 5.90949144541723e-05  1.6673900262988e-05
  0.0815744027495384  0.00118700933163588 6.14549502391355e-05 9.78768321740443e-06 8.57871919712189e-05 1.59622890019185e-05
  0.0824512392282486  0.00119428238340637 0.000117464292884958 1.32082639891367e-05 0.000125163874652073 1.52883370288552e-05
  0.0833280608057976  0.00120124450218124  0.00016395570232214 1.54443585583384e-05 0.000167875001976475 1.46496294703096e-05
  0.0842048674821853  0.00120802952321552 0.000180453557118768 1.55812237818113e-05 0.000204851431108622 1.40439832668137e-05
    0.08507289737463  0.00121511808481916 0.000185650721619041 1.56961887211175e-05  0.00022867300639689 1.34749849114173e-05
  0.0859496966004372    0.001221760686512 0.000192869110843379 1.59773393423753e-05 0.000235552852085553 1.29292217539907e-05
  0.0868264585733414  0.00122891263637903 0.000191908054454346 1.58592796765601e-05 0.000224244423020632 1.24108946062444e-05
  0.0877032354474068  0.00123607152457966 0.000149062705197457 1.39929857239275e-05 0.000197163154238946 1.19183113208316e-05
  0.0885799899697304  0.00124273809228345 0.000119160176616683 1.24885544521643e-05 0.000159328632800068 1.14499534871921e-05
  0.0894567370414734  0.00125006875542493 9.09775615286178e-05 1.04647523223046e-05  0.00011728230125409   1.100443600904e-05
  0.0903422459959984  0.00125682581535668 7.04351275968331e-05 9.23991341016138e-06 7.75152859403859e-05 1.05762523653977e-05
  0.0912189707159996  0.00126382955528311 3.82946927841156e-05 6.91568752076741e-06 4.68142611402974e-05 1.01726704042676e-05
  0.0920956805348396   0.0012710231053704 2.78505261134124e-05 5.93855248593272e-06 2.88610970577649e-05 9.78819220824965e-06
  0.0929723829030991  0.00127772714889505 5.21022136985373e-05 7.84844661828113e-06 2.53443602521503e-05 9.42172124752208e-06
  0.0938490852713585  0.00128493377738948 7.60938812604537e-05 9.35472443832366e-06 3.54994033337506e-05 9.07227674301945e-06
  0.0947257727384568  0.00129230257205044 7.87563110564165e-05 9.45780481611336e-06 5.63565958134177e-05  8.7389122687025e-06
  0.0956024304032326  0.00129902723691128 0.000132080257069999   1.171600593266e-05 8.34375466072061e-05 8.42073173675046e-06
  0.0964703261852264  0.00130620234774813 0.000156083551060735 1.26587991173331e-05  0.00011134665296787 8.11989733614591e-06
  0.0973469614982605  0.00131294048899843 0.000192056255180765 1.39778712258177e-05 0.000135770156755823 7.82955841310415e-06
  0.0982236117124558  0.00132002193155174 0.000198513154188767 1.41489329512934e-05  0.00015247892179397 7.55209880649541e-06
  0.0991002172231674   0.0013274195538755 0.000179966265750087 1.34128870487093e-05 0.000159054233637317 7.28685442345238e-06
  0.0999768376350403  0.00133417678902112  0.00016346071748318 1.27532466832207e-05 0.000154869734621199 7.03314983474431e-06
   0.100853428244591  0.00134143048855026  0.00015368719281497 1.19493380567617e-05 0.000140965488866772 6.79041978639167e-06
   0.101738780736923  0.00134858510987276 0.000131353433577323 1.10348722428501e-05 0.000119546779269226 6.55581349682111e-06
   0.102615356445312  0.00135536105935888 8.17252243948509e-05 8.70950368052169e-06 9.43442194875137e-05 6.33342668074404e-06
    0.10349190980196  0.00136263101275791 7.95417140126893e-05 8.56708399888852e-06 6.86994173183063e-05 6.12041557873544e-06
   0.104368470609188  0.00136988040036059 3.80010495833143e-05 5.97442753247328e-06 4.57949876402828e-05 5.91629055618017e-06
   0.105245001614094  0.00137685294440525 3.34080622262107e-05 5.60645377152658e-06 2.80052408958291e-05 5.72061599805609e-06
   0.106121525168419  0.00138413791164787 2.77124818368399e-05  5.1224138761382e-06 1.66285567277195e-05 5.53297859337152e-06
    0.10698926448822  0.00139073842206912 1.33739965544734e-05 3.55440003922034e-06 1.18100949300906e-05 5.35473024389629e-06
   0.107874527573586   0.0013980587517733 2.28008212755051e-05 4.49699571935825e-06 1.26189266221658e-05 5.18024200512493e-06
   0.108742244541645  0.00140530763127475 2.08609809428127e-05 4.31517736269315e-06 1.74043184544619e-05 5.01605673974904e-06
   0.109618715941906  0.00141212827907662  2.6071156980143e-05 4.76781272119242e-06  2.4256352221875e-05 4.85677043333281e-06
   0.110495172441006  0.00141943730182185 3.43214691508308e-05 5.40214617521587e-06 3.11579968679331e-05  4.7038783968171e-06
   0.111371606588364  0.00142675070295404 3.79650140371209e-05 5.66504401472248e-06 3.64738209263418e-05 4.55678733632369e-06
   0.112256810069084  0.00143363777179425 2.58000497470681e-05 4.74720521127102e-06 3.91845304289196e-05 4.41408821830941e-06
   0.113141991198063  0.00144116338968404 3.23477694659857e-05 5.25225740810336e-06 3.88638284927602e-05 4.27694449781525e-06
   0.114018388092518  0.00144818628965503 2.05137797660455e-05 4.12821785633081e-06 3.58826747676195e-05 4.14636776656768e-06
   0.114894777536392  0.00145518874809312 2.86433738757027e-05 4.75074785201616e-06 3.10695726722634e-05 4.02074188762706e-06
   0.115771144628525  0.00146252388862738 1.51329680179255e-05 3.60461942426952e-06 2.55196958346936e-05 3.89984744765703e-06
   0.116647519171238   0.0014695353765854 7.98850465172275e-06 2.81873537415311e-06 2.03518323174287e-05 3.78346275194271e-06
   0.117523863911629  0.00147672765959541 9.23432034293212e-06 2.96524560148011e-06 1.64804031462991e-05 3.67139637007825e-06
   0.118382669985294  0.00148397153466177 5.64181082697015e-06 2.51295218534107e-06 1.44707483908875e-05 3.56557358641652e-06
   0.119258977472782  0.00149099586792888 1.02703703725521e-05 3.08210516928832e-06 1.43382522697936e-05 3.46149739594662e-06
    0.12013528496027  0.00149835063043001 1.27652537336384e-05 3.34753194662427e-06 1.58222025341576e-05 3.36119680292189e-06
   0.121011562645435  0.00150538329083702 1.46099499888479e-05 3.53645805989152e-06 1.82692515170794e-05 3.26450640173751e-06
   0.121887840330601  0.00151259522077693 2.55395619199694e-05 4.44208821147479e-06 2.08594029077868e-05 3.17127132722494e-06
   0.122764103114605  0.00151996104208497 2.01072248285973e-05 4.03195498326807e-06 2.27835645350361e-05  3.0813458074737e-06
   0.123640343546867  0.00152670613242066  2.9906127845852e-05 4.46235459753822e-06  2.3417530496587e-05 2.99458591618301e-06
   0.124516569077969  0.00153422894393587 2.21695892734605e-05  3.8828736180684e-06 2.24376731459768e-05 2.91086724419311e-06
   0.125392779707909   0.0015414559069136 2.61679968313305e-05 4.14184396565624e-06  1.9894665244867e-05 2.83005465322317e-06
   0.126268982887268   0.0015483629246354 2.15493856124721e-05 3.78008244099132e-06 1.61879475702841e-05 2.75202798702239e-06
   0.127145171165466  0.00155589541842682 1.45802751789359e-05 3.17066201406761e-06 1.19881924860651e-05 2.67667823818851e-06
   0.128021329641342  0.00156310800950646 8.89877707366889e-06   2.580895396889e-06 8.10887997142354e-06 2.60389183786202e-06
   0.128897488117218  0.00157005129024599 1.24276053926695e-05 2.93039538925548e-06  5.3473081723976e-06  2.5335635299175e-06
   0.129773616790771  0.00157759303995186 1.35845397919506e-05 3.02111942469229e-06 4.34276096904514e-06 2.46560020876226e-06
   0.130649745464325  0.00158466732140133 2.14097075743643e-05 3.65894558995767e-06 5.44733926863349e-06 2.39990001144012e-06
   0.131525844335556  0.00159191816304282 1.19872705511626e-05 2.84125616897436e-06  8.6743894263446e-06 2.33637751500512e-06
   0.132401943206787  0.00159929567148226 1.57086392555461e-05 3.16244582280388e-06 1.36843360582918e-05  2.2749457489903e-06
   0.133277997374535  0.00160625680943746 2.23035168900952e-05 3.68805291945022e-06 1.98428834534534e-05 2.21552190680702e-06
   0.134162828326225  0.00161354536709602 2.82642093331064e-05   3.944075672574e-06 2.63922235248085e-05 2.15746248140802e-06
    0.13503885269165  0.00162080903959366 3.61908087897952e-05 4.41490838670224e-06 3.23139759197729e-05 2.10184252200479e-06
   0.135914877057076  0.00162807554115022 3.39751142655316e-05 4.27265029429077e-06 3.68753315101712e-05 2.04800442633792e-06
   0.136790886521339  0.00163546789554424 3.88019431898143e-05 4.53930860248971e-06  3.9480740989608e-05  1.9958814103028e-06
   0.137675642967224  0.00164264577956415 4.49942477706998e-05  4.8554040919641e-06 3.98154974370723e-05 1.94491155124726e-06
   0.138542860746384  0.00164984378979494  3.4317057565356e-05  4.2610702207491e-06 3.79116953207766e-05 1.89649162647763e-06
   0.139418810606003  0.00165741573655925 3.20623470780154e-05 4.11408921324427e-06 3.40669821777304e-05 1.84916949004576e-06
   0.140294745564461  0.00166440287195811 2.40956413752926e-05 3.60431937217315e-06 2.88527997682343e-05 1.80328129280969e-06
   0.141170665621758  0.00167151542392303 2.05681349982049e-05 3.33313330468981e-06 2.29676352000185e-05 1.75880952160199e-06
   0.142046570777893  0.00167894836386554 2.43305668289314e-05 3.57774695819366e-06 1.71480092358793e-05 1.71570271704611e-06
   0.142922461032867  0.00168606659084382   1.466371381439e-05  2.8358460912274e-06 1.20510806449329e-05 1.67390895706276e-06
   0.143798321485519  0.00169350446856066 1.31908167948114e-05 2.69365998693478e-06 8.16809670876834e-06 1.63338292426968e-06
   0.144674181938171  0.00170094459460948 8.90407491265385e-06 2.14355620027897e-06 5.76337321875714e-06 1.59407645704224e-06
   0.145541250705719  0.00170787184435432 7.17810276266604e-06 1.95233746891043e-06 4.86036114324934e-06 1.55632190783128e-06
   0.146417081356049  0.00171531685148057  9.3453364395899e-06 2.17274361012481e-06 5.24772681347011e-06 1.51931555499482e-06
   0.147292882204056   0.0017224486488628 5.46833893453264e-06 1.74094618557192e-06 6.57538109807494e-06 1.48340379103563e-06
   0.148168653249741  0.00172989819739524 1.14290920613481e-05 2.35543460989227e-06 8.38627811748928e-06 1.44854917663919e-06
   0.149044424295425  0.00173734987938838 8.41308484396252e-06 2.06048536755495e-06 1.02102777460828e-05 1.41471267201276e-06
   0.149920165538788  0.00174419876859413 5.86690797340402e-06 1.76638744674924e-06 1.16426064612719e-05   1.381858733018e-06
   0.150795891880989  0.00175165512134783 7.12821700756676e-06 1.89726029665041e-06 1.23969019156475e-05 1.34995523661776e-06
   0.151671603322029  0.00175879949074851 1.08530084614666e-05 2.26179490414899e-06 1.23418426046135e-05  1.3189674008442e-06
   0.152547284960747  0.00176611531211526  8.7591091246736e-06 2.04685915242501e-06 1.14993020764189e-05 1.28886573256112e-06
   0.153427362442017  0.00177374943790918 6.87048256466045e-06 1.31011554205939e-06 1.00157953967372e-05 1.25947405232132e-06
    0.15429861843586  0.00178072933290562 5.22614165053485e-06 1.16716091069219e-06 8.16280665047215e-06 1.23119661446063e-06
   0.155174240469933  0.00178812385434548  2.3751360539347e-06 8.78794819060013e-07 6.19541707779853e-06 1.20357366704268e-06
   0.156054243445396  0.00179569150651457  9.5782831329695e-07 6.92928331939428e-07 4.37965011801929e-06 1.17658956963049e-06
   0.156929820775986  0.00180256144579874 3.41918071339033e-06 9.93850443838104e-07 2.93812272347381e-06 1.15048639968106e-06
   0.157805413007736  0.00181003391913934 1.19602116476094e-06 7.37843695083743e-07 1.97733771455287e-06 1.12510405338461e-06
   0.158685341477394  0.00181743931262204 2.28786008325158e-06 8.73821268547318e-07 1.51187985791916e-06 1.10029764026816e-06
   0.159556493163109  0.00182444578382592 4.17078775503474e-06 1.07008357217172e-06 1.47249854257917e-06  1.0764078742839e-06
   0.160432040691376  0.00183215110795056 4.64009173656934e-06 1.11770573859727e-06 1.71985765222406e-06 1.05304874899174e-06
   0.161307498812676  0.00183939180990961 3.51406938375989e-06 1.01892279085377e-06  2.0881839550608e-06 1.03032189091114e-06
   0.162187367677689  0.00184651812260832 4.38658261615147e-06 9.99997102112075e-07 2.41979813124861e-06 1.00809509865175e-06
   0.163058429956436  0.00185411786867253 1.77540122651918e-06 7.63594703163838e-07 2.58946547739223e-06 9.86678404866374e-07
   0.163938283920288   0.0018612005681585 3.33508619874276e-06 9.31016710257274e-07 2.53999410565201e-06 9.65619876509535e-07
   0.164813697338104  0.00186874680397661 3.04310525613705e-06 9.18113874858701e-07 2.27714888594314e-06  9.4522286010421e-07
    0.16568911075592  0.00187615186879546 2.30154849512249e-06 8.70454434431395e-07 1.87055387211393e-06  9.2536144873032e-07
   0.166564494371414  0.00188318997333369  2.6730242399217e-06 9.22779678227337e-07 1.43292255407502e-06   9.060071830583e-07
   0.167435452342033  0.00189051208484999  1.3880501880571e-06 7.82170018447704e-07 1.09472130117645e-06 8.87277675762389e-07
   0.168310806155205  0.00189779145519752 3.00914568779533e-06 9.20351239009418e-07 9.71598316885058e-07 8.68922317201262e-07
   0.169186145067215  0.00190504936274458 3.34561813431777e-06 9.38723078322183e-07 1.14836143993075e-06 8.51043988712207e-07
    0.17006142437458  0.00191268784144968 2.53631304866803e-06 8.56090320021489e-07 1.65490993547339e-06 8.33620475609356e-07
   0.170936703681946  0.00191973580701011 3.50931565651656e-06 9.37013070922691e-07 2.45816577976531e-06 8.16645382013265e-07
   0.171811953186989  0.00192723529586773  3.1770232605319e-06 9.03334425839827e-07  3.4699133024178e-06 8.00097701616664e-07
   0.172687202692032  0.00193473580529749  6.8103720510676e-06 1.17828456854893e-06 4.55823413392149e-06 7.83975019260094e-07
   0.173562407493591   0.0019416473855299 7.92033955063336e-06 1.25259949757435e-06 5.57252641662571e-06 7.68255576205908e-07
   0.174437582492828  0.00194915133684598 8.18691319232011e-06 1.26938205593383e-06 6.36980069172233e-06 7.52939527500949e-07
   0.175309836864471  0.00195673232500668 7.06554492352368e-06 7.47396800403329e-07 6.83894497332134e-06 7.38050041942147e-07
   0.177060857415199  0.00197135017941813 5.97858932517667e-06 8.09834517399342e-07 6.62067330065601e-06 7.09257704564574e-07
     0.1788110435009  0.00198578174598346 5.83292540131633e-06 7.89934255260939e-07 5.09139829642325e-06 6.81854633124173e-07
   0.180561169981957  0.00200036058453603 4.46037762699748e-06 7.18567402297469e-07 3.08314743598559e-06 6.55754012051668e-07
   0.182304620742798  0.00201548939793931 3.49839179616979e-06 6.75919470686904e-07 1.57812373456816e-06 6.30981423894199e-07
   0.184058904647827  0.00203010596198617 2.39180219585788e-06 6.40284395690991e-07 1.12980606954508e-06 6.07229654100994e-07
   0.185815304517746  0.00204457853795055 1.45267450803745e-06 4.97010461623938e-07 1.64002271339474e-06 5.84553767317438e-07
   0.187565088272095  0.00205934212685804 2.17717401299404e-06 5.29446930042745e-07 2.48251705546592e-06  5.6300652277733e-07
   0.189314737915993  0.00207440127904615 1.99182000352423e-06  5.1906473229464e-07 2.97903031473484e-06 5.42445097418059e-07
   0.191064298152924  0.00208897614214471 1.50151308197014e-06 5.04282856354325e-07 2.80487958697083e-06 5.22814860051125e-07
   0.192813754081726  0.00210359073474913 5.06944930732881e-07 4.71067164229899e-07 2.11927107603166e-06 5.04065988580065e-07
   0.194565325975418  0.00211838594830235 1.03126716010072e-06 4.70175004254782e-07 1.37708664925829e-06 4.86129179891441e-07
   0.196314617991447   0.0021331483528184 7.90075472300532e-07 4.30857367184664e-07  9.8971637939381e-07 4.69005161588906e-07
   0.198057264089584  0.00214773464689011 3.19995600277348e-07 3.88692706208351e-07 1.06025578285325e-06  4.5268956999682e-07
   0.199806332588196      0.0021625397095 8.30139036072063e-07 4.37083229859794e-07 1.37189807396201e-06 4.37021403238749e-07
   0.201555341482162  0.00217727933094151 7.90143246875228e-07 4.59652281880274e-07 1.58068492346717e-06 4.22025945869378e-07
   0.203304201364517  0.00219221801482016 8.62439201946782e-07 4.26897144864692e-07 1.47223289532654e-06 4.07669609580232e-07
   0.205053016543388  0.00220672347558212  1.4814169636613e-06  4.4328258049487e-07 1.10253060798197e-06 3.93918902878846e-07
   0.206799522042274  0.00222139121788873 1.25650161309897e-06  4.1319519017767e-07 7.40940388358659e-07 3.80760416060751e-07
   0.208554700016975  0.00223646168694559 2.04833110400063e-06 4.23222071467799e-07 6.72344125580454e-07  3.6808571193884e-07
   0.210303172469139  0.00225141288268963 1.69197937452302e-06 4.09112427364541e-07 1.00349983286518e-06 3.55979505560968e-07
   0.212047219276428  0.00226560789572213 2.73891383012428e-06 4.64195424587172e-07 1.58917830304038e-06 3.44395560406888e-07
   0.213795483112335  0.00228040531943433 2.73950448453196e-06 4.66485377235115e-07 2.13491499736461e-06 3.33253057621322e-07
    0.21553710103035  0.00229545994160117 2.38919288289848e-06 4.58906917066638e-07 2.36630061998947e-06 3.22597573756723e-07
   0.217289566993713  0.00231042682330079 2.09434012826344e-06 4.64468956499725e-07 2.18760802849397e-06 3.12302241786984e-07
   0.219037532806396  0.00232495930205156 1.50072478407521e-06 4.63006567444754e-07 1.71091422145415e-06  3.0243919540057e-07
   0.220785424113274  0.00233959706743075 1.02461750345727e-06 4.01785928615545e-07 1.16933847560904e-06  2.9296291635853e-07
   0.222533166408539  0.00235473606104689 1.25712033319624e-06 3.91598394380572e-07 7.74133681632027e-07 2.83856844128477e-07
   0.224280849099159  0.00236941264968927 8.42987309555021e-07 3.49750225853629e-07 6.08458401238168e-07 2.75101256575922e-07
   0.226028352975845  0.00238409167728837 1.02979619178792e-06  3.6124317084268e-07 6.15423066775543e-07 2.66681603824067e-07
   0.227773606777191  0.00239889456589828 6.27539694307869e-07 3.44671175809942e-07  6.6701931469018e-07 2.58591946120165e-07
    0.22952963411808   0.0024137693573164 6.35695050102642e-07 3.26152474356687e-07 6.58127062374106e-07 2.50759636207928e-07
   0.231276884675026  0.00242861299902258  2.3458311736982e-07 2.61502883459159e-07 5.63010048532828e-07 2.43258628671587e-07
   0.233023971319199  0.00244330082380688 4.99032643355208e-07 2.85783384197587e-07 4.27657799013533e-07  2.3603669476294e-07
   0.234770938754082  0.00245812548349795 4.61776201815058e-07 2.97006501466561e-07 3.16472489879282e-07 2.29081355216164e-07
   0.236517816781998  0.00247322090273391 1.27720098380112e-07 2.96997336188326e-07 2.60435024762315e-07 2.22380778997082e-07
   0.238266751170158  0.00248779376483342 1.43071469337456e-07  2.7229004329706e-07 2.42236899633623e-07 2.15915896154967e-07
   0.240013375878334  0.00250248876152194 4.94904127620217e-07 2.83666946992409e-07 2.23385627481072e-07 2.09692376503179e-07
   0.241759896278381  0.00251722460466583 2.98926238902785e-07 2.64346516092129e-07 1.86542965418288e-07 2.03691894256322e-07
   0.243508443236351  0.00253242295131828 3.13272829817163e-07  2.7241821104567e-07 1.58599755776119e-07 1.97898036566632e-07
   0.245252579450607  0.00254700783021292 4.94104526118149e-07  3.0277852205061e-07 1.95841512813346e-07 1.92322508175381e-07
   0.246998742222786  0.00256167560082239 8.27976168460948e-07 3.05104595207663e-07 3.41963473065108e-07 1.86935866933901e-07
   0.248744785785675   0.0025764112398828  1.1124059233811e-06 3.12170104570562e-07 5.88748789686164e-07  1.8173688722654e-07
   0.250490695238113  0.00259167105740938 1.35923064540125e-06 3.25359536106131e-07 8.67464446982333e-07 1.76717898716498e-07
   0.252229958772659  0.00260633330944206 1.59961146312347e-06 3.45082265612305e-07 1.07807261562217e-06 1.71889042590717e-07
   0.253975629806519  0.00262090587398667 1.19908846613612e-06 3.11334035670767e-07 1.14235248615233e-06 1.67207141663956e-07
   0.255721181631088  0.00263587881637488 1.19559950130953e-06 2.93868564489794e-07 1.03934559081924e-06 1.62683952490896e-07
   0.257466614246368  0.00265071913259986 1.18362528913613e-06 2.79570810756926e-07 8.17687112425136e-07 1.58312971196301e-07
   0.259211927652359  0.00266554415792988 7.52301759771115e-07 2.43896301282823e-07 5.66839330072249e-07 1.54088111472434e-07
   0.260946214199066  0.00268018831296178 7.10043422089744e-07 2.42686416208663e-07 3.72584119742074e-07 1.50028614306888e-07
   0.262693405151367  0.00269507800175232 1.09462170171806e-06 2.76537043685191e-07 2.75134977863094e-07 1.46073284425824e-07
   0.264438331127167  0.00270992116818584 6.60485262097093e-07  2.4044334945602e-07 2.66213348102165e-07 1.42252331593032e-07
   0.266183137893677  0.00272463254227782  5.8249435622936e-07 2.36176744299343e-07  2.9970983695062e-07 1.38555749069772e-07
   0.267927765846252  0.00273934466457276 8.49991815301153e-08 2.07614418662141e-07 3.24842347245531e-07 1.34978829774488e-07
   0.269672304391861  0.00275447471280221 3.56214960317056e-07 2.47336973622528e-07 3.11953208931345e-07 1.31516840347578e-07
    0.27141672372818  0.00276931937532799 2.41017103533335e-07  2.6386099607848e-07  2.6100849230104e-07 1.28165372485407e-07
    0.27316752076149  0.00278394354519487 2.95603158114936e-07 2.53916598058754e-07 1.91965877562642e-07 1.24908296360673e-07
   0.274911671876907  0.00279865722707827  2.1358968637515e-07 2.45924653855776e-07 1.28792898818966e-07 1.21765826404085e-07
   0.276655673980713  0.00281378698864036 -1.26060103286514e-07 2.08441121789559e-07 8.47323659482897e-08 1.18721861509093e-07
   0.278406083583832  0.00282867487182718 -2.27642634682295e-07 2.20596844863272e-07  6.0757409887196e-08 1.15762079847547e-07
   0.280149817466736  0.00284335679548685 -3.61086244444344e-07 2.41283701106567e-07 5.15910512283381e-08  1.1290442565435e-07
   0.281895577907562  0.00285798669287648 3.16803374801318e-08 2.61117067044109e-07 5.32619392142945e-08 1.10131244898468e-07
   0.283641219139099  0.00287322221450915 -1.20033625775631e-07 2.48402149110443e-07 6.65760123782689e-08 1.07442928536825e-07
   0.285382360219955  0.00288593668164855 -1.89158575662778e-07 2.21825607154127e-07 9.38284949824149e-08 1.04842580850115e-07
   0.287125527858734  0.00289728640737811  6.9070938329713e-10 2.27084571462381e-07 1.33536141070498e-07 1.02317453184137e-07
   0.288868576288223  0.00290864652200354 2.54113015306581e-07 2.35211663562029e-07  1.7706415256577e-07 9.98680689398055e-08
     0.2906114757061  0.00292001684423213 2.59967754986474e-07 2.32411169253234e-07 2.11125683886766e-07 9.74917506715235e-08
   0.292354226112366  0.00293139691482292 2.19104711550512e-08 2.18613305208999e-07 2.24409890037684e-07 9.51859018292478e-08
   0.294096827507019  0.00294278712984545 2.93118212892242e-07 2.28028277496944e-07 2.13986093125269e-07 9.29480182106711e-08
   0.295833081007004   0.0029541461516365 7.38888303304465e-08 2.15012309982002e-07 1.87259096682127e-07 9.07833216490807e-08
   0.297575384378433  0.00296555564428446 2.03976398724564e-07 2.18323167637488e-07 1.57531127027947e-07  8.8674077653323e-08
   0.299316346645355  0.00297696630024078 -9.56851958076796e-08 2.00911168480928e-07 1.37344457104987e-07 8.66272963281976e-08
   0.301058381795883   0.0029883945284306 9.42319817586325e-08 2.07612869012423e-07  1.3182319811456e-07 8.46380310790742e-08
   0.302800238132477  0.00299983173998055 -6.13429437682056e-08  1.9712045550682e-07 1.37167382508258e-07 8.27057404300419e-08
   0.304533302783966  0.00301122080509327 2.72969519871295e-08 1.99056774776596e-07 1.43947414753386e-07 8.08376244253354e-08
   0.306274920701981  0.00302267583953406 -6.74638309015287e-08 1.91617287446856e-07 1.43174785896644e-07 7.90131367743027e-08
   0.308016330003738   0.0030341397471707 -2.2480136932586e-07 1.80380778300495e-07 1.30794190137463e-07 7.72400571585761e-08
   0.309757649898529  0.00304561250301512 -2.19078083702553e-07 1.78147925274199e-07 1.09041317939255e-07 7.55165299306411e-08
   0.311499983072281  0.00305710143077191 -4.82452598361193e-08 1.85450537970699e-07 8.39529801564245e-08 7.38398515900855e-08
    0.31324103474617  0.00306859079595163 -6.20775475039585e-08 1.82462878165079e-07 6.15109950338219e-08 7.22106273038961e-08
   0.314988046884537  0.00308012966073129 -2.39126948921779e-07 1.70062872876145e-07 4.46923389519522e-08 7.06207648815904e-08
    0.31672877073288  0.00309163550566714 -1.46814519877706e-07 3.68761988739734e-07 3.35056179513534e-08 6.90799006741934e-08
   0.318477988243103  0.00310320699258779 -3.93375762591315e-07 2.83225897409919e-07 2.64607816018005e-08 6.75736359054289e-08
     0.3202183842659  0.00311472864565676 -2.57151168249776e-07 3.11134796420217e-07 2.31792188696012e-08 6.61154845467056e-08
   0.321949869394302  0.00312620052273641 -2.50496444764231e-07 3.10967277823951e-07  2.4981751286704e-08  6.4703617496817e-08
    0.32368990778923  0.00313773760640317 1.53057391506357e-07 3.85945689317749e-07 3.41069290270323e-08 6.33225495736514e-08
   0.325447261333466  0.00314939761455612 -3.71437896057117e-07 2.79756299607159e-07 5.17998363238927e-08 6.19649669337729e-08
   0.327178299427032  0.00316089234385308 -6.2833048666183e-07 2.08170109206932e-07 7.57489154587653e-08 6.06630622009952e-08
   0.328926563262939  0.00317250943134926 -3.58165353798228e-07 2.79498670240267e-07 1.01771547583826e-07 5.93827568361837e-08
   0.330657333135605  0.00318401824352088 4.37540064371834e-07 4.26339002868934e-07 1.23416532865833e-07 5.81483325224789e-08
   0.332396566867828  0.00319559203350327 -3.43981423803643e-07 2.79780722483444e-07 1.36130393846055e-07 5.69400377116737e-08
   0.334135681390762  0.00320717265525145 -7.62611805187307e-08 3.35425385807438e-07 1.37700622522162e-07 5.57630559005189e-08
   0.335883289575577  0.00321881837540676 -2.02014561492343e-07 3.08444099576049e-07 1.29206136047391e-07 5.46108091146659e-08
   0.337622106075287  0.00323041260679847 4.61950366730232e-07 4.26333620240619e-07 1.14129778832049e-07 5.34937262011351e-08
   0.339360684156418  0.00324201370341679 7.34755331832405e-08  3.6009391752963e-07 9.64109860750573e-08 5.24052193604122e-08
   0.341090440750122  0.00325356339900316 3.47188061148615e-07 4.06742105091821e-07 7.92297179614558e-08 5.13495616032204e-08
   0.342828720808029  0.00326517741992023  8.4640732539434e-08 3.59814212351535e-07 6.40289182860682e-08 5.03153713756143e-08
   0.344566851854324  0.00327679793342639 6.14792779167259e-07 4.45409144146833e-07 5.12544989996236e-08 4.93072719391672e-08
    0.34630474448204  0.00328842458040895 -3.47200007761849e-08 3.35555915325111e-07 4.06119149760115e-08 4.83243312731109e-08
   0.348042547702789  0.00330005751424325  4.9843137398331e-07 4.26939201275246e-07 3.17809372275251e-08 4.73658155594165e-08
   0.349771499633789  0.00331163824079835 -2.25571475060791e-08  3.3611855793904e-07 2.47320750968972e-08 4.64356485217003e-08
   0.351517587900162  0.00332334124915281 -5.43012277963473e-07 2.09589993617711e-07 1.95688987885007e-08 4.55193288037096e-08
    0.35324615240097  0.00333493395324014 3.85582188085737e-07 4.07335442864929e-07 1.67076842774835e-08 4.46343591580235e-08
   0.354983270168304  0.00334659050427619  7.9201493427448e-07 4.68837871363589e-07 1.63986110973411e-08 4.37665761524649e-08
   0.356720209121704  0.00335825261520096 3.18596150216232e-09 3.38745779103818e-07 1.88767975135527e-08 4.29198683386513e-08
   0.358456909656525   0.0033699206379168 1.37058295874322e-07 3.62814559655707e-07 2.41484614784984e-08 4.20936496134191e-08
   0.360202193260193  0.00338165253485822 -2.53700022441443e-07 2.82280405849057e-07 3.18925744411539e-08 4.12832847021567e-08
   0.361929923295975   0.0033932732752127 5.40072927350929e-07 4.28841692665409e-07 4.10949552681449e-08 4.05009609343797e-08
   0.363666146993637  0.00340495727426858 8.06112397678454e-07 4.67009910808513e-07 5.04953541670001e-08 3.97368060619324e-08
   0.365402162075043  0.00341664688109452 4.16001563065028e-07 4.08300432272297e-07 5.84448135413753e-08 3.90032695969588e-08
   0.367138028144836  0.00342834146385628 1.52942210961835e-08 3.12509710625988e-07 6.36905825120825e-08 3.83200389956577e-08
   0.368882387876511  0.00344009960741034 2.63623020931779e-07 3.57054719447008e-07 6.58920808482416e-08 3.77133032924761e-08
   0.370617866516113  0.00345180430579688 7.54510150355238e-07 4.32703550861751e-07 6.56547163799739e-08 3.72137660934404e-08
   0.372361898422241  0.00346357273239501 1.41111747308437e-07 3.33596849128671e-07 6.40458170009397e-08 3.68228582693009e-08
   0.374096989631653  0.00347528742924835 8.79128998762168e-07  4.4877758812086e-07 6.19830136365245e-08 3.65323663256028e-08
