# intensity: 0.9809161367932
# background: 9.4679525466896e-08
#           Q (1/A)             dQ (1/A)                    R                   dR               theory              fresnel
  0.0100976740941405  8.9479581888303e-05    0.965405862123547   0.0102637374386372    0.979910469309465    0.879482090754908
  0.0105407405644655 9.25914509055987e-05    0.947539303417396   0.0100907559016562    0.968702137039425    0.391783702579297
  0.0109749650582671 9.56521780732915e-05    0.940726447667846   0.0100311390863223    0.959335805973726    0.215675015511593
  0.0114136096090078 9.87540274335797e-05    0.943196880160382   0.0100146439767608    0.949768074174559    0.144920927484862
  0.0118522550910711 0.000101864976747688    0.927143922545752   0.0099112817796712    0.938886050811172    0.105193205296846
  0.0122908987104893 0.000104984231814592    0.929971594893802  0.00994397220310285    0.925984953045118   0.0798776774297233
  0.0127295413985848 0.000108111056955349    0.911481053038853  0.00975472636838775    0.910377958663801   0.0625571352105256
  0.0131681831553578 0.000111244801404555    0.903875419142294  0.00974313481596232    0.891282758405488   0.0501314636230498
  0.0136068286374211 0.000114384946506908    0.881864959606714  0.00952619266550613     0.86777493001164   0.0409040689500347
  0.0140454713255167 0.000117530930487587    0.860106135399623   0.0093703250032958    0.838771878530746   0.0338671565995436
  0.0144841112196445  0.00012068229785851    0.818651658181809  0.00904447099688934    0.803045663904348   0.0283859132254774
  0.0149271506816149 0.000123870345119265    0.773732069419352  0.00867651929476005    0.758850249650413   0.0240006209426377
  0.0153613947331905 0.000126999660171898    0.706975474841862   0.0081041338650115    0.706466993610031   0.0205420530275729
  0.0158000346273184 0.000130164917685057    0.647539433033302  0.00761512167973735    0.643732965558733   0.0176931809187062
  0.0162386763840914 0.000133334152008395    0.566279842779695  0.00689128770447634    0.571348742526994   0.0153458191055571
  0.0166773162782192 0.000136507065251747    0.484236335710795  0.00624118243672319    0.490922142745751   0.0133932282342406
  0.0171159543097019  0.00013968342890202    0.396957214183256   0.0054860434201914    0.405973366287692    0.011755164722434
  0.0175590254366398 0.000142895146134346    0.309695783755403  0.00466202570344617    0.320830490072882    0.010357148268323
  0.0179932322353125 0.000146045583051335    0.239471483217171  0.00400809339223876     0.24407142217881  0.00919081910164329
  0.0184362512081861 0.000149200441998054    0.178618276022526  0.00334804371322293    0.178115359278226  0.00817134098121011
  0.0188705064356327 0.000151837383546581    0.124307715934363  0.00271923713701844    0.129073732288086  0.00731010105339368
  0.0193091444671154 0.000154515954356656    0.099045092890099  0.00241466270254372   0.0961012621622591  0.00655613322479525
  0.0197433866560459 0.000157181810171239   0.0857805403277229  0.00222146639418726    0.078322472166894  0.00590609157871074
  0.0201908145099878 0.000159942535726632   0.0783219314864082  0.00212390079744471   0.0722826470040336  0.00532078681821054
  0.0206250473856926 0.000162634743027303   0.0808119943773635  0.00216736031217497   0.0747595150709224  0.00482229936762223
   0.021068112924695  0.00016539407954436   0.0894066425074025  0.00227521960728526   0.0824163785805263  0.00437401319498478
  0.0214979443699121 0.000168082453670241    0.097453082634656  0.00239121167788489   0.0921700851199408  0.00398907747331448
  0.0219409484416246 0.000191004284355359    0.104520295990221  0.00184987949665795    0.102490844321265  0.00364035390526794
  0.0228182133287191 0.000198661799083419    0.120914187940497   0.0020000825917118    0.119510859577693  0.00305472026906308
  0.0237042475491762 0.000206363204335391    0.125107770984666  0.00200515516963903     0.12839887702775  0.00257777323294962
  0.0245815049856901 0.000214020614834925    0.127937447833639  0.00201111492601274    0.128014777475663  0.00219530154345114
  0.0254412107169628 0.000221662378611353    0.125372898333125  0.00196419145979181    0.119806348434732  0.00188811153109634
   0.026336008682847 0.000229209050082477    0.109628801870852  0.00178376191777833    0.105114498625957  0.00162422072301364
  0.0272044837474823 0.000236804336344619   0.0908306266404736  0.00157867158254206    0.087249840470891  0.00141126470974013
  0.0280729588121176 0.000244616190674345   0.0688879412061204  0.00133144198619139   0.0681949012579684  0.00123264727973099
  0.0289677418768406 0.000252054462647654   0.0513862351439608  0.00112015803421801   0.0495278611701731  0.00107753288763814
  0.0298362094908953 0.000259631544039002   0.0347661635872564 0.000900143373202342   0.0339840342566208 0.000949871611140942
  0.0307134445756674 0.000267505025998356   0.0214428045575305 0.000688761981540047   0.0218208049339898  0.00083979964829947
  0.0315994471311569 0.000275007507055525   0.0124354095108194 0.000513871288900191   0.0133854873565819 0.000744491006919051
  0.0324766784906387 0.000282880900860815  0.00649018178275457 0.000325691003969469  0.00849539479974166 0.000663192973742747
  0.0333363525569439 0.000290504180191332  0.00516285783669645 0.000287718155655836  0.00634171008191678 0.000594124802026338
  0.0342135690152645 0.000297818032057839  0.00547481016645729 0.000293199497735326  0.00595304823967815 0.000532767188722845
   0.035099558532238 0.000305644918009346  0.00614042989877098 0.000307923166729283  0.00653245420461665 0.000478675258104057
  0.0359592288732529 0.000313069445225609  0.00732290997190757 0.000334223514665322  0.00734097146082658 0.000432653874375973
  0.0368452034890652 0.000320878175550667  0.00812667382937218 0.000348783035923043  0.00793838524143704 0.000390918238977923
  0.0377136319875717 0.000328581073906534  0.00727661329268102 0.000296142901944146   0.0080283159589942 0.000354809411677354
  0.0385908335447311 0.000336002867458696   0.0071188405441661 0.000290757680201921  0.00754938832917734 0.000322505625573118
  0.0394680202007294 0.000343659224074996  0.00626241476318634 0.000269837975553018  0.00657384617564561  0.00029382102001973
  0.0403539836406708 0.000351377470474167  0.00502546715012472 0.000240581377975932   0.0052547160330075 0.000268033682697003
  0.0412311665713787  0.00035901560842928  0.00377533733367094 0.000205620298735488  0.00382585082645819 0.000245243560006002
  0.0420995689928532 0.000366718065595286  0.00257617757178708 0.000167995370999135  0.00248758042126807 0.000225038929393357
   0.042994286864996 0.000374389693328655  0.00166466190162913 0.000133638079914426  0.00135032309920278 0.000206363435901538
  0.0438714548945427 0.000382027628333341 0.000581164528250056 4.25111267092154e-05 0.000572465673228785 0.000189902048472506
  0.0447310693562031 0.000389667865806786 0.000297145172768154 3.72491005697562e-05 0.000167918741000082 0.000175347350835465
   0.045625776052475 0.000397104779459579 0.000174647432787976 2.86810146622228e-05 9.27912513493519e-05 0.000161655823764071
  0.0464853830635548  0.00040474474218034 0.000436095451457751 4.40402651666991e-05 0.000281508227402362 0.000149741960530327
  0.0473625250160694 0.000412508583519507 0.000743457785767278 5.67291496211074e-05 0.000641296846021873 0.000138705756031869
  0.0482572056353092 0.000420053477089002  0.00124970888884837 7.26853369172263e-05  0.00107252516060295 0.000128479075842369
  0.0491343401372433 0.000427925316059346  0.00146871432116925 7.34279705253528e-05  0.00146264819117472 0.000119353747785855
  0.0499939285218716 0.000435565048943473  0.00186512172838329 8.19180721159338e-05  0.00174387176931882  0.00011119037199217
  0.0508885867893696  0.00044310948943249  0.00197151955834013 8.36812310880473e-05  0.00188886646243517 0.000103425705021244
  0.0517657063901424 0.000450872877656152  0.00190135358188772 8.17730586351444e-05  0.00187503345191121 9.64605195081175e-05
  0.0526252686977386 0.000458061258675598  0.00168571183425643 7.65024264474214e-05  0.00172731021965421 9.01988162167824e-05
  0.0535199157893658 0.000465948211174879  0.00149026748277925 7.12017039977657e-05  0.00147136795727892 8.42152432781534e-05
  0.0543970167636871 0.000473693215129278  0.00101919160786714 5.84124692356597e-05  0.00116924162309283 7.88218695219127e-05
  0.0552565567195415  0.00048111574461652 0.000669532787840451 4.45604930252853e-05 0.000873710735938784 7.39544154612929e-05
  0.0561511851847172 0.000489002440075217 0.000444601694381581 3.62046724616003e-05 0.000612327281855393 6.92816849748969e-05
  0.0570282563567162 0.000496530585160385 0.000353024851904974 3.20721683702409e-05 0.000434892163064985 6.50540098367066e-05
  0.0579053275287151 0.000504184919238651 0.000343469059877111 3.14522326212571e-05 0.000352566924513378 6.11456058137224e-05
  0.0587736181914806 0.000511993789741278 0.000355303701808095 3.17547817215904e-05 0.000364986808409709  5.7562740584196e-05
  0.0596506744623184 0.000519413300788296 0.000424256674475737 3.44222164405478e-05 0.000458056584426159 5.42074693956836e-05
  0.0605277232825756 0.000527049257997479 0.000640951908350017 4.19154669703222e-05 0.000606853387646094 5.10941239672074e-05
  0.0614047646522522 0.000534811381577079  0.00074850495641783 4.28807804564134e-05 0.000780422456318852  4.8202259976374e-05
  0.0622905604541302 0.000542184359463316 0.000980203974195854 4.89542480663111e-05 0.000948755101203066 4.54869734143954e-05
  0.0631675869226456 0.000550054340806343  0.00119740556975887 5.37867072483827e-05  0.00108075798876393  4.2985121462607e-05
  0.0640446022152901 0.000557707885089124  0.00124198883452724 5.42611894131576e-05  0.00115830414275914 4.06537286433501e-05
   0.064912848174572 0.000565064872656561  0.00116130115618497 5.22456193196324e-05  0.00117116658200283 3.85000803495844e-05
  0.0657898560166359 0.000573042800853109  0.00122660396862865  5.3173737861606e-05  0.00111909828903529 3.64683776806645e-05
   0.066666841506958 0.000580587599094682 0.000994472864193412 4.52486529047934e-05  0.00101011730332107 3.45695745577958e-05
  0.0675525963306427 0.000588176279001041 0.000816625585864185 4.08600072060814e-05 0.000857623600776355 3.27760997182593e-05
  0.0684295669198036 0.000595937341635409  0.00067121525807405 3.67279599744794e-05 0.000683741270109027 3.11140271166551e-05
  0.0693065375089646 0.000603463781004103 0.000511650212219263 3.19429497641675e-05  0.00050683647276458  2.9556452902825e-05
  0.0701659619808197 0.000610884285370512 0.000360448071712205 1.88789780763805e-05 0.000347759698401516 2.81241110490889e-05
   0.071051687002182 0.000618706867496738 0.000219385727339013 2.07251767255476e-05 0.000212235690802021 2.67381753782039e-05
  0.0719373971223831  0.00062629482149063 0.000117856008093044  1.5209738621799e-05 0.000113750349525516 2.54368376346603e-05
  0.0728143304586411 0.000634055146794078 4.49113054850439e-05 9.17985176380905e-06 5.50849563989047e-05 2.42258465578224e-05
  0.0736824870109558  0.00064151895552176 3.07564404066535e-05 7.75561229305819e-06 3.20656998576896e-05   2.309758338714e-05
  0.0745594054460526 0.000649170857294431 5.38385989430198e-05 9.96187627144897e-06 3.69954243440746e-05 2.20242653100604e-05
  0.0754363089799881 0.000657039027866953 9.32270350674954e-05 1.28491421567439e-05 6.04329067393822e-05 2.10129400050279e-05
  0.0763132125139236 0.000664456104924097 0.000119982112965491 1.44355546618365e-05 9.18463110837086e-05  2.0059327800455e-05
   0.077190101146698 0.000672215696811266 0.000163327722784256 1.67149968226212e-05 0.000121626008534922 1.91595595619614e-05
  0.0780669748783112  0.00067997516300877  0.00014527695569122  1.4992190515263e-05 0.000142384430422184  1.8310012032518e-05
  0.0789438486099243 0.000687283566219743 0.000169335929526408 1.61216227464558e-05 0.000149777592591518 1.75073220854928e-05
  0.0798207074403763 0.000695042709469325 0.000138663443420514 1.45462131896124e-05 0.000142723165809175 1.67484712554938e-05
  0.0806975588202477 0.000702675487125768 0.000132969960064797 1.41496452801634e-05  0.00012315312727259   1.603055852714e-05
  0.0815744027495384 0.000710217888155635 0.000109289240616146 1.28058043625206e-05 9.52795880745256e-05 1.53510129935543e-05
  0.0824424624443054 0.000718022859448104 7.29167838547968e-05 1.04800102558354e-05 6.49409339771746e-05 1.47136482305664e-05
  0.0833280608057976 0.000725608756498315  5.8312007514453e-05 9.35476391403681e-06 3.69814877205581e-05 1.40973773167351e-05
  0.0842048674821853 0.000733132690026783 2.18217526345986e-05  5.7497125065106e-06 1.73084626914349e-05   1.351890790459e-05
   0.085081659257412 0.000740890848541591 2.45200197559309e-05 5.98955582130072e-06 9.09791826343332e-06 1.29700668485126e-05
  0.0859584584832191  0.00074830625275446  2.0693403475739e-05 5.51141492119189e-06 1.38141032707771e-05 1.24490167408964e-05
  0.0868352353572846 0.000756064017056439 3.36201568765498e-05 6.82020029846808e-06 3.08336471962544e-05 1.19541116273339e-05
  0.0877032354474068 0.000763759744406773 5.59028662017444e-05 8.58062637711205e-06 5.73490480738813e-05 1.14883837491743e-05
  0.0885887667536736 0.000771236534022363 9.23531590645298e-05 1.08794277735157e-05 9.03886720186157e-05 1.10365942381055e-05
   0.089465506374836 0.000779101959610352 0.000120440176256703 1.18809604896186e-05 0.000124442506191634 1.06111593577751e-05
  0.0903422459959984  0.00078653452335277 0.000160524430056844 1.36511702569059e-05 0.000155247377006273 1.02062215851668e-05
  0.0912189707159996 0.000794165225219649 0.000184129470119455 1.45641764899068e-05 0.000178911274633509  9.8206253442446e-06
  0.0920956805348396 0.000801921955857266  0.00018965677773621 1.47001145666716e-05 0.000192742912912127 9.45326475495309e-06
  0.0929723829030991 0.000809335964945284 0.000192116972154004 1.47713018357375e-05 0.000195560602593029 9.10310231429432e-06
  0.0938490852713585 0.000817092341801329 0.000180171997533516  1.4247637579424e-05 0.000187732733612014 8.76918800685987e-06
  0.0947169959545135 0.000824894831115157 0.000183021588680311  1.4310055270626e-05 0.000171233377707571 8.45375142071162e-06
  0.0956024304032326  0.00083226196564342  0.00016933801536594  1.3258957386061e-05 0.000148279892766892  8.1465930828489e-06
  0.0964790880680084 0.000840125931447624 0.000114120761497847 1.09190583508269e-05 0.000122866650459527 7.85626737985994e-06
  0.0973557382822037 0.000847538979842817 9.80866743429485e-05 1.00927391580315e-05 9.82320464976527e-05 7.57892149213814e-06
  0.0982323735952377 0.000855186202777148 7.99311756103345e-05 9.12105865679511e-06 7.73918680481289e-05 7.31387871760383e-06
  0.0991089940071106  0.00086294138416519 5.92693680935958e-05 7.84828988248073e-06 6.25524178532006e-05 7.06048371427566e-06
  0.0999943614006042 0.000870523908020313  5.1990573640712e-05 7.34087270116221e-06 5.48261332431887e-05 6.81575263700433e-06
   0.100870959460735  0.00087827872265049 5.60879991771165e-05  7.3490429125113e-06 5.44084216223861e-05  6.5839523016354e-06
   0.101747542619705 0.000885925126582908 4.37232508765354e-05  6.4924014372383e-06 6.01989653057494e-05   6.362072258025e-06
   0.102624125778675 0.000893337069650917 6.08220218437046e-05 7.58449646151373e-06 7.04154298786898e-05 6.14960316836652e-06
   0.103500671684742 0.000901091185062511  7.1629087841264e-05 8.15153945359985e-06 8.28003570774995e-05 5.94607644028408e-06
   0.104368470609188 0.000908765396030782 7.40467669361996e-05 8.27000730088405e-06 9.48606887371111e-05 5.75294443879538e-06
   0.105245001614094 0.000916302845745748  9.4703152563796e-05 9.28706575460304e-06 0.000104697237115786 5.56590146660509e-06
   0.106112755835056 0.000923994541355459 8.19531937988715e-05 8.59772463327082e-06  0.00011047931683321 5.38829031030242e-06
   0.106998033821583 0.000931467319686103 9.22598028564594e-05 8.77340288023936e-06  0.00011132789524649 5.21446745902288e-06
   0.107874527573586 0.000939094247716413 8.50499895496292e-05  8.4026448189769e-06 0.000106900109878993 5.04934522985204e-06
   0.108751013875008 0.000946847191948962 9.19354376425556e-05  8.7178986016174e-06 9.76958198293886e-05 4.89084316893359e-06
   0.109627477824688 0.000954257458616313 6.09554089119924e-05 7.12511225233276e-06 8.47807768245258e-05 4.73862679630076e-06
   0.110503941774368 0.000962009909158144 6.58174227430142e-05 7.36346486114459e-06 6.95737965070827e-05 4.59240926039018e-06
   0.111380375921726 0.000969870267870028 5.35579492332509e-05 6.65669164982133e-06 5.36503798719335e-05 4.45191142161203e-06
   0.112256810069084 0.000977171752561482 3.28690729363148e-05 5.28923044088448e-06 3.84996231938832e-05 4.31685794630412e-06
     0.1131332218647 0.000985031633275649 1.87380830357203e-05 4.13129908580459e-06 2.53412150538148e-05  4.1870074708574e-06
   0.114009626209736 0.000992566957355168 1.57250985989185e-05  3.6734132953177e-06 1.49852363914564e-05 4.06211360181831e-06
    0.11488601565361  0.00100008411794604 7.30427982594408e-06  2.7151555353097e-06 7.78141919688428e-06 3.94195329757012e-06
   0.115762390196323  0.00100783523112402 8.02776743157335e-06 2.77349027781904e-06 3.63064606925673e-06 3.82631474905526e-06
   0.116629995405674  0.00101529005770339 3.13658091869862e-06 2.02458325011341e-06 2.06525295450056e-06 3.71608484385614e-06
   0.117515094578266  0.00102299442480081 5.96581174413439e-06 2.43631733561758e-06 2.35012817995961e-06  3.6077987181481e-06
   0.118391431868076  0.00103074481945554 5.96450276637598e-06 2.40731404346335e-06 3.67640352035178e-06 3.50454490445073e-06
   0.119267746806145  0.00103826075563231 1.90786280747528e-06 1.71271626656519e-06 5.25657094343076e-06  3.4050605840149e-06
   0.120144046843052  0.00104601066863268 4.67843742085898e-06 2.17806904325899e-06 6.46920363752849e-06 3.30918366298648e-06
   0.121020339429379  0.00105352610020678 3.37169477605743e-06 1.95019678310511e-06 6.93463356874382e-06 3.21675536188684e-06
   0.121896602213383  0.00106116749245039 4.10426466311231e-06 2.06403008841217e-06 6.54752125647189e-06 3.12763064476876e-06
   0.122772864997387  0.00106902477389488 1.01007127662568e-05 2.86244812821596e-06 5.46287696336918e-06 3.04166694153176e-06
   0.123649097979069  0.00107621527228803 7.21579970157679e-06 2.34183054139767e-06 4.03938499727449e-06 2.95872949819733e-06
   0.124525330960751   0.0010840720213535 4.74361055303844e-06 1.99573761750304e-06 2.75295550100612e-06 2.87869380264881e-06
   0.125401541590691  0.00109171234984514 5.81084431050273e-06 2.13938022288213e-06 2.09896660197738e-06 2.80143735239242e-06
   0.126277759671211  0.00109911839188907 7.49181371518725e-06 2.35804633439767e-06  2.4963699454396e-06 2.72684248161445e-06
   0.127153947949409  0.00110697443075723 6.75272738439492e-06 2.25882811351574e-06 4.21286867894757e-06 2.65480527180705e-06
   0.128030106425285  0.00111472212430907 1.35003931943079e-05 2.99390484980478e-06 7.31290278538866e-06 2.58521917475519e-06
          0.12890625   0.0011220191982954 1.39572933772924e-05 3.03990365068674e-06 1.16474915701798e-05 2.51798244547982e-06
   0.129782378673553  0.00112987441465443 1.99503309389559e-05 3.54794321868724e-06 1.68769402306339e-05 2.45300366631708e-06
   0.130658507347107  0.00113738715889607 2.77030443319839e-05 4.12210091054756e-06 2.25171067712216e-05 2.39018854921565e-06
   0.131534621119499  0.00114502583710643 3.66979148601088e-05 4.70722021587896e-06 2.80138036942796e-05 2.32945357216725e-06
   0.132410690188408  0.00115275413652157 3.19439735162095e-05 4.38526257415631e-06 3.28199685993854e-05 2.27071840169841e-06
   0.133286759257317  0.00116017608763048 3.83156575770588e-05 4.74275084534106e-06 3.64728562109875e-05 2.21390049796742e-06
   0.134162828326225  0.00116779588434973 4.63157468337901e-05  4.9870738721975e-06 3.86509893803495e-05 2.15892590648689e-06
    0.13503885269165  0.00117543342882649 4.75821572630124e-05 5.03051214347487e-06 3.92150611447692e-05  2.1057274016575e-06
   0.135914877057076  0.00118307063138039 3.87923669124671e-05 4.54558157089983e-06 3.82143353314608e-05 2.05423641430699e-06
   0.136790886521339  0.00119079769329416  3.5505341317593e-05 4.33541736962107e-06 3.58830565038843e-05  2.0043810212543e-06
   0.137666881084442  0.00119832646037525 3.33368011348922e-05 4.19251889589588e-06 3.25826007531517e-05 1.95610230250473e-06
   0.138551607728004  0.00120600662711036 3.17320270694554e-05 4.04073143576938e-06  2.8718379525893e-05 1.90888173904794e-06
   0.139418810606003  0.00121379709612724 2.42059071482873e-05 3.58266240278658e-06  2.4871831288717e-05 1.86404198124806e-06
   0.140294745564461  0.00122121689534303 2.66503292947001e-05 3.74065158813542e-06  2.1345251703251e-05 1.82014840833267e-06
   0.141170665621758  0.00122872643658211 1.90561865327707e-05 3.19739964022311e-06 1.85047039544796e-05 1.77760917865453e-06
   0.142055347561836  0.00123653159222085 2.57698465271556e-05 3.67603158959753e-06 1.65343014487209e-05 1.73596778403743e-06
   0.142922461032867  0.00124397878941547 1.47532212512853e-05 2.84311075164693e-06 1.55340480731985e-05  1.6963956007628e-06
   0.143798321485519  0.00125172154158749 1.69699230367021e-05 3.02227006032515e-06  1.5379471453973e-05 1.65762880841853e-06
   0.144674181938171  0.00125946404891257  1.3974239343808e-05 2.63575266180548e-06 1.58911001014737e-05 1.62002869144323e-06
   0.145550012588501  0.00126686421860818 1.73341284076545e-05  2.9078011025434e-06 1.67990679152382e-05 1.58355352660811e-06
   0.146425828337669  0.00127460617913177 1.40642631543483e-05 2.65070228540775e-06  1.7802414721503e-05 1.54816380786032e-06
   0.147301629185677  0.00128211376258209 1.51770568417135e-05 2.74385198391508e-06 1.86128025999322e-05 1.51381988501159e-06
   0.148177415132523  0.00128985514796619 1.41452487396148e-05 2.66938411460786e-06 1.89933287934991e-05 1.48048604843397e-06
   0.149053186178207  0.00129759612392013  1.5244983882885e-05 2.76283715683864e-06   1.878713146429e-05 1.44812606369131e-06
    0.14992892742157  0.00130488688960152 1.44295621096236e-05 2.68218505492326e-06 1.79318832174601e-05 1.41670592800046e-06
   0.150804653763771  0.00131262723916531 1.60676919729043e-05 2.78493363593275e-06 1.64578871803921e-05 1.38619388203558e-06
   0.151680365204811  0.00132013335554186 1.19248949496808e-05 2.43733858700534e-06 1.44782967246061e-05 1.35655758982263e-06
   0.152556046843529  0.00132776521535176 8.61099134875525e-06 2.11351243418129e-06 1.21635373829985e-05 1.32776803172117e-06
   0.153431728482246  0.00133561273497976 9.85609501232664e-06 2.21405638872751e-06 9.71381536879958e-06 1.29979549450326e-06
    0.15430736541748  0.00134300992966742 7.79797002450668e-06 1.99460816110926e-06 7.32887713472994e-06 1.27261278146696e-06
   0.155183002352715  0.00135074883768203 3.76596931709757e-06 1.51118415423766e-06 5.18131752854894e-06 1.24619275399611e-06
   0.156058609485626  0.00135848742945455 4.59983995167558e-06 1.60312115718525e-06 3.39666273079497e-06 1.22051085755346e-06
   0.156934201717377  0.00136577583189367 4.69576291299202e-06 1.61042667250982e-06 2.04187819070846e-06 1.19554095327406e-06
   0.157809779047966  0.00137351372504159 7.05563069922001e-07 9.75569222708372e-07 1.12559994182965e-06 1.17126072705331e-06
   0.158685341477394  0.00138112534569173 2.65224629776034e-07 8.71959511373068e-07 6.03263699768392e-07  1.1476467485967e-06
     0.1595608741045  0.00138852094688219 1.42111530208981e-06 1.10120185294157e-06 3.92998146787439e-07 1.12467741848553e-06
   0.160445168614387  0.00139655348906376 1.78141865888339e-06 1.16317894743394e-06 3.94432152491753e-07 1.10211179271041e-06
   0.161311909556389  0.00140399453816778  1.4180844082096e-07 8.38837256651276e-07 5.03374129409197e-07 1.08058933902244e-06
    0.16218738257885   0.0014114970054517 7.55120892360892e-07 8.51736305196027e-07 6.37067339371874e-07 1.05943115617062e-06
   0.163062855601311  0.00141934100579721 1.04308690355928e-06 9.09851113983819e-07 7.38637291377487e-07 1.03884013321628e-06
   0.163938283920288  0.00142675275702964 6.71983053357599e-07 8.47178721384005e-07 7.87018433056213e-07 1.01879451675095e-06
   0.164813697338104  0.00143447012992452 9.75464213479568e-07 9.17001610543858e-07 7.96139859603072e-07 9.99278884035212e-07
    0.16568911075592   0.0014422052372934 1.92115762912043e-06 1.08223245987594e-06 8.08463626972397e-07 9.80275910569149e-07
   0.166564494371414  0.00144959813289586 2.20097943603481e-06 1.13425060118175e-06 8.84098901244259e-07 9.61769770215678e-07
   0.167439833283424  0.00145722454084577 2.53899035828951e-06 1.16651439252335e-06 1.08781261866275e-06 9.43745932279155e-07
   0.168315172195435  0.00146474267984113 1.58836249388434e-06 1.01220815196965e-06 1.47530822984653e-06 9.26187984781097e-07
   0.169190496206284  0.00147235051172297 4.51211659909094e-06 1.39380861781605e-06 2.08200992867974e-06 9.09082030646158e-07
   0.170065805315971   0.0014801918526133 5.47991880529933e-06 1.49238946804016e-06 2.91520181829577e-06  8.9241257562772e-07
   0.170941084623337  0.00148758308765388 5.15916792052126e-06 1.44983108972978e-06 3.94986950738333e-06 8.76171330150669e-07
    0.17181633412838  0.00149531577183812 6.75698272925317e-06 1.61097987944476e-06 5.13263017352624e-06 8.60339026585558e-07
   0.172691583633423  0.00150304805845235 5.14727950769017e-06 1.43579292385283e-06 6.38461936468105e-06 8.44911568887693e-07
     0.1735580265522  0.00151026873625541 6.44354308958472e-06 1.57175774600514e-06 7.60135773070761e-06 8.30020334521331e-07
    0.17443323135376  0.00151800041752146 1.08404315303482e-05 1.96127929447801e-06 8.71318477638516e-06 8.15363688389299e-07
   0.175317138433456  0.00152582931803341 8.07815116056064e-06 1.01807602262628e-06 9.63422896135445e-06  8.0093165013079e-07
   0.177071794867516  0.00154105192095611 1.14983253927044e-05 1.42672429493577e-06 1.06580876402236e-05 7.73336441649545e-07
   0.178826361894608  0.00155614744018287  1.0516974162396e-05 1.36979689321171e-06 1.05351354145651e-05 7.47055473592612e-07
   0.180576488375664  0.00157121042693997 9.07709920889371e-06 1.28992390579735e-06 9.51505364661043e-06 7.22088397798796e-07
   0.182326480746269  0.00158677538156472 9.63490367122629e-06 1.33281393606787e-06 8.09967308647641e-06 6.98310513168266e-07
   0.184076428413391  0.00160188954412584 8.09313056695666e-06 1.26041984355962e-06 6.78875496778365e-06 6.75645393187333e-07
   0.185826271772385  0.00161687641616292 6.12559785940995e-06 1.02625922527938e-06 5.86331517342871e-06 6.54035586879689e-07
   0.187571659684181  0.00163208268248688 4.65084264841005e-06 9.14483388068372e-07 5.31729552867935e-06 6.33473004308874e-07
    0.18932132422924  0.00164751608053936 4.60800000906841e-06 9.06017389665166e-07 4.93811510587895e-06 6.13800131283961e-07
   0.191066488623619  0.00166259335318767  3.9564778965878e-06 8.63687444348311e-07 4.48424032448721e-06 5.95064309881079e-07
   0.192815959453583  0.00167764621752382 4.05248020837098e-06 8.82392978308141e-07 3.82512557179062e-06  5.7712327536433e-07
   0.194565325975418  0.00169293110587007 2.68021182634407e-06 7.52599083598019e-07 3.00755610234169e-06  5.5998046671381e-07
   0.196310237050056  0.00170811188608434 2.44126270415454e-06 7.14181397090016e-07   2.206675327927e-06 5.43633424438708e-07
   0.198068156838417  0.00172327542434084 1.72585419301352e-06 6.39883479617383e-07 1.60892509768884e-06 5.27884205180541e-07
    0.19981724023819  0.00173848376286319 1.13094608699353e-06 5.79778615282093e-07 1.33667715934992e-06  5.1289363296859e-07
   0.201566249132156   0.0017536906537893 1.04155969304161e-06 5.83105145255364e-07 1.38189523059441e-06 4.98546730444154e-07
   0.203315153717995  0.00176902156302927 2.45132356315286e-06 6.99997272269701e-07 1.65340907742029e-06 4.84810827217323e-07
   0.205063953995705  0.00178400985624728 2.64224110184711e-06 7.09662726793663e-07 2.04362888284797e-06 4.71654611923769e-07
   0.206812635064125  0.00179921163155486 2.22702279007488e-06 6.74438576308129e-07 2.49025583967233e-06 4.59049407721921e-07
    0.20855250954628  0.00181445818025505 3.47462418084012e-06 7.20602975527626e-07 2.99128064065744e-06 4.47026465112595e-07
   0.210300996899605  0.00182978244722175 3.73124561140334e-06 7.51141895918721e-07 3.58478409525454e-06 4.35439755129271e-07
   0.212058112025261  0.00184464607079328 4.43111065884722e-06 7.83487340791893e-07 4.28386880332504e-06  4.2427171942755e-07
    0.21380640566349  0.00185978739913384 2.96859728656466e-06 6.70516156928123e-07 5.02996109557761e-06  4.1361013665548e-07
   0.215550184249878  0.00187518335113309 5.27495974615361e-06 8.24494427369834e-07 5.70626733411839e-06 4.03402223304404e-07
   0.217298313975334  0.00189048317230494 5.94373779883698e-06 8.66250068196689e-07 6.16775522863209e-06 3.93576225312628e-07
   0.219041898846626  0.00190542722263731 4.49920691197325e-06  7.8540277548689e-07 6.29262850002214e-06 3.84161627055993e-07
   0.220785424113274  0.00192036969169024 6.85777432899488e-06 9.12378263472144e-07 6.03670236516678e-06 3.75115243563738e-07
    0.22253754734993  0.00193592800241029 5.10314342428758e-06 8.01521384419063e-07 5.44185240703026e-06 3.66377641637943e-07
   0.224289551377296  0.00195103591427873 3.88572743424891e-06 7.20405314086132e-07 4.62692271036348e-06 3.57978179240928e-07
   0.226032733917236  0.00196608083034622 3.28040307430572e-06 6.82879002422753e-07 3.74262005205992e-06 3.49940753515225e-07
   0.227784484624863  0.00198129268175356 1.88556867846686e-06 5.87128698827476e-07 2.90882815148636e-06 3.42170512098313e-07
   0.229531839489937  0.00199636472806028 2.83501315801349e-06 6.46384010168042e-07 2.21546787492236e-06 3.34712125112351e-07
   0.231279045343399   0.0020116680756174 1.67806666513323e-06 5.06993066880948e-07 1.69537934660392e-06 3.27533283564978e-07
   0.233026146888733  0.00202673622872713 1.05180596149708e-06 4.48458795798254e-07 1.34941285123791e-06 3.20621241787779e-07
     0.2347731590271  0.00204191058590934 1.38133518075169e-06 4.85263477302513e-07 1.16408980263519e-06 3.13964189811121e-07
   0.236519992351532  0.00205724419168243 1.53758246401957e-06 5.11420922674584e-07 1.12428402356224e-06 3.07551224168543e-07
   0.238266751170158  0.00207225292978813  3.9152368149569e-07 3.89531977423939e-07 1.21464164781918e-06 3.01371253821677e-07
   0.240009039640427  0.00208728318390156 1.45140218369739e-06 4.85994069109084e-07 1.41266010479526e-06 2.95428963901274e-07
    0.24176424741745  0.00210252886242694  1.2412069188425e-06 4.69398259123883e-07 1.68585629391334e-06 2.89657045524677e-07
    0.24351067841053  0.00211785494009767 1.27882456881527e-06 4.82301503413442e-07 1.98321536269144e-06 2.84118423309289e-07
   0.245256930589676  0.00213285603487176 2.06649601783038e-06 5.60620994628315e-07 2.25420839134108e-06 2.78775600070243e-07
   0.247003078460693   0.0021478557640384 2.15857347256642e-06 5.49922106702651e-07 2.45625219092236e-06 2.73620152424587e-07
   0.248749122023582  0.00216296038915219 2.17161779048123e-06 5.39731719995871e-07 2.56662631365348e-06 2.68644262969331e-07
   0.250486344099045  0.00217839628281276 3.07074643627904e-06 5.98602523074264e-07 2.58571552254698e-06 2.63864058141343e-07
   0.252236515283585  0.00219347456513425 2.51268936837061e-06  5.6074716881649e-07 2.53110077869345e-06 2.59213114032401e-07
   0.253986567258835  0.00220844295254043 2.23597732365937e-06 5.14755625747939e-07 2.42638294848486e-06  2.5472120237985e-07
   0.255732089281082  0.00222375512863702 1.95299516602695e-06 4.85496715471685e-07 2.29151804317639e-06 2.50392612376534e-07
    0.25747749209404  0.00223884991813238 1.89535602703461e-06 4.78925976898161e-07 2.13564454338287e-06 2.46209647943175e-07
   0.259214073419571  0.00225382815810606  2.7641484133703e-06  5.4297417026986e-07 1.96006593816271e-06 2.42186314820492e-07
   0.260963588953018  0.00226896743684767 1.69270193274976e-06 4.76286565400686e-07 1.75984793911696e-06 2.38267206296458e-07
   0.262704342603683  0.00228413309769403 1.20764866246704e-06 4.55605851982256e-07 1.53843304448152e-06 2.34496039422874e-07
   0.264444887638092   0.0022992429972933 1.04717939902414e-06 4.27707634041132e-07 1.30350524116007e-06  2.3084834445495e-07
   0.266194045543671  0.00231430509009131  1.1693323175225e-06 4.29642684525427e-07  1.0694209179608e-06 2.27301681311759e-07
   0.267943054437637  0.00232936441817684 1.22105102462979e-06 4.33400024021197e-07 8.55822606040428e-07 2.23870067748768e-07
   0.269683241844177  0.00234470105392565 5.73409980175151e-07 3.85312887845728e-07 6.79341572520997e-07 2.20565172931648e-07
   0.271431982517242  0.00235986320109818  1.2512135924384e-06 4.56139355219591e-07 5.47668162044997e-07 2.17350137102047e-07
   0.273171901702881  0.00237474822431416 6.65800598796566e-07 3.80346020630129e-07 4.63894518422774e-07 2.14252281417491e-07
   0.274920403957367  0.00238979917031809 7.82888886505739e-07 3.67578572922864e-07 4.23577489523655e-07 2.11237057844139e-07
    0.27666437625885  0.00240515717050281 5.56270327644727e-07 3.00130213245574e-07 4.20499943111811e-07 2.08323758369558e-07
   0.278408259153366  0.00242028078123594 7.78965947903759e-07 3.11356394510137e-07 4.47013046521104e-07 2.05501050011084e-07
    0.28015199303627  0.00243529456829713 7.59955203697755e-07 3.05144461677457e-07 4.95650311792771e-07 2.02765675130709e-07
   0.281895577907562  0.00245019910082103 5.22177130128343e-07 2.83166506871797e-07 5.58606041108343e-07 2.00114400193374e-07
   0.283639043569565  0.00246559303091884 1.64718952166505e-07 2.51161343872485e-07  6.2715968326728e-07 1.97544138580203e-07
   0.285375952720642   0.0024789569327277 1.08221219223368e-06 2.10170482065734e-07 6.91574131859619e-07 1.95060841296943e-07
   0.287119150161743  0.00249119919708957  6.5719713837718e-07 2.07116277168369e-07 7.43170440385756e-07 1.92643392740252e-07
   0.288863450288773   0.0025034546822975 4.07131201085862e-07 2.18386637137684e-07 7.74571998848038e-07 1.90296829888948e-07
   0.290605127811432  0.00251569712310621 9.92979767731142e-07 2.38395368647183e-07 7.82254561476028e-07 1.88023485333563e-07
   0.292347848415375  0.00252795217972285 7.73838543115833e-07 2.27599012896777e-07 7.67017851811221e-07 1.85816010782525e-07
   0.294090449810028  0.00254021135901833 8.84956141670234e-07 2.29274203599674e-07 7.33135899638014e-07 1.83673559597161e-07
   0.295832991600037  0.00255247494425651 4.72586635895255e-07 2.10214528228804e-07  6.8674963412934e-07  1.8159377725004e-07
   0.297575235366821  0.00256474166257518 8.13796157861388e-07 2.21586016486005e-07 6.33959234185494e-07 1.79574741936219e-07
   0.299317479133606  0.00257701265593527 6.31341721827056e-07 2.11849079516381e-07  5.7942124843925e-07 1.77613998335891e-07
   0.301059454679489   0.0025892873204449 4.28050707485831e-07 2.00661056671117e-07 5.25943534742596e-07 1.75709835980161e-07
   0.302800238132477  0.00260155787669177 2.44046425380669e-07 1.89909860953943e-07 4.74916432913128e-07 1.73861262913794e-07
   0.304542034864426  0.00261384052470604 2.85213410951428e-07 1.89244453644441e-07 4.27069554925013e-07 1.72064084924986e-07
   0.306283593177795  0.00262612572455735 4.34406453457438e-07 1.93688064146626e-07 3.83431727121204e-07 1.70317848588934e-07
    0.30802384018898  0.00263840626173692 3.04480675981545e-07 1.85421534989976e-07 3.45530226897053e-07  1.6862185954473e-07
   0.309772551059723   0.0026507508664211 1.89575138639991e-07 1.77530397878265e-07  3.1504207690338e-07 1.66965245446158e-07
   0.311513662338257  0.00266304616617907 2.66399323637651e-07  1.7894571058505e-07 2.93956835666089e-07 1.65361658456042e-07
   0.313255965709686  0.00267535464482204 1.17489454196386e-07 1.69259952260234e-07 2.83204295204582e-07 1.63801249188362e-07
   0.314995557069778  0.00268764734218423 3.01914859058686e-07  1.7650701179104e-07 2.83015446095139e-07 1.62285994172235e-07
   0.316737443208694  0.00269996105558295 6.35425621220975e-07 3.33812577966908e-07 2.92761650342213e-07  1.6081012515044e-07
   0.318473219871521  0.00271223552868187 4.69908183945036e-07 2.94525577703767e-07 3.11082138773064e-07 1.59379276766691e-07
   0.320213675498962  0.00272454652387041 5.36365724672842e-07 2.99159557256728e-07 3.36320767848239e-07 1.57983220951314e-07
   0.321958601474762  0.00273689358779013 6.58374883090618e-08 2.46647593373725e-07 3.66380079018803e-07 1.56621190764973e-07
    0.32369863986969  0.00274920989096952 1.92783073193572e-07 2.60057329759895e-07 3.98595547334943e-07 1.55299252540231e-07
   0.325438529253006  0.00276152867903594 1.98843359002887e-07 2.59027314108593e-07  4.3022616468528e-07 1.54012506176159e-07
   0.327178299427032  0.00277385074959592 8.43845798637338e-08 2.43590762915493e-07 4.58291402312452e-07 1.52759806927919e-07
   0.328917890787125  0.00278617489782964 2.13704830257693e-07  2.5791944322837e-07 4.79958030260491e-07 1.51540123205276e-07
   0.330657333135605  0.00279850156087293 4.07151872742978e-08 2.35365786666893e-07 4.92957775473073e-07 1.50352395928005e-07
   0.332396537065506  0.00281083055570704 2.90403046153344e-07 2.64289550919103e-07 4.95943886465456e-07 1.49195772141328e-07
   0.334135681390762  0.00282316208620862 2.97253314447491e-07 2.63793717312277e-07 4.88831996481649e-07  1.4806898135494e-07
    0.33587458729744  0.00283549579524134 6.36938767248736e-08 2.34313036769011e-07 4.72624814732338e-07 1.46971304537411e-07
    0.33761340379715  0.00284783185640362 3.13320133852751e-07 2.63543156262435e-07 4.49277878360879e-07 1.45901749799339e-07
   0.339356750249863  0.00286020352988059 3.21018452834045e-07 2.63389604756507e-07 4.21217333065175e-07 1.44856723857661e-07
   0.341090440750122  0.00287251063185272 2.66523901398434e-07  2.5587393738464e-07 3.91328571580391e-07 1.43843782553539e-07
   0.342828720808029   0.0028848525044318 2.74023580346045e-07 2.55682760656183e-07 3.61819955448251e-07 1.42853696306669e-07
   0.344566851854324  0.00289719697880785 3.43269028092635e-07 2.63216213145297e-07 3.34807124936065e-07 1.41888492806801e-07
    0.34630474448204  0.00290954306909302 8.94594453946554e-07 3.19540515598992e-07 3.11807506872008e-07 1.40947471205757e-07
   0.348042547702789   0.0029218912575689 7.16618469884782e-07 3.01247416865125e-07 2.93786931702946e-07 1.40029827700387e-07
   0.349780172109604  0.00293424122076062 3.65311303446574e-07 2.63285137889526e-07 2.81174496972987e-07 1.39134915856999e-07
   0.351512879133224  0.00294655943980371 -4.95058180799439e-08 2.09529076395947e-07 2.73897400416196e-07 1.38264408804058e-07
    0.35325014591217  0.00295891265736337 1.39786209458398e-07 2.34707318122458e-07 2.71364314031771e-07 1.37412903912929e-07
    0.35498720407486   0.0029712677094642  3.2881098899317e-07 2.57342936046837e-07 2.72660196484826e-07 1.36582192177448e-07
   0.356724083423614   0.0029836240855446 3.96106940144998e-07 2.64592627075711e-07 2.76570593612959e-07 1.35771653214266e-07
   0.358460903167725  0.00299598245632119 4.04994620385215e-07 2.65417078280105e-07 2.81756243163952e-07 1.34980644570509e-07
   0.360202193260193  0.00300837584609837 1.59333132877667e-07 2.35300971409801e-07 2.86918353780337e-07 1.34206618562067e-07
    0.36193385720253  0.00302070349941782 5.79444352104805e-07 2.84016113217213e-07 2.90868468930756e-07 1.33455210506594e-07
   0.363674759864807  0.00303309941338071 9.33538933006347e-08  2.2640841541989e-07 2.92747574574836e-07 1.32717711124606e-07
   0.365410834550858  0.00304546337290825 4.51003490541024e-07 2.69837188756059e-07 2.91924611848915e-07 1.31999634821828e-07
   0.367146700620651  0.00305782860220029 5.31360407930943e-07 2.63420231483703e-07 2.88095378910231e-07 1.31298509299444e-07
   0.368877649307251  0.00307016150193448 4.69039466041172e-07 2.56265611154554e-07 2.81242243720801e-07 1.30615686058569e-07
   0.370617866516113  0.00308256259702767  8.0756898757438e-07 2.91631647440737e-07 2.71498083632808e-07 1.29945181821915e-07
   0.372353225946426  0.00309493186175253 2.42889871904627e-07 2.30898964315449e-07 2.59339265940889e-07 1.29292048617528e-07
   0.374088376760483    0.003107301710194 5.77749682167388e-07 2.68751738350683e-07 2.45321955484514e-07  1.2865404526637e-07
    0.37582802772522  0.00311970651676292 -4.2418165883354e-08 1.93724307819443e-07 2.30104173552712e-07 1.28029074831921e-07
   0.377562820911408  0.00313207849712575 7.41324036527972e-07 2.85738551181024e-07  2.1452984450658e-07 1.27420096933585e-07
   0.379292666912079  0.00314441777232979 6.27745482980435e-07 2.74761897749321e-07 1.99348207454834e-07 1.26826629512921e-07
   0.381031781435013  0.00315682504116222 5.10752200051338e-07  2.6275608460763e-07 1.85101651596214e-07 1.26243486167609e-07
   0.382766038179398  0.00316920017753654 5.09077040665239e-07 2.62939935360927e-07  1.7242868482524e-07 1.25675072256109e-07
   0.384495377540588  0.00318154240361634 4.52181484560102e-07 2.57241631378459e-07 1.61651181205511e-07 1.25120956333433e-07
   0.386224508285522  0.00319388506875932 4.47860807582815e-07 2.57147666527333e-07 1.52872958354749e-07 1.24579230561695e-07
   0.387962818145752    0.003206295843605 4.46636909996772e-07 2.57676275083636e-07 1.46027352608958e-07 1.24046729818808e-07
    0.38969162106514  0.00321864037621179 2.74704010761341e-07 2.38710326392994e-07 1.41011123503437e-07  1.2352883999426e-07
   0.391429603099823  0.00323105220148153 4.42596978166899e-07 2.58350117285599e-07 1.37494063406135e-07 1.23019669059116e-07
   0.393157988786697  0.00324339836303261 3.84273350335566e-07 2.52604730520329e-07 1.35187563679861e-07 1.22524387975837e-07
    0.39489558339119  0.00325581199200296 5.52022149689099e-07 2.71527617444669e-07 1.33726948675824e-07 1.22037339228874e-07
   0.396623581647873  0.00326815889110758 5.45655749976799e-07 2.71130284456651e-07 1.32815026262983e-07 1.21563535588406e-07
   0.398360818624496  0.00328057342600346 4.33219625973174e-07 2.60170336235336e-07 1.32167303226817e-07  1.2109745309145e-07
   0.400088429450989  0.00329292140342629 9.16778553431762e-08 2.20955706904773e-07 1.31588875798007e-07  1.2064392691707e-07
   0.401825278997421  0.00330533703629083 2.58419372248993e-07 2.42094028800963e-07  1.3093640538302e-07 1.20197744717377e-07
   0.403552442789078  0.00331768577646446 4.25726290898931e-07 2.61850333439606e-07 1.30146588177329e-07 1.19763514715077e-07
   0.405288904905319  0.00333010253438119 2.53293254157148e-07 2.43508240312956e-07 1.29194695102624e-07 1.19336219367427e-07
   0.407015770673752  0.00334245196674538 -1.43064117296605e-07  1.9371035072138e-07 1.28114323593336e-07 1.18920628638375e-07
   0.408751785755157  0.00335486869709703 3.04479409276746e-07 2.51414400584811e-07 1.26940400760991e-07 1.18513306353255e-07
   0.410478204488754   0.0033672187942017  1.3456140854386e-07  2.3282789980036e-07 1.25746526503656e-07 1.18123054534586e-07
   0.412213802337646  0.00337963619687807 -3.54488381384378e-08 2.12884189461832e-07 1.24593066146371e-07 1.17756256961557e-07
    0.41394454240799  0.00339202034367195 7.25213134793415e-08 2.27845417024741e-07 1.23565904454201e-07 1.17431995032501e-07
   0.415675133466721  0.00340440514601994  1.4191935235508e-08 2.21759242193143e-07 1.22717325356581e-07 1.17163189460656e-07
   0.417405515909195  0.00341678983857994 4.77572367641812e-07 2.58627236456951e-07 1.22061771680274e-07 1.16953867845605e-07
   0.419135570526123  0.00342917414422702 -1.99142798878664e-07 1.79889245927753e-07 1.21577240126423e-07 1.16797721448741e-07
