# intensity: 1.00027750713042
# background: 1.02712332051255e-07
#           Q (1/A)             dQ (1/A)                    R                   dR               theory              fresnel
  0.0100976740941405  8.9479581888303e-05    0.965405862123547   0.0102637374386372    0.998894267226438    0.896841357130227
  0.0105407405644655 9.25914509055987e-05    0.947539303417396   0.0100907559016562    0.983535631080371    0.399516754488206
  0.0109749650582671 9.56521780732915e-05    0.940726447667846   0.0100311390863223    0.971317691260074    0.219932025604058
  0.0114136096090078 9.87540274335797e-05    0.943196880160382   0.0100146439767608    0.959383122684992    0.147781389952331
  0.0118522550910711 0.000101864976747688    0.927143922545752   0.0099112817796712    0.946262298552704    0.107269520054756
  0.0122908987104893 0.000104984231814592    0.929971594893802  0.00994397220310285    0.931137591576234   0.0814543130693754
  0.0127295413985848 0.000108111056955349    0.911481053038853  0.00975472636838775    0.913284100150709   0.0637918971468419
  0.0131681831553578 0.000111244801404555    0.903875419142294  0.00974313481596232    0.891923575071982   0.0511209670502338
  0.0136068286374211 0.000114384946506908    0.881864959606714  0.00952619266550613    0.866175412119602   0.0417114416131189
  0.0140454713255167 0.000117530930487587    0.860106135399623   0.0093703250032958    0.835047778402081   0.0345356343449707
  0.0144841112196445  0.00012068229785851    0.818651658181809  0.00904447099688934    0.797460627755617   0.0289462019230409
  0.0149271506816149 0.000123870345119265    0.773732069419352  0.00867651929476005     0.75186590550711    0.024474352528191
  0.0153613947331905 0.000126999660171898    0.706975474841862   0.0081041338650115    0.698841157438243    0.020947519231685
  0.0158000346273184 0.000130164917685057    0.647539433033302  0.00761512167973735    0.636466234451406   0.0180424159468042
  0.0162386763840914 0.000133334152008395    0.566279842779695  0.00689128770447634     0.56565177430881   0.0156487217922091
  0.0166773162782192 0.000136507065251747    0.484236335710795  0.00624118243672319    0.488009886683427   0.0136575905874649
  0.0171159543097019  0.00013968342890202    0.396957214183256   0.0054860434201914    0.406730667252153   0.0119871948985246
  0.0175590254366398 0.000142895146134346    0.309695783755403  0.00466202570344617     0.32551821610988   0.0105615843277606
  0.0179932322353125 0.000146045583051335    0.239471483217171  0.00400809339223876    0.251989009834215  0.00937223409935687
  0.0184362512081861 0.000149200441998054    0.178618276022526  0.00334804371322293    0.187975371927327  0.00833263347028097
  0.0188705064356327 0.000151837383546581    0.124307715934363  0.00271923713701844    0.139217384851427  0.00745439434695109
  0.0193091444671154 0.000154515954356656    0.099045092890099  0.00241466270254372    0.105088723531116  0.00668554466474225
  0.0197433866560459 0.000157181810171239   0.0857805403277229  0.00222146639418726   0.0852473583529936  0.00602267246508401
  0.0201908145099878 0.000159942535726632   0.0783219314864082  0.00212390079744471   0.0767335264230451   0.0054258149308011
  0.0206250473856926 0.000162634743027303   0.0808119943773635  0.00216736031217497   0.0769419542171077  0.00491748831070861
   0.021068112924695  0.00016539407954436   0.0894066425074025  0.00227521960728526   0.0826966050496073  0.00446035384382873
  0.0214979443699121 0.000168082453670241    0.097453082634656  0.00239121167788489   0.0911021019937138  0.00406782024219324
  0.0219409484416246 0.000191004284355359    0.104520295990221  0.00184987949665795    0.100564557576837  0.00371221355142803
  0.0228182133287191 0.000198661799083419    0.120914187940497   0.0020000825917118    0.116974487597903  0.00311502065007583
  0.0237042475491762 0.000206363204335391    0.125107770984666  0.00200515516963903    0.126117784225764    0.002628659610205
  0.0245815049856901 0.000214020614834925    0.127937447833639  0.00201111492601274    0.126303532676476  0.00223863867592798
  0.0254412107169628 0.000221662378611353    0.125372898333125  0.00196419145979181     0.11862305682515  0.00192538533219345
   0.026336008682847 0.000229209050082477    0.109628801870852  0.00178376191777833    0.104287797559192  0.00165628583452738
  0.0272044837474823 0.000236804336344619   0.0908306266404736  0.00157867158254206   0.0865535076892823  0.00143912648512362
  0.0280729588121176 0.000244616190674345   0.0688879412061204  0.00133144198619139   0.0674697029791685  0.00125698349560804
  0.0289677418768406 0.000252054462647654   0.0513862351439608  0.00112015803421801    0.048705831458767  0.00109880744811236
  0.0298362094908953 0.000259631544039002   0.0347661635872564 0.000900143373202342   0.0331004772674635 0.000968626387140958
  0.0307134445756674 0.000267505025998356   0.0214428045575305 0.000688761981540047   0.0209732781768444 0.000856381818552285
  0.0315994471311569 0.000275007507055525   0.0124354095108194 0.000513871288900191   0.0126914463091464  0.00075919197058051
  0.0324766784906387 0.000282880900860815  0.00649018178275457 0.000325691003969469  0.00804032348804486 0.000676289272877879
  0.0333363525569439 0.000290504180191332  0.00516285783669645 0.000287718155655836  0.00615075215038643 0.000605857830234469
  0.0342135690152645 0.000297818032057839  0.00547481016645729 0.000293199497735326  0.00600307904147471 0.000543289137380322
   0.035099558532238 0.000305644918009346  0.00614042989877098 0.000307923166729283  0.00675092594047277 0.000488129537608502
  0.0359592288732529 0.000313069445225609  0.00732290997190757 0.000334223514665322  0.00762982742572701 0.000441199781573786
  0.0368452034890652 0.000320878175550667  0.00812667382937218 0.000348783035923043  0.00820737033667462 0.000398640366177741
  0.0377136319875717 0.000328581073906534  0.00727661329268102 0.000296142901944146  0.00820938133636648  0.00036181882109062
  0.0385908335447311 0.000336002867458696   0.0071188405441661 0.000290757680201921  0.00760556632994798 0.000328877421287721
  0.0394680202007294 0.000343659224074996  0.00626241476318634 0.000269837975553018  0.00650358725528229 0.000299626637597115
  0.0403539836406708 0.000351377470474167  0.00502546715012472 0.000240581377975932  0.00508407120262103 0.000273330308558187
  0.0412311665713787  0.00035901560842928  0.00377533733367094 0.000205620298735488  0.00360029176665336 0.000250090353318918
  0.0420995689928532 0.000366718065595286  0.00257617757178708 0.000167995370999135  0.00225578586707931 0.000229486922726188
   0.042994286864996 0.000374389693328655  0.00166466190162913 0.000133638079914426  0.00115469915927226 0.000210442811437023
  0.0438714548945427 0.000382027628333341 0.000581164528250056 4.25111267092154e-05 0.000438956603617742 0.000193656508343621
  0.0447310693562031 0.000389667865806786 0.000297145172768154 3.72491005697562e-05 0.000103419285321414 0.000178814529377904
   0.045625776052475 0.000397104779459579 0.000174647432787976 2.86810146622228e-05 9.18029413770491e-05 0.000164852758280372
  0.0464853830635548  0.00040474474218034 0.000436095451457751 4.40402651666991e-05 0.000321972073931346 0.000152703738635633
  0.0473625250160694 0.000412508583519507 0.000743457785767278 5.67291496211074e-05 0.000698916468117883 0.000141449700996912
  0.0482572056353092 0.000420053477089002  0.00124970888884837 7.26853369172263e-05  0.00112264057431199 0.000131021166097267
  0.0491343401372433 0.000427925316059346  0.00146871432116925 7.34279705253528e-05  0.00148673484671507 0.000121715721872485
  0.0499939285218716 0.000435565048943473  0.00186512172838329 8.19180721159338e-05  0.00173261577711332 0.000113391216971006
  0.0508885867893696  0.00044310948943249  0.00197151955834013 8.36812310880473e-05   0.0018394889038342 0.000105473290626388
  0.0517657063901424 0.000450872877656152  0.00190135358188772 8.17730586351444e-05  0.00179441111898802 9.83706259434026e-05
  0.0526252686977386 0.000458061258675598  0.00168571183425643 7.65024264474214e-05   0.0016266557813359 9.19853288484609e-05
  0.0535199157893658 0.000465948211174879  0.00149026748277925 7.12017039977657e-05  0.00136280795787739 8.58836518566319e-05
  0.0543970167636871 0.000473693215129278  0.00101919160786714 5.84124692356597e-05  0.00106484404970648 8.03838234273108e-05
  0.0552565567195415  0.00048111574461652 0.000669532787840451 4.45604930252853e-05 0.000782243204709775 7.54202953220992e-05
  0.0561511851847172 0.000489002440075217 0.000444601694381581 3.62046724616003e-05  0.00053984581113598 7.06553342544744e-05
  0.0570282563567162 0.000496530585160385 0.000353024851904974 3.20721683702409e-05 0.000382752745014014 6.63442130591283e-05
  0.0579053275287151 0.000504184919238651 0.000343469059877111 3.14522326212571e-05 0.000319524150425985 6.23586647677626e-05
  0.0587736181914806 0.000511993789741278 0.000355303701808095 3.17547817215904e-05 0.000347795200741126 5.87050807703668e-05
  0.0596506744623184 0.000519413300788296 0.000424256674475737 3.44222164405478e-05 0.000453115609972169 5.52835830762176e-05
  0.0605277232825756 0.000527049257997479 0.000640951908350017 4.19154669703222e-05 0.000610665832375062 5.21087862845031e-05
  0.0614047646522522 0.000534811381577079  0.00074850495641783 4.28807804564134e-05 0.000790369878350573 4.91598425418017e-05
  0.0622905604541302 0.000542184359463316 0.000980203974195854 4.89542480663111e-05 0.000963345845768055 4.63909615218198e-05
  0.0631675869226456 0.000550054340806343  0.00119740556975887 5.37867072483827e-05  0.00109935950218925 4.38397278947275e-05
  0.0640446022152901 0.000557707885089124  0.00124198883452724 5.42611894131576e-05  0.00118091714117809 4.14623179308014e-05
   0.064912848174572 0.000565064872656561  0.00116130115618497 5.22456193196324e-05  0.00119789779787262 3.92661608224412e-05
  0.0657898560166359 0.000573042800853109  0.00122660396862865  5.3173737861606e-05  0.00114990212308761 3.71943563075912e-05
   0.066666841506958 0.000580587599094682 0.000994472864193412 4.52486529047934e-05  0.00104441851588063 3.52580745164853e-05
  0.0675525963306427 0.000588176279001041 0.000816625585864185 4.08600072060814e-05 0.000894297624846563 3.34291999834824e-05
  0.0684295669198036 0.000595937341635409  0.00067121525807405 3.67279599744794e-05 0.000721129270887096 3.17343213121644e-05
  0.0693065375089646 0.000603463781004103 0.000511650212219263 3.19429497641675e-05  0.00054303322520986 3.01460036228725e-05
  0.0701659619808197 0.000610884285370512 0.000360448071712205 1.88789780763805e-05 0.000380922044899705 2.86853901360787e-05
   0.071051687002182 0.000618706867496738 0.000219385727339013 2.07251767255476e-05 0.000240584892655074 2.72720987996266e-05
  0.0719373971223831  0.00062629482149063 0.000117856008093044  1.5209738621799e-05 0.000136043162719755 2.59450751885134e-05
  0.0728143304586411 0.000634055146794078 4.49113054850439e-05 9.17985176380905e-06 7.07332557436651e-05 2.47101815110001e-05
  0.0736824870109558  0.00064151895552176 3.07564404066535e-05 7.75561229305819e-06 4.10912218041038e-05  2.3559648627071e-05
  0.0745594054460526 0.000649170857294431 5.38385989430198e-05 9.96187627144897e-06 3.98226239020187e-05 2.24651453456702e-05
  0.0754363089799881 0.000657039027866953 9.32270350674954e-05 1.28491421567439e-05 5.79735932966238e-05 2.14338584526613e-05
  0.0763132125139236 0.000664456104924097 0.000119982112965491 1.44355546618365e-05 8.52769298381665e-05 2.04614238040911e-05
   0.077190101146698 0.000672215696811266 0.000163327722784256 1.67149968226212e-05 0.000112230479907012 1.95438958964171e-05
  0.0780669748783112  0.00067997516300877  0.00014527695569122  1.4992190515263e-05 0.000131412848389078  1.8677579956587e-05
  0.0789438486099243 0.000687283566219743 0.000169335929526408 1.61216227464558e-05 0.000138339321893993 1.78590464764122e-05
  0.0798207074403763 0.000695042709469325 0.000138663443420514 1.45462131896124e-05 0.000131720483493111  1.7085217411884e-05
  0.0806975588202477 0.000702675487125768 0.000132969960064797 1.41496452801634e-05 0.000113250535628221 1.63531344872392e-05
  0.0815744027495384 0.000710217888155635 0.000109289240616146 1.28058043625206e-05 8.69070455525938e-05 1.56601760509157e-05
  0.0824424624443054 0.000718022859448104 7.29167838547968e-05 1.04800102558354e-05 5.83008446247443e-05 1.50102309512882e-05
  0.0833280608057976 0.000725608756498315  5.8312007514453e-05 9.35476391403681e-06 3.21613221470487e-05 1.43817960522361e-05
  0.0842048674821853 0.000733132690026783 2.18217526345986e-05  5.7497125065106e-06  1.4217560090786e-05  1.3791908782746e-05
   0.085081659257412 0.000740890848541591 2.45200197559309e-05 5.98955582130072e-06  7.5840330809843e-06 1.32322346752543e-05
  0.0859584584832191  0.00074830625275446  2.0693403475739e-05 5.51141492119189e-06 1.36846028268115e-05 1.27009000553139e-05
  0.0868352353572846 0.000756064017056439 3.36201568765498e-05 6.82020029846808e-06  3.1885930254755e-05 1.21962264805894e-05
  0.0877032354474068 0.000763759744406773 5.59028662017444e-05 8.58062637711205e-06 5.93829151099318e-05 1.17213060429569e-05
  0.0885887667536736 0.000771236534022363 9.23531590645298e-05 1.08794277735157e-05 9.32545393856665e-05 1.12605990885816e-05
   0.089465506374836 0.000779101959610352 0.000120440176256703 1.18809604896186e-05 0.000127990207994461  1.0826766953926e-05
  0.0903422459959984  0.00078653452335277 0.000160524430056844 1.36511702569059e-05 0.000159358351462558 1.04138364998998e-05
  0.0912189707159996 0.000794165225219649 0.000184129470119455 1.45641764899068e-05 0.000183480441450588 1.00206293416513e-05
  0.0920956805348396 0.000801921955857266  0.00018965677773621 1.47001145666716e-05   0.0001976671034122  9.6460177712109e-06
  0.0929723829030991 0.000809335964945284 0.000192116972154004 1.47713018357375e-05 0.000200726733023466 9.28894380729597e-06
  0.0938490852713585 0.000817092341801329 0.000180171997533516  1.4247637579424e-05    0.000193007959221  8.9484386830479e-06
  0.0947169959545135 0.000824894831115157 0.000183021588680311  1.4310055270626e-05  0.00017646096515739 8.62677599424598e-06
  0.0956024304032326  0.00083226196564342  0.00016933801536594  1.3258957386061e-05 0.000153274230528502 8.31355495019619e-06
  0.0964790880680084 0.000840125931447624 0.000114120761497847 1.09190583508269e-05 0.000127426924222403 8.01749878438464e-06
  0.0973557382822037 0.000847538979842817 9.80866743429485e-05 1.00927391580315e-05 0.000102148437914915 7.73467863006422e-06
  0.0982323735952377 0.000855186202777148 7.99311756103345e-05 9.12105865679511e-06 8.04620695263021e-05 7.46440442837678e-06
  0.0991089940071106  0.00086294138416519 5.92693680935958e-05 7.84828988248073e-06  6.4599223571883e-05 7.20600790216911e-06
  0.0999943614006042 0.000870523908020313  5.1990573640712e-05 7.34087270116221e-06  5.5702326795479e-05 6.95644631101148e-06
   0.100870959460735  0.00087827872265049 5.60879991771165e-05  7.3490429125113e-06 5.40463300393568e-05 6.72007068936778e-06
   0.101747542619705 0.000885925126582908 4.37232508765354e-05  6.4924014372383e-06 5.85850419328729e-05 6.49381116668304e-06
   0.102624125778675 0.000893337069650917 6.08220218437046e-05 7.58449646151373e-06 6.76041920347793e-05 6.27714835181626e-06
   0.103500671684742 0.000901091185062511  7.1629087841264e-05 8.15153945359985e-06 7.89110764640094e-05 6.06960440329252e-06
   0.104368470609188 0.000908765396030782 7.40467669361996e-05 8.27000730088405e-06 9.00759096869034e-05 5.87266035298076e-06
   0.105245001614094 0.000916302845745748  9.4703152563796e-05 9.28706575460304e-06 9.92223863822299e-05 5.68192551752335e-06
   0.106112755835056 0.000923994541355459 8.19531937988715e-05 8.59772463327082e-06 0.000104557739821038 5.50080866359351e-06
   0.106998033821583 0.000931467319686103 9.22598028564594e-05 8.77340288023936e-06  0.00010519983866621 5.32355488843531e-06
   0.107874527573586 0.000939094247716413 8.50499895496292e-05  8.4026448189769e-06 0.000100806370746133 5.15517346868745e-06
   0.108751013875008 0.000946847191948962 9.19354376425556e-05  8.7178986016174e-06 9.18513857716993e-05 4.99354288639439e-06
   0.109627477824688 0.000954257458616313 6.09554089119924e-05 7.12511225233276e-06  7.9367208191692e-05 4.83832205960754e-06
   0.110503941774368 0.000962009909158144 6.58174227430142e-05 7.36346486114459e-06 6.47347848185195e-05 4.68921847487345e-06
   0.111380375921726 0.000969870267870028 5.35579492332509e-05 6.65669164982133e-06 4.94895185282239e-05  4.5459474829315e-06
   0.112256810069084 0.000977171752561482 3.28690729363148e-05 5.28923044088448e-06 3.50820028332349e-05 4.40822831557033e-06
     0.1131332218647 0.000985031633275649 1.87380830357203e-05 4.13129908580459e-06  2.2697177442398e-05 4.27581484513425e-06
   0.114009626209736 0.000992566957355168 1.57250985989185e-05  3.6734132953177e-06 1.31150242949232e-05 4.14845581484374e-06
    0.11488601565361  0.00100008411794604 7.30427982594408e-06  2.7151555353097e-06 6.65994670094563e-06 4.02592378067582e-06
   0.115762390196323  0.00100783523112402 8.02776743157335e-06 2.77349027781904e-06 3.21147303218296e-06 3.90800275287544e-06
   0.116629995405674  0.00101529005770339 3.13658091869862e-06 2.02458325011341e-06 2.27756288103277e-06  3.7955971244552e-06
   0.117515094578266  0.00102299442480081 5.96581174413439e-06 2.43631733561758e-06 3.12451750494391e-06 3.68517364194001e-06
   0.118391431868076  0.00103074481945554 5.96450276637598e-06 2.40731404346335e-06 4.91003670609917e-06  3.5798817994543e-06
   0.119267746806145  0.00103826075563231 1.90786280747528e-06 1.71271626656519e-06 6.83805715928171e-06 3.47843385267117e-06
   0.120144046843052  0.00104601066863268 4.67843742085898e-06 2.17806904325899e-06 8.27389893299854e-06 3.38066450832011e-06
   0.121020339429379  0.00105352610020678 3.37169477605743e-06 1.95019678310511e-06 8.82726385738774e-06 3.28641185292543e-06
   0.121896602213383  0.00106116749245039 4.10426466311231e-06 2.06403008841217e-06 8.38594479315343e-06 3.19552798781335e-06
   0.122772864997387  0.00106902477389488 1.01007127662568e-05 2.86244812821596e-06 7.10359496282253e-06 3.10786752882782e-06
   0.123649097979069  0.00107621527228803 7.21579970157679e-06 2.34183054139767e-06 5.34456028142769e-06 3.02329306220976e-06
   0.124525330960751   0.0010840720213535 4.74361055303844e-06 1.99573761750304e-06 3.59765018018867e-06 2.94167761821631e-06
   0.125401541590691  0.00109171234984514 5.81084431050273e-06 2.13938022288213e-06 2.37934745632898e-06  2.8628962763935e-06
   0.126277759671211  0.00109911839188907 7.49181371518725e-06 2.35804633439767e-06 2.13654414710938e-06  2.7868290484341e-06
   0.127153947949409  0.00110697443075723 6.75272738439492e-06 2.25882811351574e-06 3.17039710004465e-06 2.71336996468169e-06
   0.128030106425285  0.00111472212430907 1.35003931943079e-05 2.99390484980478e-06 5.58209484413102e-06 2.64241037386742e-06
          0.12890625   0.0011220191982954 1.39572933772924e-05 3.03990365068674e-06  9.2598198014185e-06 2.57384652276487e-06
   0.129782378673553  0.00112987441465443 1.99503309389559e-05 3.54794321868724e-06 1.38988630196935e-05 2.50758518930392e-06
   0.130658507347107  0.00113738715889607 2.77030443319839e-05 4.12210091054756e-06 1.90449212713322e-05  2.4435302243711e-06
   0.131534621119499  0.00114502583710643 3.66979148601088e-05 4.70722021587896e-06 2.41666856337437e-05 2.38159645739668e-06
   0.132410690188408  0.00115275413652157 3.19439735162095e-05 4.38526257415631e-06 2.87313428166801e-05 2.32170196928119e-06
   0.133286759257317  0.00116017608763048 3.83156575770588e-05 4.74275084534106e-06 3.22811602460183e-05 2.26376259100753e-06
   0.134162828326225  0.00116779588434973 4.63157468337901e-05  4.9870738721975e-06 3.44910676708342e-05 2.20770290837101e-06
    0.13503885269165  0.00117543342882649 4.75821572630124e-05 5.03051214347487e-06 3.52103117451026e-05  2.1534543688702e-06
   0.135914877057076  0.00118307063138039 3.87923669124671e-05 4.54558157089983e-06 3.44710077668376e-05 2.10094704991118e-06
   0.136790886521339  0.00119079769329416  3.5505341317593e-05 4.33541736962107e-06  3.2485694227452e-05 2.05010760868965e-06
   0.137666881084442  0.00119832646037525 3.33368011348922e-05 4.19251889589588e-06  2.9593073600604e-05 2.00087596224519e-06
   0.138551607728004  0.00120600662711036 3.17320270694554e-05 4.04073143576938e-06 2.61806735287146e-05 1.95272335701405e-06
   0.139418810606003  0.00121379709612724 2.42059071482873e-05 3.58266240278658e-06 2.27956827162461e-05 1.90699854989749e-06
   0.140294745564461  0.00122121689534303 2.66503292947001e-05 3.74065158813542e-06 1.97369016368449e-05  1.8622386035086e-06
   0.141170665621758  0.00122872643658211 1.90561865327707e-05 3.19739964022311e-06 1.73522742049141e-05 1.81885973244955e-06
   0.142055347561836  0.00123653159222085 2.57698465271556e-05 3.67603158959753e-06 1.58203120773585e-05 1.77639641796356e-06
   0.142922461032867  0.00124397878941547 1.47532212512853e-05 2.84311075164693e-06 1.52218334246891e-05   1.736043157014e-06
   0.143798321485519  0.00125172154158749 1.69699230367021e-05 3.02227006032515e-06 1.54408984631722e-05 1.69651118384008e-06
   0.144674181938171  0.00125946404891257  1.3974239343808e-05 2.63575266180548e-06  1.6291305767346e-05 1.65816891393022e-06
   0.145550012588501  0.00126686421860818 1.73341284076545e-05  2.9078011025434e-06 1.75013311181674e-05 1.62097380052051e-06
   0.146425828337669  0.00127460617913177 1.40642631543483e-05 2.65070228540775e-06 1.87680726583368e-05 1.58488555778569e-06
   0.147301629185677  0.00128211376258209 1.51770568417135e-05 2.74385198391508e-06 1.98008956428029e-05 1.54986375292017e-06
   0.148177415132523  0.00128985514796619 1.41452487396148e-05 2.66938411460786e-06 2.03600312496678e-05 1.51587197145763e-06
   0.149053186178207  0.00129759612392013  1.5244983882885e-05 2.76283715683864e-06 2.02855657559439e-05 1.48287326376486e-06
    0.14992892742157  0.00130488688960152 1.44295621096236e-05 2.68218505492326e-06 1.95123988666694e-05 1.45083295591012e-06
   0.150804653763771  0.00131262723916531 1.60676919729043e-05 2.78493363593275e-06 1.80688540941584e-05 1.41971866170044e-06
   0.151680365204811  0.00132013335554186 1.19248949496808e-05 2.43733858700534e-06 1.60678039005949e-05 1.38949740691278e-06
   0.152556046843529  0.00132776521535176 8.61099134875525e-06 2.11351243418129e-06 1.36814230229248e-05  1.3601395991156e-06
   0.153431728482246  0.00133561273497976 9.85609501232664e-06 2.21405638872751e-06 1.11141536796818e-05 1.33161493859986e-06
    0.15430736541748  0.00134300992966742 7.79797002450668e-06 1.99460816110926e-06 8.57256542984403e-06 1.30389569185377e-06
   0.155183002352715  0.00135074883768203 3.76596931709757e-06 1.51118415423766e-06 6.23826117292721e-06 1.27695418459786e-06
   0.156058609485626  0.00135848742945455 4.59983995167558e-06 1.60312115718525e-06 4.24765313451092e-06 1.25076537763621e-06
   0.156934201717377  0.00136577583189367 4.69576291299202e-06 1.61042667250982e-06  2.6796031101621e-06 1.22530261617371e-06
   0.157809779047966  0.00137351372504159 7.05563069922001e-07 9.75569222708372e-07 1.55485475330318e-06 1.20054314566887e-06
   0.158685341477394  0.00138112534569173 2.65224629776034e-07 8.71959511373068e-07 8.40273175628782e-07 1.17646307335889e-06
     0.1595608741045  0.00138852094688219 1.42111530208981e-06 1.10120185294157e-06 4.63928737161608e-07 1.15304037349469e-06
   0.160445168614387  0.00139655348906376 1.78141865888339e-06 1.16317894743394e-06  3.3221071174271e-07 1.13002934630233e-06
   0.161311909556389  0.00140399453816778  1.4180844082096e-07 8.38837256651276e-07 3.49582197397959e-07 1.10808208137843e-06
    0.16218738257885   0.0014114970054517 7.55120892360892e-07 8.51736305196027e-07 4.32591517373416e-07 1.08650627728612e-06
   0.163062855601311  0.00141934100579721 1.04308690355928e-06 9.09851113983819e-07 5.25723321667749e-07 1.06550882772089e-06
   0.163938283920288  0.00142675275702964 6.71983053357599e-07 8.47178721384005e-07 6.05373244916755e-07 1.04506754990444e-06
   0.164813697338104  0.00143447012992452 9.75464213479568e-07 9.17001610543858e-07 6.81603630816702e-07 1.02516671668256e-06
    0.16568911075592   0.0014422052372934 1.92115762912043e-06 1.08223245987594e-06 7.91498391565843e-07 1.00578866160352e-06
   0.166564494371414  0.00144959813289586 2.20097943603481e-06 1.13425060118175e-06  9.8900899601202e-07 9.86917246153173e-07
   0.167439833283424  0.00145722454084577 2.53899035828951e-06 1.16651439252335e-06 1.33247055688388e-06 9.68537652828296e-07
   0.168315172195435  0.00146474267984113 1.58836249388434e-06 1.01220815196965e-06 1.87119049460755e-06 9.50633145709981e-07
   0.169190496206284  0.00147235051172297 4.51211659909094e-06 1.39380861781605e-06 2.63451237956944e-06 9.33189553421733e-07
   0.170065805315971   0.0014801918526133 5.47991880529933e-06 1.49238946804016e-06 3.62408315521826e-06 9.16191075890741e-07
   0.170941084623337  0.00148758308765388 5.15916792052126e-06 1.44983108972978e-06 4.80967104448343e-06 8.99629259921857e-07
    0.17181633412838  0.00149531577183812 6.75698272925317e-06 1.61097987944476e-06 6.13313891914263e-06 8.83484457580228e-07
   0.172691583633423  0.00150304805845235 5.14727950769017e-06 1.43579292385283e-06 7.51108306613191e-06 8.67752491973229e-07
     0.1735580265522  0.00151026873625541 6.44354308958472e-06 1.57175774600514e-06 8.83378506296881e-06 8.52567333699888e-07
    0.17443323135376  0.00151800041752146 1.08404315303482e-05 1.96127929447801e-06 1.00297576339036e-05 8.37621393974836e-07
   0.175317138433456  0.00152582931803341 8.07815116056064e-06 1.01807602262628e-06 1.10091731206285e-05 8.22904495444421e-07
   0.177071794867516  0.00154105192095611 1.14983253927044e-05 1.42672429493577e-06 1.20613753327153e-05 7.94764611398265e-07
   0.178826361894608  0.00155614744018287  1.0516974162396e-05 1.36979689321171e-06 1.18435331075424e-05  7.6796490831773e-07
   0.180576488375664  0.00157121042693997 9.07709920889371e-06 1.28992390579735e-06  1.0611499827739e-05 7.42505031169598e-07
   0.182326480746269  0.00158677538156472 9.63490367122629e-06 1.33281393606787e-06  8.8941316278029e-06 7.18257817497676e-07
   0.184076428413391  0.00160188954412584 8.09313056695666e-06 1.26041984355962e-06  7.2369660184486e-06 6.95145332278036e-07
   0.185826271772385  0.00161687641616292 6.12559785940995e-06 1.02625922527938e-06 5.97556358140144e-06  6.7310899056421e-07
   0.187571659684181  0.00163208268248688 4.65084264841005e-06 9.14483388068372e-07 5.15476927284715e-06 6.52140542740179e-07
    0.18932132422924  0.00164751608053936 4.60800000906841e-06 9.06017389665166e-07 4.59489539745806e-06 6.32079365592268e-07
   0.191066488623619  0.00166259335318767  3.9564778965878e-06 8.63687444348311e-07 4.06716165293937e-06 6.12973735636803e-07
   0.192815959453583  0.00167764621752382 4.05248020837098e-06 8.82392978308141e-07 3.43077320054714e-06  5.9467858010962e-07
   0.194565325975418  0.00169293110587007 2.68021182634407e-06 7.52599083598019e-07 2.70728561220877e-06 5.77197405869573e-07
   0.196310237050056  0.00170811188608434 2.44126270415454e-06 7.14181397090016e-07 2.03900044219305e-06 5.60527704880301e-07
   0.198068156838417  0.00172327542434084 1.72585419301352e-06 6.39883479617383e-07 1.58213103703973e-06   5.444676267677e-07
    0.19981724023819  0.00173848376286319 1.13094608699353e-06 5.79778615282093e-07 1.43122432037521e-06 5.29181169913549e-07
   0.201566249132156   0.0017536906537893 1.04155969304161e-06 5.83105145255364e-07 1.56019387740396e-06  5.1455108753046e-07
   0.203315153717995  0.00176902156302927 2.45132356315286e-06 6.99997272269701e-07 1.86611267254927e-06  5.0054406437878e-07
   0.205063953995705  0.00178400985624728 2.64224110184711e-06 7.09662726793663e-07 2.23613859223002e-06 4.87128171068951e-07
   0.206812635064125  0.00179921163155486 2.22702279007488e-06 6.74438576308129e-07 2.60922019539861e-06  4.7427416473451e-07
    0.20855250954628  0.00181445818025505 3.47462418084012e-06 7.20602975527626e-07 2.99220325361286e-06 4.62013912700178e-07
   0.210300996899605  0.00182978244722175 3.73124561140334e-06 7.51141895918721e-07 3.43676711745152e-06 4.50198503672601e-07
   0.212058112025261  0.00184464607079328 4.43111065884722e-06 7.83487340791893e-07 3.97547434229289e-06 4.38810032739926e-07
    0.21380640566349  0.00185978739913384 2.96859728656466e-06 6.70516156928123e-07 4.57274151161728e-06 4.27938011129419e-07
   0.215550184249878  0.00187518335113309 5.27495974615361e-06 8.24494427369834e-07 5.12994846374715e-06 4.17528613488966e-07
   0.217298313975334  0.00189048317230494 5.94373779883698e-06 8.66250068196689e-07 5.51397689301398e-06 4.07508669471719e-07
   0.219041898846626  0.00190542722263731 4.49920691197325e-06  7.8540277548689e-07 5.60770373554869e-06  3.9790824541756e-07
   0.220785424113274  0.00192036969169024 6.85777432899488e-06 9.12378263472144e-07 5.36357295609771e-06 3.88683303968681e-07
    0.22253754734993  0.00193592800241029 5.10314342428758e-06 8.01521384419063e-07 4.81514525624906e-06 3.79773238831813e-07
   0.224289551377296  0.00195103591427873 3.88572743424891e-06 7.20405314086132e-07 4.06995157634957e-06 3.71207987438163e-07
   0.226032733917236  0.00196608083034622 3.28040307430572e-06 6.82879002422753e-07 3.26694359030349e-06 3.63011918613222e-07
   0.227784484624863  0.00198129268175356 1.88556867846686e-06 5.87128698827476e-07 2.51701325027951e-06 3.55088307793932e-07
   0.229531839489937  0.00199636472806028 2.83501315801349e-06 6.46384010168042e-07 1.90163306767881e-06 3.47482706803494e-07
   0.231279045343399   0.0020116680756174 1.67806666513323e-06 5.06993066880948e-07 1.44782268363419e-06 3.40162168933084e-07
   0.233026146888733  0.00202673622872713 1.05180596149708e-06 4.48458795798254e-07 1.15205415369597e-06 3.33113696939666e-07
     0.2347731590271  0.00204191058590934 1.38133518075169e-06 4.85263477302513e-07 9.98244041093277e-07 3.26325247747855e-07
   0.236519992351532  0.00205724419168243 1.53758246401957e-06 5.11420922674584e-07 9.70851896959918e-07 3.19785702678036e-07
   0.238266751170158  0.00207225292978813  3.9152368149569e-07 3.89531977423939e-07 1.05663299457471e-06 3.13483751776391e-07
   0.240009039640427  0.00208728318390156 1.45140218369739e-06 4.85994069109084e-07 1.23763206836548e-06 3.07424172649006e-07
    0.24176424741745  0.00210252886242694  1.2412069188425e-06 4.69398259123883e-07 1.48732768476073e-06 3.01538327867231e-07
    0.24351067841053  0.00211785494009767 1.27882456881527e-06 4.82301503413442e-07 1.76168977862658e-06 2.95890384057623e-07
   0.245256930589676  0.00213285603487176 2.06649601783038e-06 5.60620994628315e-07 2.01603993887631e-06  2.9044210391406e-07
   0.247003078460693   0.0021478557640384 2.15857347256642e-06 5.49922106702651e-07   2.212083707547e-06 2.85184897792447e-07
   0.248749122023582  0.00216296038915219 2.17161779048123e-06 5.39731719995871e-07 2.32932525103894e-06 2.80110793989515e-07
   0.250486344099045  0.00217839628281276 3.07074643627904e-06 5.98602523074264e-07  2.3682875351611e-06 2.75236237246524e-07
   0.252236515283585  0.00219347456513425 2.51268936837061e-06  5.6074716881649e-07 2.34556074158778e-06  2.7049349257693e-07
   0.253986567258835  0.00220844295254043 2.23597732365937e-06 5.14755625747939e-07 2.28226578693066e-06 2.65912919354073e-07
   0.255732089281082  0.00222375512863702 1.95299516602695e-06 4.85496715471685e-07 2.19511692232668e-06 2.61498891431093e-07
    0.25747749209404  0.00223884991813238 1.89535602703461e-06 4.78925976898161e-07 2.08976067642119e-06 2.57233363442641e-07
   0.259214073419571  0.00225382815810606  2.7641484133703e-06  5.4297417026986e-07 1.96342614750126e-06 2.53130617575426e-07
   0.260963588953018  0.00226896743684767 1.69270193274976e-06 4.76286565400686e-07 1.80803772435207e-06 2.49134153497049e-07
   0.262704342603683  0.00228413309769403 1.20764866246704e-06 4.55605851982256e-07  1.6232821447061e-06 2.45288551148602e-07
   0.264444887638092   0.0022992429972933 1.04717939902414e-06 4.27707634041132e-07  1.4149739513684e-06 2.41568857800285e-07
   0.266194045543671  0.00231430509009131  1.1693323175225e-06 4.29642684525427e-07 1.19687269710782e-06 2.37952190447762e-07
   0.267943054437637  0.00232936441817684 1.22105102462979e-06 4.33400024021197e-07 9.89374886775303e-07  2.3445284352964e-07
   0.269683241844177  0.00234470105392565 5.73409980175151e-07 3.85312887845728e-07 8.11377674702442e-07 2.31082716538148e-07
   0.271431982517242  0.00235986320109818  1.2512135924384e-06 4.56139355219591e-07 6.73571204388484e-07 2.27804222175234e-07
   0.273171901702881  0.00237474822431416 6.65800598796566e-07 3.80346020630129e-07 5.82235084593938e-07 2.24645220864757e-07
   0.274920403957367  0.00238979917031809 7.82888886505739e-07 3.67578572922864e-07 5.35470307311606e-07 2.21570482662107e-07
    0.27666437625885  0.00240515717050281 5.56270327644727e-07 3.00130213245574e-07 5.28833820736139e-07  2.1859968034104e-07
   0.278408259153366  0.00242028078123594 7.78965947903759e-07 3.11356394510137e-07 5.55321732482729e-07 2.15721257227927e-07
    0.28015199303627  0.00243529456829713 7.59955203697755e-07 3.05144461677457e-07 6.07158684727947e-07 2.12931891385344e-07
   0.281895577907562  0.00245019910082103 5.22177130128343e-07 2.83166506871797e-07 6.75480416301341e-07 2.10228285454562e-07
   0.283639043569565  0.00246559303091884 1.64718952166505e-07 2.51161343872485e-07 7.50045886941448e-07 2.07607291892868e-07
   0.285375952720642   0.0024789569327277 1.08221219223368e-06 2.10170482065734e-07 8.19418517503185e-07 2.05074979167253e-07
   0.287119150161743  0.00249119919708957  6.5719713837718e-07 2.07116277168369e-07 8.73382484585604e-07 2.02609814893569e-07
   0.288863450288773   0.0025034546822975 4.07131201085862e-07 2.18386637137684e-07 9.03299588405004e-07 2.00216935470766e-07
   0.290605127811432  0.00251569712310621 9.92979767731142e-07 2.38395368647183e-07 9.04963183889381e-07 1.97898719530163e-07
   0.292347848415375  0.00252795217972285 7.73838543115833e-07 2.27599012896777e-07 8.79148506635379e-07 1.95647673739251e-07
   0.294090449810028  0.00254021135901833 8.84956141670234e-07 2.29274203599674e-07 8.30808773155228e-07 1.93462934748362e-07
   0.295832991600037  0.00255247494425651 4.72586635895255e-07 2.10214528228804e-07 7.67348689894676e-07 1.91342101556288e-07
   0.297575235366821  0.00256474166257518 8.13796157861388e-07 2.21586016486005e-07 6.96498975304027e-07 1.89283214425406e-07
   0.299317479133606  0.00257701265593527 6.31341721827056e-07 2.11849079516381e-07 6.24607498684614e-07  1.8728376957269e-07
   0.301059454679489   0.0025892873204449 4.28050707485831e-07 2.00661056671117e-07 5.55942074257666e-07 1.85342022767924e-07
   0.302800238132477  0.00260155787669177 2.44046425380669e-07 1.89909860953943e-07 4.92877939843243e-07 1.83456962476615e-07
   0.304542034864426  0.00261384052470604 2.85213410951428e-07 1.89244453644441e-07 4.36503798026653e-07 1.81624311701399e-07
   0.306283593177795  0.00262612572455735 4.34406453457438e-07 1.93688064146626e-07 3.87622394130426e-07 1.79843608067757e-07
    0.30802384018898  0.00263840626173692 3.04480675981545e-07 1.85421534989976e-07 3.47019483558105e-07 1.78114143509448e-07
   0.309772551059723   0.0026507508664211 1.89575138639991e-07 1.77530397878265e-07 3.15287034110313e-07  1.7642483108136e-07
   0.311513662338257  0.00266304616617907 2.66399323637651e-07  1.7894571058505e-07 2.93204900735497e-07  1.7478959241337e-07
   0.313255965709686  0.00267535464482204 1.17489454196386e-07 1.69259952260234e-07 2.80522145249066e-07 1.73198383711798e-07
   0.314995557069778  0.00268764734218423 3.01914859058686e-07  1.7650701179104e-07 2.76509756770791e-07 1.71653220518588e-07
   0.316737443208694  0.00269996105558295 6.35425621220975e-07 3.33812577966908e-07 2.79885987060788e-07 1.70148220722378e-07
   0.318473219871521  0.00271223552868187 4.69908183945036e-07 2.94525577703767e-07  2.8908743112788e-07 1.68689130183755e-07
   0.320213675498962  0.00272454652387041 5.36365724672842e-07 2.99159557256728e-07 3.02589407071123e-07 1.67265518950907e-07
   0.321958601474762  0.00273689358779013 6.58374883090618e-08 2.46647593373725e-07 3.18868007006613e-07 1.65876604946614e-07
    0.32369863986969  0.00274920989096952 1.92783073193572e-07 2.60057329759895e-07 3.36255450438983e-07 1.64528574241004e-07
   0.325438529253006  0.00276152867903594 1.98843359002887e-07 2.59027314108593e-07 3.53106489860189e-07 1.63216430014719e-07
   0.327178299427032  0.00277385074959592 8.43845798637338e-08 2.43590762915493e-07 3.67631708081703e-07 1.61939004927891e-07
   0.328917890787125  0.00278617489782964 2.13704830257693e-07  2.5791944322837e-07 3.78095185513242e-07 1.60695247028709e-07
   0.330657333135605  0.00279850156087293 4.07151872742978e-08 2.35365786666893e-07 3.83093159402489e-07 1.59484076332767e-07
   0.332396537065506  0.00281083055570704 2.90403046153344e-07 2.64289550919103e-07 3.81823977185913e-07 1.58304623049628e-07
   0.334135681390762  0.00282316208620862 2.97253314447491e-07 2.63793717312277e-07 3.74333624450096e-07 1.57155591611986e-07
    0.33587458729744  0.00283549579524134 6.36938767248736e-08 2.34313036769011e-07 3.61406841565852e-07 1.56036248796134e-07
    0.33761340379715  0.00284783185640362 3.13320133852751e-07 2.63543156262435e-07 3.44437117693086e-07 1.54945583134709e-07
   0.339356750249863  0.00286020352988059 3.21018452834045e-07 2.63389604756507e-07 3.25059932927436e-07 1.53879930420252e-07
   0.341090440750122  0.00287251063185272 2.66523901398434e-07  2.5587393738464e-07 3.05116816602882e-07 1.52846995631485e-07
   0.342828720808029   0.0028848525044318 2.74023580346045e-07 2.55682760656183e-07  2.8589222977168e-07   1.518373670142e-07
   0.344566851854324  0.00289719697880785 3.43269028092635e-07 2.63216213145297e-07 2.68554158421184e-07 1.50853112280785e-07
    0.34630474448204  0.00290954306909302 8.94594453946554e-07 3.19540515598992e-07 2.53881206129147e-07 1.49893516749687e-07
   0.348042547702789   0.0029218912575689 7.16618469884782e-07 3.01247416865125e-07 2.42365394324212e-07 1.48957760752252e-07
   0.349780172109604  0.00293424122076062 3.65311303446574e-07 2.63285137889526e-07 2.34271632724387e-07 1.48045185095446e-07
   0.351512879133224  0.00294655943980371 -4.95058180799439e-08 2.09529076395947e-07 2.29675486434513e-07 1.47157495932025e-07
    0.35325014591217  0.00295891265736337 1.39786209458398e-07 2.34707318122458e-07 2.28434236431941e-07  1.4628918399601e-07
    0.35498720407486   0.0029712677094642  3.2881098899317e-07 2.57342936046837e-07 2.30267479479084e-07 1.45442075631959e-07
   0.356724083423614   0.0029836240855446 3.96106940144998e-07 2.64592627075711e-07 2.34716721903811e-07 1.44615538211365e-07
   0.358460903167725  0.00299598245632119 4.04994620385215e-07 2.65417078280105e-07 2.41201728101575e-07 1.43808916600589e-07
   0.360202193260193  0.00300837584609837 1.59333132877667e-07 2.35300971409801e-07 2.49091718011023e-07 1.43019612829209e-07
    0.36193385720253  0.00302070349941782 5.79444352104805e-07 2.84016113217213e-07 2.57642196131627e-07 1.42253373445052e-07
   0.363674759864807  0.00303309941338071 9.33538933006347e-08  2.2640841541989e-07 2.66277650169322e-07 1.41501317264452e-07
   0.365410834550858  0.00304546337290825 4.51003490541024e-07 2.69837188756059e-07 2.74292317261107e-07 1.40769067536743e-07
   0.367146700620651  0.00305782860220029 5.31360407930943e-07 2.63420231483703e-07 2.81120027677371e-07 1.40054103164755e-07
   0.368877649307251  0.00307016150193448 4.69039466041172e-07 2.56265611154554e-07 2.86228224120506e-07 1.39357802325597e-07
   0.370617866516113  0.00308256259702767  8.0756898757438e-07 2.91631647440737e-07 2.89232586070011e-07 1.38674063643762e-07
   0.372353225946426  0.00309493186175253 2.42889871904627e-07 2.30898964315449e-07 2.89831024652513e-07 1.38008038864473e-07
   0.374088376760483    0.003107301710194 5.77749682167388e-07 2.68751738350683e-07 2.87959680485669e-07 1.37357442572192e-07
    0.37582802772522  0.00311970651676292 -4.2418165883354e-08 1.93724307819443e-07 2.83748796873088e-07 1.36720136440962e-07
   0.377562820911408  0.00313207849712575 7.41324036527972e-07 2.85738551181024e-07 2.77581011367352e-07 1.36099138507298e-07
   0.379292666912079  0.00314441777232979 6.27745482980435e-07 2.74761897749321e-07 2.70005417176148e-07 1.35493957197869e-07
   0.381031781435013  0.00315682504116222 5.10752200051338e-07  2.6275608460763e-07 2.61601270760065e-07 1.34899303740892e-07
   0.382766038179398  0.00316920017753654 5.09077040665239e-07 2.62939935360927e-07 2.53111738888627e-07 1.34319670448007e-07
   0.384495377540588  0.00318154240361634 4.52181484560102e-07 2.57241631378459e-07 2.45168903967891e-07 1.33754617358344e-07
   0.386224508285522  0.00319388506875932 4.47860807582815e-07 2.57147666527333e-07 2.38273171760855e-07  1.3320219897702e-07
   0.387962818145752    0.003206295843605 4.46636909996772e-07 2.57676275083636e-07 2.32778110329661e-07 1.32659187708613e-07
    0.38969162106514  0.00321864037621179 2.74704010761341e-07 2.38710326392994e-07 2.28958028149347e-07 1.32131075749562e-07
   0.391429603099823  0.00323105220148153 4.42596978166899e-07 2.58350117285599e-07  2.2682056077801e-07 1.31611854773778e-07
   0.393157988786697  0.00324339836303261 3.84273350335566e-07 2.52604730520329e-07 2.26283228994498e-07 1.31106797808427e-07
    0.39489558339119  0.00325581199200296 5.52022149689099e-07 2.71527617444669e-07 2.27103463583247e-07 1.30610135669648e-07
   0.396623581647873  0.00326815889110758 5.45655749976799e-07 2.71130284456651e-07 2.28942715788849e-07 1.30126980069918e-07
   0.398360818624496  0.00328057342600346 4.33219625973174e-07 2.60170336235336e-07 2.31419990089585e-07 1.29651698014007e-07
   0.400088429450989  0.00329292140342629 9.16778553431762e-08 2.20955706904773e-07 2.34101825771414e-07 1.29189220117975e-07
   0.401825278997421  0.00330533703629083 2.58419372248993e-07 2.42094028800963e-07 2.36623471148451e-07  1.2873423115236e-07
   0.403552442789078  0.00331768577646446 4.25726290898931e-07 2.61850333439606e-07 2.38617288283064e-07  1.2829143029719e-07
   0.405288904905319  0.00333010253438119 2.53293254157148e-07 2.43508240312956e-07 2.39836769466398e-07 1.27855700973221e-07
   0.407015770673752  0.00334245196674538 -1.43064117296605e-07  1.9371035072138e-07 2.40091400485208e-07 1.27431907294179e-07
   0.408751785755157  0.00335486869709703 3.04479409276746e-07 2.51414400584811e-07 2.39306922023561e-07 1.27016545262017e-07
   0.410478204488754   0.0033672187942017  1.3456140854386e-07  2.3282789980036e-07 2.37544249273814e-07 1.26618590634003e-07
   0.412213802337646  0.00337963619687807 -3.54488381384378e-08 2.12884189461832e-07 2.35008691957113e-07 1.26244553192667e-07
    0.41394454240799  0.00339202034367195 7.25213134793415e-08 2.27845417024741e-07 2.32108978180271e-07 1.25913890965911e-07
   0.415675133466721  0.00340440514601994  1.4191935235508e-08 2.21759242193143e-07 2.29274091696949e-07 1.25639779696637e-07
   0.417405515909195  0.00341678983857994 4.77572367641812e-07 2.58627236456951e-07 2.26811103610242e-07 1.25426326481384e-07
   0.419135570526123  0.00342917414422702 -1.99142798878664e-07 1.79889245927753e-07 2.24831484751907e-07 1.25267098059357e-07
