# intensity: 0.997897129666843
# background: 3.1430833336896e-07
#           Q (1/A)             dQ (1/A)                    R                   dR               theory              fresnel
      0.010084459364     0.00010301271332        0.99060473148       0.010563542732    0.996134525786624    0.880468254602044
      0.010527572831     0.00010516249785        0.97661193666       0.010441279393    0.988517103372301    0.410215951639386
      0.010957382779      0.0001072922675        0.98807846201       0.010539424411    0.980342366394175    0.224335944665688
      0.011400472385     0.00010953100917        0.96423061548       0.010304250072    0.970903472366886       0.149290206536
      0.011830312024     0.00011174221746        0.95560004233       0.010292935543    0.959561488497666    0.108726681358477
      0.012277757864     0.00011408277381        0.94663621366       0.010226899042    0.944445354718147   0.0819714497711923
      0.012716371148     0.00011641324928        0.91241736146      0.0099023999243    0.925175543578174   0.0641247907527216
      0.013159412929     0.00011880140158        0.90662362274      0.0099148818247     0.89977133019728   0.0512382035338581
      0.013593700546     0.00012117372412        0.87333413658      0.0096539643153    0.867352501644436   0.0418714536733756
      0.014041082168      0.0001236481371        0.82494481857      0.0092914956277    0.824180947026013   0.0345262981054697
      0.014470975218     0.00012605336378        0.77726404339      0.0088960595594    0.771445928786736   0.0290302037655065
        0.0149139815     0.00012855857508        0.70004077822      0.0083146786816    0.704197598528096   0.0245387835811154
      0.015348249037     0.00013103911185         0.6171389073      0.0076590667876    0.625686105875795   0.0209968599065933
      0.015791263766     0.00013359342958        0.51371586062      0.0067930791659    0.535349186712619   0.0180536991354301
      0.016221121047     0.00013609360472        0.43210146033      0.0060959127578    0.443343926822103   0.0156998430054917
      0.016668542802      0.0001387174039        0.33747504569       0.005248827174    0.351285438980271   0.0136627922464361
      0.017107181564     0.00014130978984        0.25900984995      0.0044799239449    0.273241674641191   0.0119899092113486
      0.017550214409     0.00014394723651        0.20568003341      0.0039319426566    0.212743466578293   0.0105629363421514
      0.017984456025     0.00014654997154         0.1669950762       0.003509855619    0.173114369451431  0.00937243872893361
      0.018427478239     0.00014922236187        0.14938067717       0.003299486706    0.150658647665539  0.00833198923487124
       0.01885736761     0.00015183111866        0.14723470632      0.0032760406905    0.142081300373951  0.00746162525698723
      0.019304756228     0.00015456152523        0.14685990505      0.0032660539884    0.142156754681272  0.00667709750879561
      0.019734613428     0.00015719903462        0.15368559444      0.0033443112594     0.14684192137184  0.00602094424791907
      0.020177706922     0.00015993148633         0.1602731667      0.0034167878142    0.153362472985299   0.0054293972030048
       0.02061186743     0.00016262169732        0.17100579443      0.0035525634992    0.159383035647373  0.00492050627191073
      0.021059259083     0.00016540653623        0.17073016209      0.0035537884473    0.163949573716179  0.00445856216072005
      0.021489170283     0.00016809406952        0.17086757139      0.0035497180809    0.166119102337727  0.00406595397944012
      0.021940947339     0.00021434759213         0.1692637428      0.0026716588365    0.165451392451408  0.00370487002063003
      0.022809438424     0.00022268882966        0.16493713409      0.0025946367965    0.157264801324577  0.00311430292580019
      0.023677926785     0.00023152492749        0.15289596595      0.0024264399802    0.141126262340214  0.00263654303868215
      0.024563957741     0.00023977165934        0.10751506407       0.001771634727    0.118943685037668  0.00224148864224506
      0.025441211656     0.00024841709665       0.088303047982       0.001561088994   0.0944029677968951  0.00192171950439459
      0.026318465085     0.00025727095267       0.068349112281      0.0013286146911   0.0702891785430308  0.00165787551264952
      0.027195712694     0.00026526542577       0.049524514207      0.0011004025389   0.0490534436488873  0.00143843310676253
      0.028081730878     0.00027403269465       0.034293302921     0.00089206670517   0.0321211966207408  0.00125291727807506
      0.028958971718     0.00028296429757       0.018804220474     0.00058659298013   0.0203893641869285  0.00109813841578369
      0.029836209028     0.00029111479763       0.013705831285     0.00049383275271   0.0133202813684473 0.000966824336487597
      0.030713445318     0.00030012434974       0.010048379471     0.00041549791918  0.00995049393434332 0.000854786831752404
      0.031590675251     0.00030874335659       0.010111023927     0.00041146399441  0.00905053716169516  0.00075868548209228
      0.032467901335     0.00031689352918       0.010969321906     0.00042429264199  0.00943185236753501 0.000675836247915509
       0.03332758136     0.00032568473559      0.0098383634437     0.00036540716198   0.0101252599487592 0.000605450990273726
      0.034204799507     0.00033404300924       0.010851910149     0.00038047154869   0.0105291724343057 0.000542927643999477
      0.035090787068     0.00034280985761       0.010917955803     0.00037558170666   0.0102999589015279 0.000487817370376208
      0.035967996729     0.00035132425919      0.0098426088646     0.00035303089459  0.00938540264664394 0.000440021444400917
      0.036836431128     0.00035961236078      0.0084111982931     0.00032236632455  0.00793492066862155 0.000398390122752199
      0.037722405411     0.00036840492659      0.0057966679994     0.00024818375104  0.00613763859445398 0.000360910967465595
      0.038599601604     0.00037697116591      0.0038792333272     0.00020073374987   0.0043126332173294 0.000328075107080493
      0.039485566449     0.00038539915318      0.0025842110391     0.00016161373813  0.00266311120843886 0.000298641005164897
      0.040353982388     0.00039431172731      0.0017345313562     0.00013042738943  0.00139996951328766  0.00027295013954237
      0.041239934792     0.00040263527116     0.00064574131373     8.0171699803e-05 0.000548680090280714 0.000249544755060017
      0.042108340889     0.00041131333225     0.00023416108467     4.6696911305e-05 0.000134503283869142 0.000229002863619546
      0.042985515111     0.00042006142086     0.00015610114762     3.8210426241e-05 6.50169530343296e-05 0.000210373233248655
      0.043866209055      0.0004280720557     0.00025480721667     2.1302382721e-05 0.000232136227489262 0.000193545328403855
      0.044735457301     0.00043688417251     0.00051173089549      3.261978336e-05 0.000506985367147547 0.000178565880826359
      0.045612620416     0.00044544968185     0.00078277188085     3.9724786217e-05 0.000784569873598391  0.00016490130765446
      0.046489763366     0.00045380677604     0.00093441709267     4.0937920787e-05 0.000981842358807507 0.000152526886840657
      0.047366915585      0.0004626844313      0.0010145532947     4.2196659438e-05  0.00105650966946695 0.000141299633060961
       0.04824844089     0.00047132363435     0.00096160097525     4.0784638105e-05  0.00100389107321436 0.000131043864481787
       0.04912119229     0.00047960632295     0.00086465326153     3.8348221521e-05 0.000851937753999778 0.000121797624478425
      0.050011468368     0.00048852355243     0.00068963043601     3.4014001444e-05   0.0006415362577017   0.0001131953782695
      0.050879816289     0.00049678399101     0.00036017012694     2.3287691287e-05 0.000434650945438738 0.000105528524729555
      0.051761322925       0.000505422741     0.00024880926448     1.9343909614e-05 0.000270246053322472 9.84033976041059e-05
      0.052638450221     0.00051429985912     0.00019947610649     1.7251630699e-05 0.000185490901369853 9.19041189632538e-05
      0.053515512709     0.00052247371234     0.00022799455419     1.8200968138e-05 0.000193723927442737 8.59365806100281e-05
      0.054392614543      0.0005312981476     0.00034808421059     2.2157159558e-05 0.000289902779835154 8.04488818990382e-05
      0.055269714896     0.00053973220977     0.00052927154891     2.5849477114e-05 0.000452582656629424 7.53952186768161e-05
      0.056146810558      0.0005480620818     0.00068824838884     2.9249240014e-05 0.000649816630487173 7.07349030441243e-05
      0.057019490052     0.00055704650816     0.00089515830071      3.308099682e-05 0.000844943379157892 6.64528439742748e-05
      0.057896529632     0.00056527167281      0.0010591260595     3.5810883106e-05  0.00100729208895915 6.24732684539506e-05
      0.058773635908     0.00057404378496      0.0012324090159     3.8517399444e-05  0.00111122457139766 5.87891909340417e-05
      0.059650704635     0.00058280249683      0.0011456778657     3.5577749008e-05  0.00114357321619607 5.53749381121512e-05
      0.060527730232     0.00059098838396      0.0011764075893     3.5885425852e-05  0.00110358347132935   5.220690499833e-05
      0.061395988252     0.00059971579702      0.0010522867485     3.3699316235e-05  0.00100266068678525 4.92927289519322e-05
      0.062277413246     0.00060817074088     0.00092151015127     3.1355730135e-05 0.000856260797489133 4.65411994156172e-05
      0.063154441007     0.00061649948696     0.00072590486596     2.7639608255e-05 0.000689364293689899  4.3992874572212e-05
      0.064035837499     0.00062547460148     0.00051347313404     2.2215963887e-05 0.000523297356424915 4.16067690597132e-05
      0.064904074592     0.00063391515377      0.0003680230663     1.8721246415e-05 0.000380459810879176 3.94138988612748e-05
      0.065785465608     0.00064249966754     0.00026310394387      1.577293957e-05 0.000269859888710689 3.73351757716161e-05
      0.066666839476     0.00065113598309     0.00020685113679     1.3954871944e-05 0.000199927948796812 3.53930032522597e-05
      0.067543824032     0.00065933380044     0.00015530768455     1.2103251412e-05 0.000169531106127526 3.35855136426132e-05
      0.068420800357     0.00066805191461     0.00017131597787     1.2209214409e-05 0.000171127112890378 3.18933017896605e-05
      0.069297773573     0.00067697826677     0.00017203442999     1.2184781878e-05 0.000193701188085598 3.03075717691193e-05
      0.070176918396     0.00068524504903     0.00022387809706     9.7761542625e-06 0.000224891728501233  2.8816693388638e-05
      0.071047306796      0.0006939492943      0.0002544271925     1.4553728034e-05 0.000252769506678009 2.74310229929245e-05
      0.071924246884     0.00070217226995     0.00027433460766     1.5045278639e-05 0.000268991257066556 2.61192487703286e-05
      0.072801166802     0.00071088955868      0.0002729852195     1.4499541991e-05 0.000268178106553011 2.48861261086506e-05
      0.073682480629     0.00071968075089     0.00025785787722     1.3842257576e-05 0.000249207493702612 2.37201872261546e-05
      0.074555022652     0.00072793339475       0.000240579486     1.3446967183e-05 0.000215112743160313 2.26332926823548e-05
      0.075431933784     0.00073649408099     0.00016637946129     1.1184237397e-05 0.000170785623156318 2.16039514413544e-05
      0.076313209758     0.00074559714996     9.5300275892e-05     8.5189387573e-06 0.000122788518084942 2.06287041951355e-05
        0.0771944892     0.00075363283361      6.867740908e-05     7.0072603399e-06 7.80257450064071e-05 1.97086723585736e-05
      0.078071374206     0.00076245321781     3.6632016619e-05     5.2821378659e-06  4.2131906051733e-05 1.88444625723757e-05
       0.07894384588     0.00077106919245     2.3021967803e-05      4.343532116e-06   1.832509909254e-05 1.80319439855403e-05
      0.079820710718     0.00077921262551     1.3468133092e-05     3.5184201106e-06 7.35813623505605e-06 1.72597772738538e-05
      0.080697560604     0.00078808443737     2.2245499774e-05     4.1865563184e-06 8.15723105002205e-06 1.65293233360733e-05
      0.081574400657     0.00079656569431     2.4208369277e-05     4.1302985426e-06 1.77349897393688e-05 1.58378578399489e-05
      0.082451230771     0.00080512491044     5.7235652434e-05     5.9878376595e-06 3.21354740234979e-05 1.51829258207118e-05
      0.083328050838     0.00081384006398     5.9788481589e-05     6.0819531944e-06 4.72455670232015e-05 1.45622350672824e-05
      0.084204860752     0.00082211262019     7.2997741246e-05     6.6546305754e-06 5.95664783983342e-05 1.39736385066814e-05
      0.085081665632     0.00083087938932     8.8135155096e-05     7.2383178454e-06 6.67653769021621e-05 1.34151866007239e-05
      0.085962849115     0.00083961600471     7.9706106921e-05      6.692427931e-06 6.79641241251117e-05 1.28824335106217e-05
      0.086835233731     0.00084796999644     6.5938970325e-05     6.1083868837e-06  6.3753675095719e-05 1.23814347150977e-05
      0.087707600961     0.00085671411608     6.6912274878e-05     6.1183561122e-06 5.58770541502185e-05 1.19052197948933e-05
      0.088584357408     0.00086498563599       5.82564353e-05     5.6998776564e-06 4.66904754474356e-05 1.14500706302603e-05
      0.089465517328     0.00087356536711     4.3920977921e-05       4.95861459e-06  3.8789076318529e-05  1.1014952601105e-05
      0.090346631345     0.00088227476591     3.2107728506e-05     4.1321866589e-06 3.44885769248264e-05 1.06009227501167e-05
      0.091218940428     0.00089040625657     4.2824634317e-05     4.6790617978e-06 3.52385114720497e-05 1.02105803077826e-05
       0.09209567241     0.00089931476719     3.1711823817e-05     4.0532474086e-06 4.14826038769554e-05 9.83678199667168e-06
      0.092972396898     0.00090800175337     5.1277720685e-05     5.0481406366e-06 5.26468861856116e-05 9.48048503454466e-06
      0.093849058561     0.00091621986952      6.822820106e-05     5.7696284361e-06 6.72675552035924e-05 9.14073036787009e-06
      0.094725777149     0.00092514061593     7.6016815825e-05     5.8925209099e-06 8.32957995628114e-05 8.81658373666035e-06
      0.095602404582     0.00093367040114     9.4681391096e-05     6.5362033678e-06 9.84599945962088e-05 8.50722454822555e-06
      0.096479093013     0.00094191421309     0.00010273653453     6.7870304795e-06 0.000110669516371035  8.2117984001965e-06
      0.097355717108     0.00095083400682     9.6630388757e-05     6.5469493489e-06 0.000118313878873005 7.92963692920207e-06
      0.098236738141     0.00095915115015     0.00011467310537      7.092056533e-06 0.000120542383235514 7.65862434115987e-06
      0.099108987995     0.00096758036921     0.00010228948945     6.5341357087e-06 0.000117283559592185 7.40209813604309e-06
      0.099985596882     0.00097621335137      0.0001068847254     6.6603304514e-06 0.000109216067083798 7.15549050669099e-06
       0.10086219359     0.00098463800973     9.0812081726e-05     6.1141821749e-06 9.76207810811655e-05 6.91952717619291e-06
       0.10173439628     0.00099337860324     8.1197717047e-05     5.7703577502e-06 8.41821353209441e-05 6.69477261401773e-06
       0.10261535002      0.0010020327787     7.1882384762e-05     5.4229221945e-06 7.03748481483957e-05 6.47739131262343e-06
       0.10348315299      0.0010102827638     5.2587759463e-05     4.5435544323e-06 5.80093174491445e-05 6.27223860030066e-06
       0.10436846689      0.0010193226877     4.1957588996e-05     4.0651454688e-06 4.77682111686219e-05  6.0716827784444e-06
       0.10524500108      0.0010275119373     3.6314975108e-05     3.8042514245e-06 4.05720966452696e-05 5.88135864168679e-06
       0.10612152244       0.001036299283     3.4990761788e-05     3.7175893598e-06 3.63612990266905e-05 5.69884967778731e-06
       0.10699803087      0.0010447742712     2.3933068182e-05     3.1048200193e-06 3.47121224705112e-05 5.52376495775597e-06
       0.10787452627      0.0010529628425     3.2292791476e-05     3.5372064965e-06  3.4867569774838e-05 5.35574551219815e-06
       0.10875100852      0.0010618014204     2.8121155687e-05     3.3027541566e-06 3.59031169722529e-05 5.19445860998651e-06
       0.10961871143      0.0010705438508     2.9163576217e-05     3.1984370331e-06 3.68927215144424e-05 5.04109702086025e-06
       0.11049516721      0.0010786796366     2.5854765273e-05     3.0244135614e-06 3.71061514726241e-05 4.89225769628335e-06
       0.11137597868      0.0010876174547     2.8445279344e-05     3.1475299675e-06 3.60272568399223e-05 4.74854456658547e-06
       0.11225241396      0.0010959608065     2.5789509905e-05     3.0016777236e-06 3.34888535194186e-05 4.61109830750291e-06
         0.113124448      0.0011044900833     2.1783675264e-05     2.7784729619e-06 2.96337612661906e-05  4.4795928855926e-06
       0.11400522721      0.0011132970159     1.9146190679e-05     2.6224934679e-06 2.47628444085368e-05 4.35184403397008e-06
       0.11488161785      0.0011217956454     1.2161666379e-05     2.1558287629e-06 1.94583677528863e-05 4.22955600354978e-06
       0.11575800773      0.0011301640627     1.4800696029e-05     2.3212021887e-06 1.42535295573801e-05 4.11186452627887e-06
       0.11663435743      0.0011386881622     7.6021423197e-06     1.7785451192e-06  9.6446939965763e-06 3.99857255601965e-06
       0.11751070221      0.0011470559409     2.9399182889e-06     1.3142018246e-06 5.98985363585585e-06 3.88947710394997e-06
       0.11838702796      0.0011560475719     3.7497061212e-06     1.4057375658e-06 3.46774181051264e-06 3.78439871525615e-06
       0.11926335713      0.0011642848857     1.7134351399e-06     1.1096978514e-06 2.06607128628589e-06 3.68315103978556e-06
       0.12014404353      0.0011729858762    -3.4259103256e-08     8.8696714753e-07 1.61687032987728e-06 3.58509882627911e-06
       0.12102033055      0.0011818335353     7.1896472254e-07     1.0215017443e-06 1.84718798705913e-06 3.49106153463075e-06
       0.12190097462      0.0011900528909     3.3360923461e-06     1.3481561307e-06 2.43508014639218e-06 3.39992858351537e-06
       0.12277286025      0.0011987091156      2.695664827e-06     1.3106664021e-06 3.07817154733795e-06 3.31290350303037e-06
       0.12364910271      0.0012074651326     3.1187254826e-06     1.3305308508e-06 3.56746844348898e-06 3.22851550487358e-06
        0.1245253301      0.0012154406501     5.7168960522e-06     1.5590662391e-06 3.78920283499894e-06   3.147075361315e-06
       0.12540154233      0.0012244299843     2.4316228924e-06     1.2370279333e-06  3.7470997937205e-06 3.06846779040222e-06
       0.12627774972      0.0012330289389     2.3260442178e-06     1.2191838033e-06  3.5463454863715e-06 2.99256865063566e-06
       0.12715393127      0.0012411597522     5.3941584519e-06     1.5144930618e-06 3.35799407573488e-06 2.91926786204015e-06
       0.12803009734      0.0012499400347     4.1697546951e-06       1.33499273e-06 3.37710726365358e-06 2.84846308163003e-06
        0.1289062478      0.0012584081434     6.4811185529e-06     1.5374388469e-06 3.77707404367025e-06 2.78004904995125e-06
       0.12978238256      0.0012670578817     6.3554820116e-06     1.5390224581e-06 4.67341359276859e-06 2.71393152115912e-06
        0.1306585015      0.0012757334285     9.3026584575e-06     1.7642049112e-06  6.0989403859823e-06  2.6500177873614e-06
       0.13153020086      0.0012839966122     9.8516214807e-06     1.8130310876e-06 7.98640886091181e-06 2.58852479818289e-06
       0.13240630373      0.0012927494736      1.377023955e-05     2.0380219867e-06 1.02202095513978e-05 2.52874937299743e-06
       0.13328677072      0.0013011341356      1.415720526e-05     2.0423164012e-06 1.26117936333354e-05 2.47064208651449e-06
       0.13416719928      0.0013095963118     1.7250266337e-05     2.2000325559e-06 1.49326882071833e-05 2.41443124922437e-06
       0.13503885527      0.0013184302045     2.1510943897e-05     2.4037523493e-06 1.69580093620471e-05  2.3605755251355e-06
         0.135919265      0.0013266319395     2.0495976448e-05     2.3485961756e-06 1.85680750330436e-05 2.30791919014843e-06
       0.13678650537      0.0013353652684     2.1628083327e-05     2.3089129484e-06 1.96315673790612e-05 2.25769836934279e-06
       0.13767125569      0.0013441079954     1.9077182359e-05     2.1825221029e-06 2.01632777157661e-05 2.20808435254683e-06
       0.13853846396      0.0013523209732      1.583604036e-05     2.0195749869e-06 2.01948766764875e-05 2.16097910149631e-06
       0.13942317789      0.0013608811979     1.9755283686e-05     2.2177319475e-06  1.9840258565342e-05 2.11442552402346e-06
       0.14029035344      0.0013697431238     1.5909916145e-05     2.0331634522e-06 1.92589916528706e-05 2.07021065509263e-06
       0.14117066694      0.0013779169793     1.5141336983e-05     1.9746445489e-06 1.85896483856257e-05  2.0267048682864e-06
       0.14204657059      0.0013867181269     1.2807441586e-05     1.8291237702e-06 1.79840995301329e-05  1.9847488487348e-06
       0.14291806912      0.0013952891807     1.8138729608e-05     2.0995906092e-06  1.7542568143703e-05 1.94427010652226e-06
       0.14379832587      0.0014034360913     1.5585650836e-05     1.9556584131e-06 1.73106094160882e-05 1.90462314552488e-06
       0.14466978606      0.0014122661853     1.8164597634e-05     2.0783789822e-06 1.72898835060561e-05 1.86657747714431e-06
       0.14554125135      0.0014206025515     1.9413454653e-05     2.0432455432e-06 1.74235195127408e-05 1.82962005601861e-06
       0.14642144031      0.0014294758922     1.9117707541e-05     2.0255858648e-06 1.76259555494605e-05 1.79342318417482e-06
       0.14729724914      0.0014379633217     2.2867637903e-05     2.1875197701e-06 1.77860291146401e-05 1.75847251962673e-06
       0.14817302457      0.0014462423955     1.7373586309e-05     1.9442575366e-06 1.77967532827444e-05 1.72454945792959e-06
       0.14904880499      0.0014549889043     1.8907371524e-05     2.0160014808e-06 1.75674996530233e-05 1.69161781305511e-06
       0.14992453295      0.0014635271816      1.435673007e-05     1.7764807757e-06 1.70391847287976e-05 1.65964362778543e-06
       0.15080027686      0.0014717014669     1.5502232367e-05     1.8185235892e-06 1.61906807005459e-05  1.6285914085411e-06
       0.15167597033      0.0014806286109     1.2404456357e-05     1.6361299319e-06 1.50391598635736e-05 1.59843315872616e-06
       0.15255167908      0.0014888801772     1.1575675263e-05     1.5753713258e-06 1.36370397162876e-05 1.56913385363267e-06
       0.15342733417      0.0014975728232      1.297086366e-05     1.5851055634e-06 1.20600804749505e-05 1.54066808641796e-06
       0.15430299438       0.001506317189     6.0950879216e-06     1.1498576018e-06 1.03971311780923e-05 1.51300541708464e-06
       0.15517424142      0.0015144158518      7.828625164e-06     1.2585567339e-06 8.74534386206832e-06 1.48625108286239e-06
       0.15605861303      0.0015232810222     3.7348594209e-06     9.4224514082e-07 7.15160593168766e-06 1.45985453345742e-06
       0.15692545062      0.0015319285526     3.4878883417e-06     9.1159371346e-07 5.73093355916655e-06 1.43469818843322e-06
       0.15780978372      0.0015401436488     3.7397341946e-06     9.3013060146e-07 4.46611382945283e-06  1.4097417547397e-06
       0.15867659378      0.0015489462942     1.8775334358e-06     7.4070561322e-07 3.42621306510399e-06 1.38595137614352e-06
       0.15956088793       0.001557394552     2.1553331388e-06     7.6820230074e-07 2.56980637695116e-06 1.36234302051375e-06
       0.16042764917      0.0015658066905     2.5838374757e-06     8.1045711299e-07 1.91994587957881e-06  1.3398301434176e-06
       0.16131190394      0.0015745139466     3.1669515952e-06     8.6599402639e-07 1.43294023060778e-06 1.31748342220119e-06
       0.16217862636      0.0015827436382     2.4722162808e-06     8.0271954828e-07 1.11065140058524e-06 1.29616645700944e-06
       0.16306284132      0.0015913461517     4.0963765972e-06     9.2356133632e-07 9.26650576684995e-07 1.27500090556782e-06
       0.16393828026      0.0016001902157     4.3319067784e-06     9.4643929819e-07 8.81282114377493e-07  1.2546043045692e-06
       0.16480932084      0.0016085185362     5.1789729962e-06     1.0182837939e-06 9.69997324163864e-07 1.23484433094138e-06
        0.1656847334      0.0016172839645     4.5273614564e-06     9.7795813031e-07 1.19696141602579e-06 1.21550595372748e-06
       0.16656009689      0.0016256852721     5.7678794607e-06     1.0773887857e-06  1.5657718802364e-06 1.19667376933833e-06
       0.16743983521      0.0016340043445     5.5288204751e-06     1.0532367947e-06 2.08040778825723e-06 1.17824056613646e-06
       0.16831079114      0.0016427724159     7.2339837103e-06     1.1628488791e-06  2.7271015528871e-06 1.16046374031434e-06
        0.1691904907      0.0016510129063     1.0956306726e-05     1.3769625694e-06 3.50505008845713e-06 1.14297048312808e-06
       0.17006141529      0.0016598841694     1.1166892432e-05     1.3880953312e-06 4.37501332574054e-06 1.12609630752009e-06
       0.17094107416      0.0016685651752     1.1608728507e-05     1.3626864088e-06 5.32306459550424e-06 1.10948404598853e-06
       0.17181193986      0.0016765789206      1.138287546e-05     1.3525453016e-06 6.29235711543819e-06 1.09345777460919e-06
       0.17269594438      0.0016853588396     1.2221908818e-05     1.3980818612e-06 7.26617721964089e-06 1.07760034338636e-06
       0.17356677722       0.001694072688     1.6594915112e-05      1.601207473e-06 8.17519039852202e-06 1.06237974635702e-06
       0.17444196942       0.001702184919     1.2386653095e-05     1.4158746588e-06 9.00402315649907e-06 1.04746496794985e-06
       0.17531211853      0.0017110765743     1.4045788535e-05     8.4871096611e-07  9.7178027102696e-06 1.03301188756773e-06
        0.1770604224      0.0017278863705     1.2092297094e-05     9.0386939557e-07 1.07697264042453e-05 1.00502602952431e-06
       0.17880534078      0.0017447817003     1.1334370051e-05     8.5918733381e-07  1.1308704914801e-05 9.78422249828992e-07
       0.18055546676      0.0017622885409     9.1396423554e-06     7.4904958064e-07 1.14089597328757e-05 9.53005026421955e-07
       0.18230898263      0.0017792867892     1.0042324503e-05     7.7155551537e-07 1.11690785639314e-05 9.28744989965287e-07
       0.18405891386       0.001796151562     1.1032125565e-05     8.0423050736e-07 1.06617493571409e-05 9.05672114195952e-07
       0.18581400495      0.0018129891682     1.3078759763e-05     8.6056592355e-07 9.90762272626566e-06 8.83609172136464e-07
       0.18756374912      0.0018305149635     1.3059264832e-05     8.5887032376e-07 8.91339147385901e-06 8.62628730072983e-07
       0.18931342344       0.001847462694     1.1852615371e-05     8.0314224201e-07 7.70321636234876e-06 8.42606671659918e-07
        0.1910629934      0.0018641650831     9.4561670703e-06     7.4014351049e-07 6.35564949316823e-06 8.23491538152061e-07
       0.19281245635      0.0018814361358     8.0741230978e-06     7.1072314169e-07 4.99797943732188e-06  8.0523465547566e-07
       0.19456184698       0.001898415041      6.958100236e-06     6.5837690947e-07 3.77461331490602e-06 7.87791125602466e-07
       0.19631111238      0.0019154024331     5.2823742494e-06     5.8877939741e-07 2.80614947797014e-06 7.71115656937744e-07
        0.1980603051      0.0019323776218     3.7014941594e-06     5.0842431629e-07 2.16437456421081e-06 7.55168728367977e-07
        0.1998128921      0.0019493787956     2.4673170806e-06     4.5993030928e-07 1.86648906119358e-06 7.39882833834961e-07
       0.20156013411      0.0019667615587     2.5724965624e-06     4.7845947692e-07 1.88915179969486e-06 7.25297728140128e-07
       0.20331078161      0.0019835117345     2.3208065263e-06     4.4607021841e-07 2.18252059070773e-06  7.1130541076667e-07
       0.20506131777      0.0020003637036     3.0271519458e-06     4.6418660178e-07 2.68427319682904e-06 6.97904520866341e-07
       0.20681033739       0.002017699106     3.8624017174e-06     5.1966194879e-07 3.32126243067848e-06 6.85075489758945e-07
       0.20855905986      0.0020347984658     4.3650327246e-06     5.5417941567e-07 4.01157320051397e-06 6.72780394988217e-07
       0.21030099519      0.0020518883714     5.2708818245e-06     5.9723173615e-07 4.66478977315237e-06 6.61035760298976e-07
       0.21204938592      0.0020685422974     6.1080945233e-06     6.2107102095e-07 5.20206023720779e-06 6.49727320886523e-07
       0.21379766704      0.0020855054712      7.299565557e-06     6.6054335542e-07 5.55458612447438e-06 6.38877029529135e-07
       0.21554585238      0.0021028812237      6.463603627e-06     6.1360861948e-07 5.68604647547151e-06 6.28462711453798e-07
       0.21730048151      0.0021197952489     5.9164677555e-06     5.9049559775e-07 5.59362100777265e-06 6.18426555906827e-07
       0.21904191134      0.0021365640701     5.5108659335e-06     5.8529396883e-07 5.30631929063561e-06 6.08859114832457e-07
       0.22078758864      0.0021540912869     5.0903167113e-06     5.5701795028e-07  4.8674484293983e-06 5.99643272583149e-07
       0.22254189389      0.0021708046384      4.288875822e-06     5.1628452468e-07 4.32555658376429e-06 5.90742031347119e-07
       0.22428299409        0.00218772291     3.2697267756e-06     4.5257046322e-07 3.73587668417462e-06 5.82248439970285e-07
       0.22603052534      0.0022045938386     3.1743466829e-06     4.5076495052e-07 3.13430087241493e-06 5.74049060162075e-07
       0.22777796412      0.0022217995651     2.4464480981e-06     4.2245183601e-07  2.5591721727597e-06  5.6616153103278e-07
       0.22953182797      0.0022388545022     2.6889531076e-06     4.2396714394e-07 2.03955191236217e-06 5.58543779016801e-07
       0.23127905473      0.0022556415719     1.7026584624e-06     3.6741612512e-07 1.60451403363099e-06 5.51239017021209e-07
       0.23302614793      0.0022725818536     1.9672750501e-06     3.7282666016e-07 1.26958910176572e-06 5.44205975291064e-07
       0.23477312757      0.0022898564199     1.9338074732e-06     3.7619606773e-07 1.04260079341465e-06 5.37432496458795e-07
       0.23651999278      0.0023067923006     1.9414213981e-06     3.8654832078e-07 9.20686127179889e-07 5.30907049588334e-07
       0.23826674271      0.0023235704627     1.7776499222e-06     3.6627603202e-07 8.91586663407563e-07  5.2461882813818e-07
       0.24001337651      0.0023404372054     7.5218040863e-07     2.9886799242e-07 9.36437985733822e-07 5.18557616496921e-07
       0.24175989333      0.0023578775554     1.9621458778e-06     3.5488640197e-07 1.03328811284174e-06 5.12714270615214e-07
       0.24350629233      0.0023746685044     1.1811809556e-06     3.1521925709e-07 1.15962339837817e-06 5.07078230056804e-07
       0.24525475461       0.002391448701     8.8682545842e-07     3.0810495974e-07 1.29518824859337e-06  5.0163462068918e-07
       0.24699873341      0.0024085413702     1.2198337902e-06     3.1895790398e-07  1.4216015888501e-06 4.96395123486068e-07
       0.24874696114      0.0024255756899     2.0458157706e-06      3.605673171e-07 1.52491648750993e-06 4.91325445799772e-07
       0.25049287538      0.0024423124231     1.6177344139e-06     3.3691875666e-07 1.59405324753227e-06 4.86437336792964e-07
       0.25223213928      0.0024591820843      2.166304983e-06     3.7116116356e-07 1.62295332457908e-06 4.81734520089432e-07
       0.25397781528      0.0024766771087     1.3333936784e-06     3.4331574977e-07 1.61042462252544e-06 4.77174870470381e-07
       0.25572335279        0.00249338082     1.7596750192e-06     3.5104320599e-07 1.55934151568213e-06 4.72769668060706e-07
       0.25746879104       0.002510133932     1.9777307004e-06     3.5385121699e-07  1.4760701614668e-06 4.68512665750281e-07
       0.25921409329      0.0025271174513     1.0392528284e-06      2.947421252e-07 1.36891206526411e-06 4.64398019491289e-07
        0.2609592471      0.0025442532967      1.411548994e-06     3.1440898456e-07 1.24660838619815e-06  4.6042007221673e-07
        0.2627043182      0.0025612965453     1.4242017217e-06     3.2477873104e-07 1.11725192133228e-06 4.56573230622057e-07
       0.26445360048      0.0025782555565     1.0514680961e-06     2.9445821444e-07 9.87478216019202e-07 4.52843336078338e-07
       0.26619185069      0.0025948087952     8.1445134152e-07     2.7505504655e-07 8.64162557098967e-07 4.49257239671338e-07
        0.2679365091      0.0026120124777     9.9666983797e-07     2.7811236774e-07   7.508376887115e-07 4.45773936529586e-07
       0.26968104257      0.0026291618622     7.0561900798e-07     2.6615129624e-07 6.51963333798511e-07 4.42402554275113e-07
       0.27142543978       0.002645792066     9.3967650863e-07     2.8909083589e-07 5.70742269558095e-07 4.39138772481689e-07
       0.27317624336      0.0026628139396     4.3717382343e-07     2.4869889721e-07 5.09338900069209e-07 4.35966911156875e-07
       0.27492039669      0.0026797750762     9.6168883092e-08     2.1964151636e-07 4.69543738081303e-07 4.32906626569204e-07
       0.27666439525      0.0026967331907     4.7047905041e-07     2.3764875193e-07 4.51334078106026e-07 4.29942239797544e-07
       0.27840825896      0.0027134567033     2.8368527041e-07     2.3091138026e-07 4.53852825262149e-07 4.27070123408023e-07
       0.28015198698       0.002730487146     3.9647386392e-07     2.4855475421e-07 4.75221980122913e-07 4.24286867551709e-07
       0.28189557845       0.002747773366     1.7008162064e-07     2.2377483315e-07 5.12601173553805e-07 4.21589182867845e-07
       0.28363903253      0.0027644112978      2.022071843e-07     2.2047854124e-07 5.62297507660973e-07 4.18973875259084e-07
       0.28538234838      0.0027772293468     4.1557853713e-07     4.4109690379e-07 6.19925024095178e-07 4.16437734095871e-07
        0.2871342525       0.002785955991     5.0622732552e-07     4.5729479648e-07 6.80970308938096e-07 4.13965776447928e-07
       0.28886856193      0.0027946205108     4.9189992637e-07     4.6458231098e-07 7.39510163890843e-07 4.11591829969035e-07
       0.29061145795      0.0028033532696       7.32984385e-07     4.9157619301e-07 7.91614101032078e-07 4.09276961846855e-07
       0.29236293759      0.0028121543892    -1.8562119354e-07      3.665084816e-07 8.32930707162262e-07 4.07019683694314e-07
       0.29410554876      0.0028209359323     8.6183927873e-07     5.0411689893e-07 8.59763389124036e-07 4.04840186605916e-07
       0.29584801659      0.0028297414413     6.3688274652e-07     4.7571395108e-07 8.70487653170354e-07 4.02724348142359e-07
       0.29759034023      0.0028385706761     1.3310420913e-06     5.5150678059e-07 8.64527889422683e-07 4.00670139392321e-07
       0.29933251882      0.0028474233987      1.820608134e-07     4.1325287327e-07 8.42767058392159e-07 3.98675414534088e-07
       0.30107455152      0.0028562993737     1.9405410969e-07     4.1340158346e-07 8.07383462985811e-07 3.96738125475049e-07
       0.30281643749      0.0028651983678     -6.069653557e-07     2.7890987914e-07 7.61619367950555e-07 3.94856284001246e-07
       0.30455817587      0.0028741201498     2.0609665839e-07      4.121644162e-07 7.09463726157617e-07 3.93028000829388e-07
        0.3062997658      0.0028830644908     1.0217523344e-07     3.9539339252e-07 6.55269953603874e-07 3.91251454551344e-07
       0.30803250855      0.0028919863218     4.5070887625e-07     4.4163616232e-07 6.03587014248586e-07 3.89533401712236e-07
       0.30977379982      0.0029009749933    -1.1779836967e-07     3.5930856216e-07  5.5772009464924e-07 3.87854919137963e-07
       0.31152365726      0.0029100307202     1.1604563252e-07     3.9289849611e-07 5.20798750093518e-07 3.86215089121512e-07
       0.31325592857      0.0029190177763     2.4233176794e-07     4.0911896086e-07 4.95222597005875e-07  3.8463650362005e-07
       0.31500547997      0.0029281168331     7.0319668918e-07     4.6890186687e-07 4.81172507936457e-07 3.83085912901056e-07
       0.31673744661      0.0029371463556     3.6523717328e-07     4.2437838222e-07 4.78386992373236e-07 3.81592766378228e-07
       0.31848668857      0.0029462878743      2.562148894e-07     4.0840071064e-07 4.85151273313641e-07 3.80125644785392e-07
        0.3202183679       0.002955359121     2.6851170359e-07     4.0875290304e-07 4.98841197536936e-07  3.7871243269118e-07
       0.32196727626      0.0029645421416     3.8304191928e-07     4.2300773983e-07 5.16668513109591e-07 3.77323456270631e-07
       0.32369864417      0.0029736541698     2.7321372934e-07     4.0747292839e-07 5.35078082180135e-07 3.75985096677289e-07
       0.32544723627      0.0029828779661     5.5911930245e-08     3.7547558703e-07 5.51371519249931e-07 3.74669306970948e-07
       0.32717828936      0.0029920299576    -2.8543928053e-07     3.1728735246e-07 5.62679423915079e-07 3.73401090932884e-07
       0.32892656179      0.0030012937113     1.0883757795e-06     5.0638700114e-07 5.67375812695328e-07 3.72153899793594e-07
       0.33066600524      0.0030105311618     5.3014697532e-07     4.3927218522e-07 5.64361179145019e-07 3.70945489851545e-07
       0.33239655907      0.0030197414888     7.3393616189e-08     3.7402926865e-07  5.5366970724784e-07 3.69774410153073e-07
       0.33414436634      0.0030290637901      5.475778395e-07     4.4038825102e-07 5.35833883447368e-07 3.68622227876933e-07
       0.33587459693      0.0030383121039      2.161319657e-06     6.1667381978e-07 5.12617841435857e-07 3.67510941707948e-07
         0.337622076      0.0030476723868    -1.7063882852e-08     3.5649958019e-07 4.85438419300241e-07 3.66417291616859e-07
        0.3393520007      0.0030569580353     7.9561096615e-07     4.6943182323e-07 4.56896441467377e-07 3.65362163617978e-07
       0.34109912745       0.003066355425     5.6961877687e-07     4.4020070746e-07   4.284613303496e-07 3.64323518263243e-07
       0.34282872217      0.0030756775489    -2.2706882625e-07     3.1881148889e-07 4.02454080557726e-07 3.63321177848507e-07
       0.34456683269      0.0030850644764     1.0826352333e-08     3.5939294859e-07 3.79807300232864e-07 3.62339083962909e-07
       0.34629607417      0.0030944221416     1.3175432396e-07     3.7746851791e-07 3.61561091886107e-07 3.61386281286218e-07
       0.34805122861      0.0031039388683      7.058489677e-07     4.5540967899e-07  3.4769592784375e-07 3.60443266416589e-07
       0.34978015324      0.0031133317568     2.5763506926e-07     3.9583502586e-07 3.38399693579926e-07  3.5953729307454e-07
       0.35151758693      0.0031227890865     7.2448669044e-07     4.5815441763e-07 3.32794423308184e-07 3.58649172644367e-07
        0.3532548493      0.0031322635741      1.490316556e-07     3.7935516877e-07 3.30043178634523e-07  3.5778281823512e-07
       0.35499193949      0.0031417550458     2.7731321536e-07     3.9759757523e-07 3.29138633650102e-07 3.56937619205639e-07
       0.35672885666      0.0031512633297     2.7793962649e-07      3.976217034e-07 3.29108323468919e-07 3.56112933416417e-07
       0.35846559997      0.0031607882558     6.3419119207e-07     4.4639118575e-07 3.29141408059147e-07 3.55308186118986e-07
       0.36020216857      0.0031703296554     3.9712879121e-07     4.1529575121e-07 3.28676904293821e-07 3.54522771591927e-07
       0.36193856161      0.0031798873618     1.4297597026e-06      5.386771611e-07  3.2744767240684e-07 3.53756168660301e-07
        0.3636661272      0.0031894134642    -7.2487166244e-08     3.4285658652e-07 3.25488679604396e-07 3.53011496329789e-07
       0.36541081763      0.0031990510362     4.9881287014e-07      4.282035433e-07 3.23036835991906e-07 3.52277208488858e-07
       0.36713802965      0.0032086087753     3.1131914583e-08     3.5918700613e-07 3.20580167813582e-07  3.5156733660942e-07
       0.36888236127      0.0032182779772     4.8592884649e-07     4.2585198451e-07 3.18594288236316e-07 3.50867203818408e-07
       0.37060921635      0.0032278667152     2.0838869069e-08     3.5799626137e-07 3.17619399060716e-07 3.50190195535992e-07
       0.37235322712      0.0032375671395     1.3365920738e-07      3.760013187e-07 3.18039522420327e-07 3.49522310169966e-07
       0.37408836756      0.0032472344606     1.5056316613e-06     5.4697562714e-07 3.20092796311267e-07 3.48873165183546e-07
       0.37582332568      0.0032569168126     9.2611953179e-07     4.8225419853e-07 3.23808097780131e-07 3.48238981491463e-07
       0.37755810062      0.0032666140428     6.9491142301e-07     4.5501208653e-07 3.29014481602843e-07 3.47618956246711e-07
       0.37929269154      0.0032763260004     5.7233683238e-07     4.3917154291e-07 3.35349094548688e-07 3.47013895536644e-07
       0.38102709761      0.0032860525359     1.1393419646e-06     5.0852928594e-07 3.42338391789666e-07 3.46422158142782e-07
       0.38276131796      0.0032957935014     1.0122033842e-07     3.7364230132e-07 3.49444667596163e-07 3.45843804454327e-07
       0.38449535177      0.0033055487504     3.2909847809e-07     4.0793651122e-07 3.56146003751974e-07  3.4527847445009e-07
       0.38622919817      0.0033153181379     6.6733644196e-07     4.5286267116e-07 3.62004531527347e-07 3.44725816206669e-07
       0.38796285633      0.0033251015203     8.9433014974e-07     4.8180140438e-07 3.66720975704441e-07 3.44185490023619e-07
       0.38969632541      0.0033348987554      4.230749973e-07     4.2198139365e-07  3.7016850542835e-07 3.43657166322006e-07
       0.39143828224      0.0033447588583     7.7871473311e-08     3.7410569631e-07 3.72410598904772e-07 3.43137969813424e-07
       0.39316269291      0.0033545342224     7.1172781711e-08     3.7363320683e-07 3.73643884448429e-07 3.42635261098903e-07
       0.39489558965      0.0033643721769    -1.6107484779e-07     3.3746119462e-07 3.74246090427077e-07 3.42141069601749e-07
       0.39662829393      0.0033742234295     6.6659111533e-08     3.7503487488e-07 3.74639666544067e-07 3.41657663918976e-07
       0.39836947873      0.0033841372669     6.0576635454e-08     3.7497174086e-07 3.75278127932485e-07  3.4118241905132e-07
       0.40009312169      0.0033939652891     2.8173587098e-07     4.0932839294e-07 3.76554542720574e-07 3.40722085221267e-07
        0.4018252435      0.0034038556297    -6.8090233991e-08     3.5822735625e-07 3.78793397076989e-07 3.40269374445707e-07
       0.40355716946      0.0034137587353     2.7436783243e-07     4.1029322339e-07 3.82166415230887e-07 3.39826372501653e-07
       0.40528889874      0.0034236744759     3.6383099591e-08     3.7645064496e-07 3.86693933562393e-07 3.39392829240573e-07
       0.40701180283      0.0034335532201     3.1359327438e-08     3.7807997766e-07 3.92201961929974e-07 3.38971115443647e-07
       0.40875176384      0.0034435433486     7.2025034319e-07     4.7249423372e-07 3.98481902154682e-07 3.38556344472671e-07
       0.41047427232      0.0034534466022    -2.0380716815e-07     3.4394318401e-07 4.04967957253952e-07  3.3816173235471e-07
       0.41221383207      0.0034634612333    -3.2449326229e-07     3.2570813949e-07 4.11238841646372e-07 3.37790529195868e-07
       0.41393594158       0.003473388499    -2.2173327865e-07     3.4425791601e-07 4.16650927050167e-07 3.37465670182789e-07
       0.41567513792      0.0034834273735     4.7407360277e-07     4.4736431284e-07  4.2099651999962e-07 3.37193683026964e-07
       0.41740546674      0.0034934280256     1.1871410199e-07     4.0137479007e-07 4.24181616597183e-07 3.36982295466562e-07
       0.41912693025      0.0035033901595    -9.1912373165e-07     2.0742872649e-07 4.26408721064567e-07 3.36824283777579e-07
