# intensity: 1.00190620404793
# background: 7.04223742501602e-10
#           Q (1/A)             dQ (1/A)                    R                   dR               theory              fresnel
      0.010084459364     0.00010301271332        0.99060473148       0.010563542732     1.00005287745347     0.88400524094385
      0.010527572831     0.00010516249785        0.97661193666       0.010441279393    0.992045049817674    0.411863688674418
      0.010957382779      0.0001072922675        0.98807846201       0.010539424411    0.983453133460738    0.225236904551292
      0.011400472385     0.00010953100917        0.96423061548       0.010304250072        0.97353011405    0.149889668464349
      0.011830312024     0.00011174221746        0.95560004233       0.010292935543    0.961599797814453    0.109163178403212
      0.012277757864     0.00011408277381        0.94663621366       0.010226899042    0.945688841028378   0.0823004570654026
      0.012716371148     0.00011641324928        0.91241736146      0.0099023999243     0.92539299585578   0.0643820986890203
      0.013159412929     0.00011880140158        0.90662362274      0.0099148818247    0.898626221110631   0.0514437393133454
      0.013593700546     0.00012117372412        0.87333413658      0.0096539643153    0.864474756135584   0.0420393583225756
      0.014041082168      0.0001236481371        0.82494481857      0.0092914956277    0.819046920786715   0.0346646934253643
      0.014470975218     0.00012605336378        0.77726404339      0.0088960595594    0.763700319744438   0.0291465184015717
        0.0149139815     0.00012855857508        0.70004077822      0.0083146786816    0.693454015950241   0.0246370538345879
      0.015348249037     0.00013103911185         0.6171389073      0.0076590667876    0.612067165571259   0.0210809004012647
      0.015791263766     0.00013359342958        0.51371586062      0.0067930791659     0.51946857086297   0.0181259154148631
      0.016221121047     0.00013609360472        0.43210146033      0.0060959127578    0.426597969832244   0.0157626026144655
      0.016668542802      0.0001387174039        0.33747504569       0.005248827174     0.33550307455778   0.0137173679577232
      0.017107181564     0.00014130978984        0.25900984995      0.0044799239449    0.260174241946391   0.0120377640770504
      0.017550214409     0.00014394723651        0.20568003341      0.0039319426566    0.203558593685166   0.0106050583119441
      0.017984456025     0.00014654997154         0.1669950762       0.003509855619    0.167981284923033  0.00940977784752851
      0.018427478239     0.00014922236187        0.14938067717       0.003299486706    0.149187356840306  0.00836514832399471
       0.01885736761     0.00015183111866        0.14723470632      0.0032760406905    0.143341379768419  0.00749128763906324
      0.019304756228     0.00015456152523        0.14685990505      0.0032660539884    0.145338797162235  0.00670360803282631
      0.019734613428     0.00015719903462        0.15368559444      0.0033443112594    0.151102412819291  0.00604481866132269
      0.020177706922     0.00015993148633         0.1602731667      0.0034167878142     0.15812470517627   0.0054508950627212
       0.02061186743     0.00016262169732        0.17100579443      0.0035525634992    0.164209447876187  0.00493995965075434
      0.021059259083     0.00016540653623        0.17073016209      0.0035537884473    0.168543223206691  0.00447615966860602
      0.021489170283     0.00016809406952        0.17086757139      0.0035497180809    0.170305740963812   0.0040819741750415
      0.021940947339     0.00021434759213         0.1692637428      0.0026716588365    0.169088950141817  0.00371943955322652
      0.022809438424     0.00022268882966        0.16493713409      0.0025946367965     0.15971950087841  0.00312649984168119
      0.023677926785     0.00023152492749        0.15289596595      0.0024264399802    0.142415239938538  0.00264682054336653
      0.024563957741     0.00023977165934        0.10751506407       0.001771634727    0.119210690830153   0.0022501790069199
      0.025441211656     0.00024841709665       0.088303047982       0.001561088994   0.0939241850961942  0.00192912518929603
      0.026318465085     0.00025727095267       0.068349112281      0.0013286146911   0.0693795815114355  0.00166422119832213
      0.027195712694     0.00026526542577       0.049524514207      0.0011004025389   0.0480241340654905  0.00144389717758586
      0.028081730878     0.00027403269465       0.034293302921     0.00089206670517    0.031230821219004   0.0012576360348435
      0.028958971718     0.00028296429757       0.018804220474     0.00058659298013   0.0198032772863219  0.00110223534495777
      0.029836209028     0.00029111479763       0.013705831285     0.00049383275271   0.0131056129444238 0.000970393708365916
      0.030713445318     0.00030012434974       0.010048379471     0.00041549791918   0.0100900749120429 0.000857906090411033
      0.031590675251     0.00030874335659       0.010111023927     0.00041146399441  0.00947102179808074 0.000761418651396148
      0.032467901335     0.00031689352918       0.010969321906     0.00042429264199   0.0100339130323394 0.000678236568539532
       0.03332758136     0.00032568473559      0.0098383634437     0.00036540716198   0.0108069571158846 0.000607568536526695
      0.034204799507     0.00033404300924       0.010851910149     0.00038047154869   0.0112060879874048 0.000544794001288859
      0.035090787068     0.00034280985761       0.010917955803     0.00037558170666   0.0109073455391113 0.000489462320889732
      0.035967996729     0.00035132425919      0.0098426088646     0.00035303089459  0.00988531429604322 0.000441474373696371
      0.036836431128     0.00035961236078      0.0084111982931     0.00032236632455   0.0083136912362572 0.000399675797267464
      0.037722405411     0.00036840492659      0.0057966679994     0.00024818375104   0.0063970617129459  0.00036204606862333
      0.038599601604     0.00037697116591      0.0038792333272     0.00020073374987  0.00447159753040805 0.000329078289423415
      0.039485566449     0.00038539915318      0.0025842110391     0.00016161373813  0.00274580244455552 0.000299525935334912
      0.040353982388     0.00039431172731      0.0017345313562     0.00013042738943  0.00143404112670683 0.000273731856076296
      0.041239934792     0.00040263527116     0.00064574131373     8.0171699803e-05 0.000556826128190466  0.00025023243993024
      0.042108340889     0.00041131333225     0.00023416108467     4.6696911305e-05 0.000134696787133696 0.000229608020974392
      0.042985515111     0.00042006142086     0.00015610114762     3.8210426241e-05 6.78737382063234e-05   0.0002109035456404
      0.043866209055      0.0004280720557     0.00025480721667     2.1302382721e-05 0.000241821098950347 0.000194008034305717
      0.044735457301     0.00043688417251     0.00051173089549      3.261978336e-05 0.000522375035859488 0.000178968406457389
      0.045612620416     0.00044544968185     0.00078277188085     3.9724786217e-05 0.000801484047492581 0.000165248935552443
      0.046489763366     0.00045380677604     0.00093441709267     4.0937920787e-05 0.000994889186406398 0.000152824800221993
      0.047366915585      0.0004626844313      0.0010145532947     4.2196659438e-05  0.00106092634914007 0.000141552440695262
       0.04824844089     0.00047132363435     0.00096160097525     4.0784638105e-05 0.000996753664619367 0.000131255469332908
       0.04912119229     0.00047960632295     0.00086465326153     3.8348221521e-05 0.000833042387393085 0.000121972082350347
      0.050011468368     0.00048852355243     0.00068963043601     3.4014001444e-05 0.000612923263104699 0.000113335276421917
      0.050879816289     0.00049678399101     0.00036017012694     2.3287691287e-05 0.000400835642447924 0.000105637621123757
      0.051761322925       0.000505422741     0.00024880926448     1.9343909614e-05 0.000236717055457985 9.84838686382678e-05
      0.052638450221     0.00051429985912     0.00019947610649     1.7251630699e-05 0.000158062282266772 9.19584789978748e-05
      0.053515512709     0.00052247371234     0.00022799455419     1.8200968138e-05 0.000177519794076628 8.59669659237898e-05
      0.054392614543      0.0005312981476     0.00034808421059     2.2157159558e-05 0.000288622969312397 8.04572202586006e-05
      0.055269714896     0.00053973220977     0.00052927154891     2.5849477114e-05 0.000468035317021129 7.53832538296125e-05
      0.056146810558      0.0005480620818     0.00068824838884     2.9249240014e-05 0.000681783636310356 7.07042152730287e-05
      0.057019490052     0.00055704650816     0.00089515830071      3.308099682e-05 0.000891269601900405 6.64049529336187e-05
      0.057896529632     0.00056527167281      0.0010591260595     3.5810883106e-05  0.00106450205699094 6.24093893782638e-05
      0.058773635908     0.00057404378496      0.0012324090159     3.8517399444e-05  0.00117482836608684 5.87105109932519e-05
      0.059650704635     0.00058280249683      0.0011456778657     3.5577749008e-05  0.00120874096682395 5.52825413331103e-05
      0.060527730232     0.00059098838396      0.0011764075893     3.5885425852e-05  0.00116571293998346  5.2101780574307e-05
      0.061395988252     0.00059971579702      0.0010522867485     3.3699316235e-05  0.00105791782483966 4.91758967594607e-05
      0.062277413246     0.00060817074088     0.00092151015127     3.1355730135e-05 0.000901632472730038 4.64133128907452e-05
      0.063154441007     0.00061649948696     0.00072590486596     2.7639608255e-05 0.000723186602355545 4.38547500944082e-05
      0.064035837499     0.00062547460148     0.00051347313404     2.2215963887e-05 0.000545012272346975 4.14590583488234e-05
      0.064904074592     0.00063391515377      0.0003680230663     1.8721246415e-05 0.000390843234191491 3.92573782445618e-05
      0.065785465608     0.00064249966754     0.00026310394387      1.577293957e-05 0.000270231766051231 3.71703038376818e-05
      0.066666839476     0.00065113598309     0.00020685113679     1.3954871944e-05 0.000192405707351887 3.52203285961213e-05
      0.067543824032     0.00065933380044     0.00015530768455     1.2103251412e-05 0.000156571110109348 3.34055773559193e-05
      0.068420800357     0.00066805191461     0.00017131597787     1.2209214409e-05 0.000155170527012055 3.17065670034165e-05
      0.069297773573     0.00067697826677     0.00017203442999     1.2184781878e-05 0.000176970070081713 3.01144662765052e-05
      0.070176918396     0.00068524504903     0.00022387809706     9.7761542625e-06 0.000209208612089286 2.86175982582719e-05
      0.071047306796      0.0006939492943      0.0002544271925     1.4553728034e-05 0.000239415524109889 2.72263609002744e-05
      0.071924246884     0.00070217226995     0.00027433460766     1.5045278639e-05 0.000258726369913051 2.59093165949484e-05
      0.072801166802     0.00071088955868      0.0002729852195     1.4499541991e-05 0.000261213169565511 2.46712398349723e-05
      0.073682480629     0.00071968075089     0.00025785787722     1.3842257576e-05 0.000245311435215129 2.35006167665369e-05
      0.074555022652     0.00072793339475       0.000240579486     1.3446967183e-05 0.000213676156601747 2.24093555992236e-05
      0.075431933784     0.00073649408099     0.00016637946129     1.1184237397e-05 0.000171046907618192 2.13758789564107e-05
      0.076313209758     0.00074559714996     9.5300275892e-05     8.5189387573e-06 0.000123927578424354 2.03967136322319e-05
        0.0771944892     0.00075363283361      6.867740908e-05     7.0072603399e-06 7.93005777865405e-05 1.94729855468723e-05
      0.078071374206     0.00076245321781     3.6632016619e-05     5.2821378659e-06 4.29953201207623e-05 1.86053037782319e-05
       0.07894384588     0.00077106919245     2.3021967803e-05      4.343532116e-06 1.84911129530724e-05 1.77895208795211e-05
      0.079820710718     0.00077921262551     1.3468133092e-05     3.5184201106e-06  6.8051626032242e-06 1.70142519705342e-05
      0.080697560604     0.00078808443737     2.2245499774e-05     4.1865563184e-06 7.11251697086144e-06 1.62808634174698e-05
      0.081574400657     0.00079656569431     2.4208369277e-05     4.1302985426e-06 1.66048974410633e-05 1.55866199430112e-05
      0.082451230771     0.00080512491044     5.7235652434e-05     5.9878376595e-06 3.14126363055572e-05 1.49290567195131e-05
      0.083328050838     0.00081384006398     5.9788481589e-05     6.0819531944e-06 4.74037862137255e-05 1.43058723268857e-05
      0.084204860752     0.00082211262019     7.2997741246e-05     6.6546305754e-06 6.09606449092838e-05 1.37149110662352e-05
      0.085081665632     0.00083087938932     8.8135155096e-05     7.2383178454e-06 6.95531011193743e-05 1.31542155670628e-05
      0.085962849115     0.00083961600471     7.9706106921e-05      6.692427931e-06 7.20658665809657e-05 1.26193221293221e-05
      0.086835233731     0.00084796999644     6.5938970325e-05     6.1083868837e-06 6.88244652820226e-05 1.21163105597592e-05
      0.087707600961     0.00085671411608     6.6912274878e-05     6.1183561122e-06 6.13774990789457e-05 1.16381824352978e-05
      0.088584357408     0.00086498563599       5.82564353e-05     5.6998776564e-06 5.19423378916855e-05 1.11812046985593e-05
      0.089465517328     0.00087356536711     4.3920977921e-05       4.95861459e-06 4.30618686429567e-05 1.07443385728401e-05
      0.090346631345     0.00088227476591     3.2107728506e-05     4.1321866589e-06 3.71175171226319e-05 1.03286453475227e-05
      0.091218940428     0.00089040625657     4.2824634317e-05     4.6790617978e-06 3.57486165333352e-05 9.93673469556175e-06
       0.09209567241     0.00089931476719     3.1711823817e-05     4.0532474086e-06 3.96094394752206e-05  9.5614346412468e-06
      0.092972396898     0.00090800175337     5.1277720685e-05     5.0481406366e-06 4.84173112454444e-05 9.20370624798278e-06
      0.093849058561     0.00091621986952      6.822820106e-05     5.7696284361e-06 6.09888799241597e-05 8.86258660921888e-06
      0.094725777149     0.00092514061593     7.6016815825e-05     5.8925209099e-06 7.55146991840943e-05 8.53713771155675e-06
      0.095602404582     0.00093367040114     9.4681391096e-05     6.5362033678e-06 8.98851172043092e-05 8.22653566555675e-06
      0.096479093013     0.00094191421309     0.00010273653453     6.7870304795e-06  0.00010207261568807 7.92992263626874e-06
      0.097355717108     0.00095083400682     9.6630388757e-05     6.5469493489e-06 0.000110424817245424 7.64662757515658e-06
      0.098236738141     0.00095915115015     0.00011467310537      7.092056533e-06 0.000113953167813187 7.37452618788713e-06
      0.099108987995     0.00096758036921     0.00010228948945     6.5341357087e-06 0.000112347781536706 7.11696938291547e-06
      0.099985596882     0.00097621335137      0.0001068847254     6.6603304514e-06 0.000106051058839322 6.86937100181188e-06
       0.10086219359     0.00098463800973     9.0812081726e-05     6.1141821749e-06 9.60747550742536e-05 6.63245968327471e-06
       0.10173439628     0.00099337860324     8.1197717047e-05     5.7703577502e-06 8.38721256670319e-05 6.40680216454172e-06
       0.10261535002      0.0010020327787     7.1882384762e-05     5.4229221945e-06 7.07743105781204e-05 6.18854752883226e-06
       0.10348315299      0.0010102827638     5.2587759463e-05     4.5435544323e-06  5.8507473371479e-05 5.98257061082863e-06
       0.10436846689      0.0010193226877     4.1957588996e-05     4.0651454688e-06 4.77748831261643e-05 5.78120905140335e-06
       0.10524500108      0.0010275119373     3.6314975108e-05     3.8042514245e-06 3.96124634345851e-05 5.59012028310398e-06
       0.10612152244       0.001036299283     3.4990761788e-05     3.7175893598e-06 3.41309315019662e-05 5.40687808529718e-06
       0.10699803087      0.0010447742712     2.3933068182e-05     3.1048200193e-06 3.11162197450986e-05 5.23108995842687e-06
       0.10787452627      0.0010529628425     3.2292791476e-05     3.5372064965e-06  3.0023330075453e-05 5.06239549093073e-06
       0.10875100852      0.0010618014204     2.8121155687e-05     3.3027541566e-06  3.0111595984168e-05 4.90046061492656e-06
       0.10961871143      0.0010705438508     2.9163576217e-05     3.1984370331e-06 3.05867524446205e-05 4.74648289213308e-06
       0.11049516721      0.0010786796366     2.5854765273e-05     3.0244135614e-06 3.07662661848017e-05  4.5970456021895e-06
       0.11137597868      0.0010876174547     2.8445279344e-05     3.1475299675e-06 3.01306908288059e-05 4.45275510172927e-06
       0.11225241396      0.0010959608065     2.5789509905e-05     3.0016777236e-06 2.84253370257683e-05 4.31475664917939e-06
         0.113124448      0.0011044900833     2.1783675264e-05     2.7784729619e-06 2.56568405119374e-05 4.18272290125001e-06
       0.11400522721      0.0011132970159     1.9146190679e-05     2.6224934679e-06 2.19851214614949e-05 4.05446081571487e-06
       0.11488161785      0.0011217956454     1.2161666379e-05     2.1558287629e-06 1.78159382211562e-05 3.93168149035515e-06
       0.11575800773      0.0011301640627     1.4800696029e-05     2.3212021887e-06 1.35527772492622e-05 3.81351718490149e-06
       0.11663435743      0.0011386881622     7.6021423197e-06     1.7785451192e-06 9.59797033335417e-06 3.69977006157888e-06
       0.11751070221      0.0011470559409     2.9399182889e-06     1.3142018246e-06 6.26799909970357e-06 3.59023631605293e-06
       0.11838702796      0.0011560475719     3.7497061212e-06     1.4057375658e-06 3.75318339779023e-06 3.48473577254614e-06
       0.11926335713      0.0011642848857     1.7134351399e-06     1.1096978514e-06 2.10009446354583e-06 3.38308133223995e-06
       0.12014404353      0.0011729858762    -3.4259103256e-08     8.8696714753e-07 1.22867102798856e-06 3.28463519173891e-06
       0.12102033055      0.0011818335353     7.1896472254e-07     1.0215017443e-06 9.75831059558151e-07 3.19022010313573e-06
       0.12190097462      0.0011900528909     3.3360923461e-06     1.3481561307e-06 1.11652159042451e-06 3.09872102331956e-06
       0.12277286025      0.0011987091156      2.695664827e-06     1.3106664021e-06  1.4339872974363e-06 3.01134631759735e-06
       0.12364910271      0.0012074651326     3.1187254826e-06     1.3305308508e-06 1.76067154925661e-06 2.92661928874147e-06
        0.1245253301      0.0012154406501     5.7168960522e-06     1.5590662391e-06 1.99459076265272e-06 2.84485195755661e-06
       0.12540154233      0.0012244299843     2.4316228924e-06     1.2370279333e-06 2.11435835813468e-06 2.76592857894247e-06
       0.12627774972      0.0012330289389     2.3260442178e-06     1.2191838033e-06 2.17141077196389e-06  2.6897245126582e-06
       0.12715393127      0.0012411597522     5.3941584519e-06     1.5144930618e-06 2.26770826232169e-06 2.61612923647982e-06
       0.12803009734      0.0012499400347     4.1697546951e-06       1.33499273e-06 2.52723284192659e-06  2.5450399962564e-06
        0.1289062478      0.0012584081434     6.4811185529e-06     1.5374388469e-06 3.06403405627433e-06 2.47635110965163e-06
       0.12978238256      0.0012670578817     6.3554820116e-06     1.5390224581e-06 3.95647473710028e-06 2.40996795218603e-06
        0.1306585015      0.0012757334285     9.3026584575e-06     1.7642049112e-06 5.22889930447904e-06 2.34579744351127e-06
       0.13153020086      0.0012839966122     9.8516214807e-06     1.8130310876e-06  6.8369025896291e-06 2.28405740485221e-06
       0.13240630373      0.0012927494736      1.377023955e-05     2.0380219867e-06  8.7082862391547e-06 2.22404183053853e-06
       0.13328677072      0.0013011341356      1.415720526e-05     2.0423164012e-06 1.07176969646041e-05 2.16570109671251e-06
       0.13416719928      0.0013095963118     1.7250266337e-05     2.2000325559e-06 1.27095746686459e-05 2.10926443110701e-06
       0.13503885527      0.0013184302045     2.1510943897e-05     2.4037523493e-06 1.45264717230313e-05 2.05519234042352e-06
         0.135919265      0.0013266319395     2.0495976448e-05     2.3485961756e-06  1.6093972477163e-05 2.00232445741479e-06
       0.13678650537      0.0013353652684     2.1628083327e-05     2.3089129484e-06  1.7306895159863e-05 1.95190187332104e-06
       0.13767125569      0.0013441079954     1.9077182359e-05     2.1825221029e-06 1.81859865149592e-05 1.90208853108584e-06
       0.13853846396      0.0013523209732      1.583604036e-05     2.0195749869e-06   1.872280999491e-05 1.85479403361944e-06
       0.13942317789      0.0013608811979     1.9755283686e-05     2.2177319475e-06 1.90027667674003e-05 1.80805342609185e-06
       0.14029035344      0.0013697431238     1.5909916145e-05     2.0331634522e-06 1.90984761293688e-05 1.76366092292096e-06
       0.14117066694      0.0013779169793     1.5141336983e-05     1.9746445489e-06 1.91041552603119e-05  1.7199803506282e-06
       0.14204657059      0.0013867181269     1.2807441586e-05     1.8291237702e-06 1.90947167154449e-05 1.67785577181521e-06
       0.14291806912      0.0013952891807     1.8138729608e-05     2.0995906092e-06 1.91214038735512e-05 1.63721440533654e-06
       0.14379832587      0.0014034360913     1.5585650836e-05     1.9556584131e-06 1.92036924708034e-05 1.59740816177296e-06
       0.14466978606      0.0014122661853     1.8164597634e-05     2.0783789822e-06 1.93254564001171e-05 1.55920964405563e-06
       0.14554125135      0.0014206025515     1.9413454653e-05     2.0432455432e-06 1.94443321727695e-05 1.52210374565124e-06
       0.14642144031      0.0014294758922     1.9117707541e-05     2.0255858648e-06 1.94994096238413e-05 1.48576145205277e-06
       0.14729724914      0.0014379633217     2.2867637903e-05     2.1875197701e-06 1.94202862423854e-05 1.45067037241611e-06
       0.14817302457      0.0014462423955     1.7373586309e-05     1.9442575366e-06 1.91443557880203e-05  1.4166110240482e-06
       0.14904880499      0.0014549889043     1.8907371524e-05     2.0160014808e-06 1.86247063759839e-05 1.38354707554255e-06
       0.14992453295      0.0014635271816      1.435673007e-05     1.7764807757e-06 1.78391394501648e-05 1.35144443325741e-06
       0.15080027686      0.0014717014669     1.5502232367e-05     1.8185235892e-06 1.67923952771178e-05 1.32026746101705e-06
       0.15167597033      0.0014806286109     1.2404456357e-05     1.6361299319e-06 1.55148790132962e-05 1.28998804974857e-06
       0.15255167908      0.0014888801772     1.1575675263e-05     1.5753713258e-06 1.40591762632993e-05 1.26057103403148e-06
       0.15342733417      0.0014975728232      1.297086366e-05     1.5851055634e-06 1.24909428935117e-05 1.23199090495052e-06
       0.15430299438       0.001506317189     6.0950879216e-06     1.1498576018e-06 1.08814517012557e-05 1.20421710021493e-06
       0.15517424142      0.0015144158518      7.828625164e-06     1.2585567339e-06 9.30669593057368e-06 1.17735527984735e-06
       0.15605861303      0.0015232810222     3.7348594209e-06     9.4224514082e-07 7.79522754016071e-06 1.15085268170568e-06
       0.15692545062      0.0015319285526     3.4878883417e-06     9.1159371346e-07 6.44335678028271e-06 1.12559527049403e-06
       0.15780978372      0.0015401436488     3.7397341946e-06     9.3013060146e-07  5.2267511565632e-06 1.10053857376136e-06
       0.15867659378      0.0015489462942     1.8775334358e-06     7.4070561322e-07 4.20973496604019e-06 1.07665261677887e-06
       0.15956088793       0.001557394552     2.1553331388e-06     7.6820230074e-07 3.35562730702599e-06 1.05294941404419e-06
       0.16042764917      0.0015658066905     2.5838374757e-06     8.1045711299e-07 2.69592721642472e-06 1.03034609095303e-06
       0.16131190394      0.0015745139466     3.1669515952e-06     8.6599402639e-07 2.19810872102799e-06 1.00790959127663e-06
       0.16217862636      0.0015827436382     2.4722162808e-06     8.0271954828e-07 1.87594530929384e-06 9.86506984693102e-07
       0.16306284132      0.0015913461517     4.0963765972e-06     9.2356133632e-07   1.712747034298e-06 9.65256400167893e-07
       0.16393828026      0.0016001902157     4.3319067784e-06     9.4643929819e-07 1.71439457112618e-06 9.44777855361539e-07
       0.16480932084      0.0016085185362     5.1789729962e-06     1.0182837939e-06 1.87700884329755e-06 9.24938495590914e-07
        0.1656847334      0.0016172839645     4.5273614564e-06     9.7795813031e-07 2.20181814693853e-06 9.05522426007382e-07
       0.16656009689      0.0016256852721     5.7678794607e-06     1.0773887857e-06 2.68425908210553e-06  8.8661458288976e-07
       0.16743983521      0.0016340043445     5.5288204751e-06     1.0532367947e-06 3.31833902271041e-06 8.68107323875396e-07
       0.16831079114      0.0016427724159     7.2339837103e-06     1.1628488791e-06 4.07683434486941e-06 8.50259079251824e-07
        0.1691904907      0.0016510129063     1.0956306726e-05     1.3769625694e-06 4.95003280704668e-06 8.32695542507532e-07
       0.17006141529      0.0016598841694     1.1166892432e-05     1.3880953312e-06 5.88806022450769e-06 8.15753574515824e-07
       0.17094107416      0.0016685651752     1.1608728507e-05     1.3626864088e-06 6.87269078742398e-06 7.99074572846287e-07
       0.17181193986      0.0016765789206      1.138287546e-05     1.3525453016e-06 7.84460243646639e-06 7.82983915557716e-07
       0.17269594438      0.0016853588396     1.2221908818e-05     1.3980818612e-06 8.78880488304391e-06 7.67062776744818e-07
       0.17356677722       0.001694072688     1.6594915112e-05      1.601207473e-06 9.64220384102281e-06 7.51781030621249e-07
       0.17444196942       0.001702184919     1.2386653095e-05     1.4158746588e-06 1.03963346834605e-05 7.36806331753106e-07
       0.17531211853      0.0017110765743     1.4045788535e-05     8.4871096611e-07 1.10258668057061e-05 7.22295185792314e-07
        0.1770604224      0.0017278863705     1.2092297094e-05     9.0386939557e-07  1.1912619298447e-05 6.94196893928635e-07
       0.17880534078      0.0017447817003     1.1334370051e-05     8.5918733381e-07 1.23352833563709e-05 6.67486232944209e-07
       0.18055546676      0.0017622885409     9.1396423554e-06     7.4904958064e-07 1.23912979506453e-05 6.41966895264899e-07
       0.18230898263      0.0017792867892     1.0042324503e-05     7.7155551537e-07 1.21721644789533e-05 6.17609393560811e-07
       0.18405891386       0.001796151562     1.1032125565e-05     8.0423050736e-07  1.1723068091304e-05 5.94443821989079e-07
       0.18581400495      0.0018129891682     1.3078759763e-05     8.6056592355e-07 1.10330507566341e-05 5.72292241558808e-07
       0.18756374912      0.0018305149635     1.3059264832e-05     8.5887032376e-07 1.00841394906201e-05 5.51227510092863e-07
       0.18931342344       0.001847462694     1.1852615371e-05     8.0314224201e-07 8.88917849233989e-06 5.31125012605414e-07
        0.1910629934      0.0018641650831     9.4561670703e-06     7.4014351049e-07 7.52695610070408e-06 5.11933083614577e-07
       0.19281245635      0.0018814361358     8.0741230978e-06     7.1072314169e-07 6.13259521144376e-06 4.93602853497402e-07
       0.19456184698       0.001898415041      6.958100236e-06     6.5837690947e-07 4.86098880478829e-06 4.76089243846793e-07
       0.19631111238      0.0019154024331     5.2823742494e-06     5.8877939741e-07 3.84177028668061e-06 4.59346781108003e-07
        0.1980603051      0.0019323776218     3.7014941594e-06     5.0842431629e-07 3.15192197505014e-06 4.43335785390547e-07
        0.1998128921      0.0019493787956     2.4673170806e-06     4.5993030928e-07 2.81003591744157e-06 4.27988479429095e-07
       0.20156013411      0.0019667615587     2.5724965624e-06     4.7845947692e-07 2.79290848777988e-06   4.133447777409e-07
       0.20331078161      0.0019835117345     2.3208065263e-06     4.4607021841e-07 3.05195780398762e-06 3.99296245914622e-07
       0.20506131777      0.0020003637036     3.0271519458e-06     4.6418660178e-07 3.52991011386026e-06 3.85841517634779e-07
       0.20681033739       0.002017699106     3.8624017174e-06     5.1966194879e-07 4.16108586476168e-06 3.72960945603556e-07
       0.20855905986      0.0020347984658     4.3650327246e-06     5.5417941567e-07 4.86936659872088e-06  3.6061645501036e-07
       0.21030099519      0.0020518883714     5.2708818245e-06     5.9723173615e-07 5.56309584592649e-06  3.4882463598453e-07
       0.21204938592      0.0020685422974     6.1080945233e-06     6.2107102095e-07 6.15264549528738e-06 3.37470764659918e-07
       0.21379766704      0.0020855054712      7.299565557e-06     6.6054335542e-07 6.54944663295619e-06 3.26576882010588e-07
       0.21554585238      0.0021028812237      6.463603627e-06     6.1360861948e-07 6.69542081527799e-06 3.16120724175869e-07
       0.21730048151      0.0021197952489     5.9164677555e-06     5.9049559775e-07 6.57257313931414e-06 3.06044248146063e-07
       0.21904191134      0.0021365640701     5.5108659335e-06     5.8529396883e-07 6.20916237699854e-06 2.96438369659896e-07
       0.22078758864      0.0021540912869     5.0903167113e-06     5.5701795028e-07 5.66172804331788e-06 2.87185502555056e-07
       0.22254189389      0.0021708046384      4.288875822e-06     5.1628452468e-07  5.0020668514007e-06  2.7824850038021e-07
       0.22428299409        0.00218772291     3.2697267756e-06     4.5257046322e-07 4.31151323155553e-06 2.69720785807126e-07
       0.22603052534      0.0022045938386     3.1743466829e-06     4.5076495052e-07 3.64158514672461e-06 2.61488464804326e-07
       0.22777796412      0.0022217995651     2.4464480981e-06     4.2245183601e-07 3.03549020050773e-06 2.53569247347625e-07
       0.22953182797      0.0022388545022     2.6889531076e-06     4.2396714394e-07 2.51534220411899e-06 2.45920890839919e-07
       0.23127905473      0.0022556415719     1.7026584624e-06     3.6741612512e-07 2.09715132500831e-06 2.38586781797116e-07
       0.23302614793      0.0022725818536     1.9672750501e-06     3.7282666016e-07  1.7836472077603e-06 2.31525484662096e-07
       0.23477312757      0.0022898564199     1.9338074732e-06     3.7619606773e-07 1.57428650868563e-06  2.2472479322479e-07
       0.23651999278      0.0023067923006     1.9414213981e-06     3.8654832078e-07  1.4627265068255e-06 2.18173130223332e-07
       0.23826674271      0.0023235704627     1.7776499222e-06     3.6627603202e-07 1.43583956591321e-06 2.11859645700694e-07
       0.24001337651      0.0023404372054     7.5218040863e-07     2.9886799242e-07  1.4737418512241e-06 2.05774083004013e-07
       0.24175989333      0.0023578775554     1.9621458778e-06     3.5488640197e-07 1.55212321326624e-06 1.99907261347522e-07
       0.24350629233      0.0023746685044     1.1811809556e-06     3.1521925709e-07 1.64605017280202e-06 1.94248577868172e-07
       0.24525475461       0.002391448701     8.8682545842e-07     3.0810495974e-07 1.73494585601449e-06 1.88783098676287e-07
       0.24699873341      0.0024085413702     1.2198337902e-06     3.1895790398e-07 1.80451399598619e-06  1.8352255167417e-07
       0.24874696114      0.0024255756899     2.0458157706e-06      3.605673171e-07 1.84826572325186e-06 1.78432506442635e-07
       0.25049287538      0.0024423124231     1.6177344139e-06     3.3691875666e-07 1.86428769996329e-06 1.73524759346882e-07
       0.25223213928      0.0024591820843      2.166304983e-06     3.7116116356e-07 1.85302149775331e-06  1.6880304897044e-07
       0.25397781528      0.0024766771087     1.3333936784e-06     3.4331574977e-07 1.81404798809832e-06 1.64225080855493e-07
       0.25572335279        0.00249338082     1.7596750192e-06     3.5104320599e-07 1.74558337232019e-06 1.59802180445094e-07
       0.25746879104       0.002510133932     1.9777307004e-06     3.5385121699e-07 1.64541660197608e-06 1.55528075531208e-07
       0.25921409329      0.0025271174513     1.0392528284e-06      2.947421252e-07 1.51326657010315e-06 1.51396898587425e-07
        0.2609592471      0.0025442532967      1.411548994e-06     3.1440898456e-07 1.35292239447038e-06 1.47402969819349e-07
        0.2627043182      0.0025612965453     1.4242017217e-06     3.2477873104e-07 1.17303033665855e-06 1.43540673451206e-07
       0.26445360048      0.0025782555565     1.0514680961e-06     2.9445821444e-07 9.85612373252368e-07 1.39795793971451e-07
       0.26619185069      0.0025948087952     8.1445134152e-07     2.7505504655e-07  8.0613425692566e-07 1.36195290340694e-07
        0.2679365091      0.0026120124777     9.9666983797e-07     2.7811236774e-07 6.45161708869135e-07 1.32697992949463e-07
       0.26968104257      0.0026291618622     7.0561900798e-07     2.6615129624e-07 5.12179017002454e-07 1.29313066090217e-07
       0.27142543978       0.002645792066     9.3967650863e-07     2.8909083589e-07 4.11537934393093e-07 1.26036171979316e-07
       0.27317624336      0.0026628139396     4.3717382343e-07     2.4869889721e-07 3.43485317770355e-07 1.22851567629596e-07
       0.27492039669      0.0026797750762     9.6168883092e-08     2.1964151636e-07 3.06166237714467e-07 1.19778988279093e-07
       0.27666439525      0.0026967331907     4.7047905041e-07     2.3764875193e-07 2.95337221423834e-07 1.16802692016256e-07
       0.27840825896      0.0027134567033     2.8368527041e-07     2.3091138026e-07 3.06147899399241e-07 1.13919036833913e-07
       0.28015198698       0.002730487146     3.9647386392e-07     2.4855475421e-07 3.32997425086554e-07 1.11124599183987e-07
       0.28189557845       0.002747773366     1.7008162064e-07     2.2377483315e-07 3.69491909865865e-07 1.08416076490641e-07
       0.28363903253      0.0027644112978      2.022071843e-07     2.2047854124e-07 4.08730132483342e-07 1.05790261824167e-07
       0.28538234838      0.0027772293468     4.1557853713e-07     4.4109690379e-07 4.44107492977784e-07 1.03243931656233e-07
        0.2871342525       0.002785955991     5.0622732552e-07     4.5729479648e-07 4.70489327649341e-07   1.007620428623e-07
       0.28886856193      0.0027946205108     4.9189992637e-07     4.6458231098e-07  4.8460075267598e-07 9.83785589995155e-08
       0.29061145795      0.0028033532696       7.32984385e-07     4.9157619301e-07 4.86597196445146e-07 9.60543908420827e-08
       0.29236293759      0.0028121543892    -1.8562119354e-07      3.665084816e-07 4.78560370200375e-07 9.37880440233005e-08
       0.29410554876      0.0028209359323     8.6183927873e-07     5.0411689893e-07  4.6406215025469e-07 9.15997907558523e-08
       0.29584801659      0.0028297414413     6.3688274652e-07     4.7571395108e-07 4.46451230230153e-07 8.94754518632165e-08
       0.29759034023      0.0028385706761     1.3310420913e-06     5.5150678059e-07 4.27735663359636e-07  8.7412990282873e-08
       0.29933251882      0.0028474233987      1.820608134e-07     4.1325287327e-07 4.08252572568063e-07 8.54102515722217e-08
       0.30107455152      0.0028562993737     1.9405410969e-07     4.1340158346e-07 3.87038374074954e-07 8.34651794103915e-08
       0.30281643749      0.0028651983678     -6.069653557e-07     2.7890987914e-07 3.62745186394614e-07 8.15757775957296e-08
       0.30455817587      0.0028741201498     2.0609665839e-07      4.121644162e-07 3.34620281904124e-07 7.97401492547081e-08
        0.3062997658      0.0028830644908     1.0217523344e-07     3.9539339252e-07 3.03123546425829e-07 7.79564656616451e-08
       0.30803250855      0.0028919863218     4.5070887625e-07     4.4163616232e-07 2.70149437176109e-07 7.62315105062384e-08
       0.30977379982      0.0029009749933    -1.1779836967e-07     3.5930856216e-07 2.37922826216809e-07 7.45462845901047e-08
       0.31152365726      0.0029100307202     1.1604563252e-07     3.9289849611e-07 2.09233593440848e-07 7.28998665193209e-08
       0.31325592857      0.0029190177763     2.4233176794e-07     4.0911896086e-07 1.86839208545722e-07 7.13149390147566e-08
       0.31500547997      0.0029281168331     7.0319668918e-07     4.6890186687e-07 1.71953107242436e-07 6.97581187623346e-08
       0.31673744661      0.0029371463556     3.6523717328e-07     4.2437838222e-07 1.65734567884266e-07 6.82589734894418e-08
       0.31848668857      0.0029462878743      2.562148894e-07     4.0840071064e-07 1.68205849824163e-07 6.67859577022875e-08
        0.3202183679       0.002955359121     2.6851170359e-07     4.0875290304e-07 1.78797089638109e-07 6.53670679963916e-08
       0.32196727626      0.0029645421416     3.8304191928e-07     4.2300773983e-07 1.96494766002714e-07 6.39725113315297e-08
       0.32369864417      0.0029736541698     2.7321372934e-07     4.0747292839e-07 2.19003945471197e-07 6.26287748481266e-08
       0.32544723627      0.0029828779661     5.5911930245e-08     3.7547558703e-07 2.44124962963987e-07 6.13076989267599e-08
       0.32717828936      0.0029920299576    -2.8543928053e-07     3.1728735246e-07 2.68337037175009e-07  6.0034387801964e-08
       0.32892656179      0.0030012937113     1.0883757795e-06     5.0638700114e-07 2.89143954825903e-07 5.87821860439503e-08
       0.33066600524      0.0030105311618     5.3014697532e-07     4.3927218522e-07 3.03902616125193e-07 5.75689212875175e-08
       0.33239655907      0.0030197414888     7.3393616189e-08     3.7402926865e-07 3.11549256571347e-07 5.63931367497597e-08
       0.33414436634      0.0030290637901      5.475778395e-07     4.4038825102e-07 3.12322090325326e-07  5.5236325555156e-08
       0.33587459693      0.0030383121039      2.161319657e-06     6.1667381978e-07 3.07529138475955e-07 5.41205747687463e-08
         0.337622076      0.0030476723868    -1.7063882852e-08     3.5649958019e-07 2.99098995791811e-07 5.30225309135776e-08
        0.3393520007      0.0030569580353     7.9561096615e-07     4.6943182323e-07 2.89269089547898e-07  5.1963163913999e-08
       0.34109912745       0.003066355425     5.6961877687e-07     4.4020070746e-07 2.79485817818901e-07 5.09203457779626e-08
       0.34282872217      0.0030756775489    -2.2706882625e-07     3.1881148889e-07 2.70840335423759e-07 4.99139784378468e-08
       0.34456683269      0.0030850644764     1.0826352333e-08     3.5939294859e-07  2.6337736124348e-07 4.89279389677602e-08
       0.34629607417      0.0030944221416     1.3175432396e-07     3.7746851791e-07 2.56869205403882e-07 4.79713083846767e-08
       0.34805122861      0.0031039388683      7.058489677e-07     4.5540967899e-07 2.50718952300822e-07 4.70245049313931e-08
       0.34978015324      0.0031133317568     2.5763506926e-07     3.9583502586e-07 2.44744734748076e-07  4.6114891820867e-08
       0.35151758693      0.0031227890865     7.2448669044e-07     4.5815441763e-07 2.38722811573627e-07 4.52232033466963e-08
        0.3532548493      0.0031322635741      1.490316556e-07     3.7935516877e-07 2.32865441142519e-07 4.43533683389343e-08
       0.35499193949      0.0031417550458     2.7731321536e-07     3.9759757523e-07  2.2757633104512e-07 4.35047737031579e-08
       0.35672885666      0.0031512633297     2.7793962649e-07      3.976217034e-07  2.2338411978775e-07 4.26767747200484e-08
       0.35846559997      0.0031607882558     6.3419119207e-07     4.4639118575e-07 2.20848662221566e-07 4.18687943320741e-08
       0.36020216857      0.0031703296554     3.9712879121e-07     4.1529575121e-07 2.20470835752115e-07  4.1080224384316e-08
       0.36193856161      0.0031798873618     1.4297597026e-06      5.386771611e-07  2.2259042308674e-07 4.03105416080018e-08
        0.3636661272      0.0031894134642    -7.2487166244e-08     3.4285658652e-07 2.27235485473157e-07 3.95628775394906e-08
       0.36541081763      0.0031990510362     4.9881287014e-07      4.282035433e-07 2.34149399700175e-07 3.88256396804823e-08
       0.36713802965      0.0032086087753     3.1131914583e-08     3.5918700613e-07 2.42386358630634e-07 3.81129158746473e-08
       0.36888236127      0.0032182779772     4.8592884649e-07     4.2585198451e-07 2.50851284928231e-07 3.74099702842468e-08
       0.37060921635      0.0032278667152     2.0838869069e-08     3.5799626137e-07 2.57861252916043e-07 3.67302421056813e-08
       0.37235322712      0.0032375671395     1.3365920738e-07      3.760013187e-07 2.62024074083967e-07 3.60596734950298e-08
       0.37408836756      0.0032472344606     1.5056316613e-06     5.4697562714e-07 2.62053827886719e-07 3.54079205538842e-08
       0.37582332568      0.0032569168126     9.2611953179e-07     4.8225419853e-07 2.57377385032014e-07 3.47711890144162e-08
       0.37755810062      0.0032666140428     6.9491142301e-07     4.5501208653e-07  2.4812104275972e-07 3.41486728041619e-08
       0.37929269154      0.0032763260004     5.7233683238e-07     4.3917154291e-07 2.35144507593656e-07 3.35411812489512e-08
       0.38102709761      0.0032860525359     1.1393419646e-06     5.0852928594e-07  2.1979636520133e-07 3.29470665366701e-08
       0.38276131796      0.0032957935014     1.0122033842e-07     3.7364230132e-07 2.03654291134911e-07 3.23663892991377e-08
       0.38449535177      0.0033055487504     3.2909847809e-07     4.0793651122e-07 1.88216136476718e-07 3.17987880687699e-08
       0.38622919817      0.0033153181379     6.6733644196e-07     4.5286267116e-07 1.74650311183901e-07 3.12439095083047e-08
       0.38796285633      0.0033251015203     8.9433014974e-07     4.8180140438e-07 1.63650494858019e-07 3.07014125525429e-08
       0.38969632541      0.0033348987554      4.230749973e-07     4.2198139365e-07 1.55400803246728e-07 3.01709662984604e-08
       0.39143828224      0.0033447588583     7.7871473311e-08     3.7410569631e-07 1.49608387577038e-07 2.96496839061145e-08
       0.39316269291      0.0033545342224     7.1172781711e-08     3.7363320683e-07  1.4573621220226e-07 2.91449555479156e-08
       0.39489558965      0.0033643721769    -1.6107484779e-07     3.3746119462e-07 1.42911662207104e-07 2.86487786251987e-08
       0.39662829393      0.0033742234295     6.6659111533e-08     3.7503487488e-07 1.40312621194833e-07 2.81634308491167e-08
       0.39836947873      0.0033841372669     6.0576635454e-08     3.7497174086e-07 1.37173431687861e-07  2.7686276674412e-08
       0.40009312169      0.0033939652891     2.8173587098e-07     4.0932839294e-07 1.33016196565846e-07 2.72240934427419e-08
        0.4018252435      0.0034038556297    -6.8090233991e-08     3.5822735625e-07 1.27548811295992e-07   2.676956389136e-08
       0.40355716946      0.0034137587353     2.7436783243e-07     4.1029322339e-07  1.2086503331518e-07 2.63247821769354e-08
       0.40528889874      0.0034236744759     3.6383099591e-08     3.7645064496e-07  1.1330969693964e-07 2.58894971459585e-08
       0.40701180283      0.0034335532201     3.1359327438e-08     3.7807997766e-07 1.05439459548092e-07 2.54660891042755e-08
       0.40875176384      0.0034435433486     7.2025034319e-07     4.7249423372e-07 9.76925918068452e-08  2.5049651781504e-08
       0.41047427232      0.0034534466022    -2.0380716815e-07     3.4394318401e-07 9.07083681915082e-08  2.4653454300397e-08
       0.41221383207      0.0034634612333    -3.2449326229e-07     3.2570813949e-07 8.46970548253611e-08 2.42807598244345e-08
       0.41393594158       0.003473388499    -2.2173327865e-07     3.4425791601e-07 7.99414789812071e-08 2.39545956828931e-08
       0.41567513792      0.0034834273735     4.7407360277e-07     4.4736431284e-07 7.63161441431537e-08 2.36815158124919e-08
       0.41740546674      0.0034934280256     1.1871410199e-07     4.0137479007e-07 7.37042338373855e-08 2.34692789977654e-08
       0.41912693025      0.0035033901595    -9.1912373165e-07     2.0742872649e-07 7.18548035700764e-08 2.33106324932335e-08
