#     thickness (A)        interface (A)       rho (1e-6/A^2)      irho (1e-6/A^2)      rhoM (1e-6/A^2)      theta (degrees)
                   0     22.1143525801031                2.071                    0                    0                  270
                   0                    0       2.590801566406                    0                    0                  270
    152.762669018164     3.38335941331023       2.590801566406                    0                    0                  270
    108.171055329946     9.51809759945183      8.8468079918626                    0     1.66203893035788                  270
    48.1018219306431 2.29926644330076e-06     6.52902148063412                    0                    0                  270
    36.4352474236688    0.517929072054699     3.42925228231828                    0                    0                  270
    6.33816839086847    0.363860818340441      1.9637898782556                    0                    0                  270
    20.1319360172467     2.43600046675747      3.1808673251665                    0                    0                  270
    31.3851549297598     14.5549724405878     3.01267748236288                    0                    0                  270
    31.5765296303783      14.765836619865      3.0546805480804                    0                    0                  270
    200.007869853684     12.6061632474906     3.29064356513211                    0                    0                  270
                   0                    0                    0                    0                    0                  270
