#      z (A) rho (1e-6/A2) irho (1e-6/A2)
-45.29077513  20.08147369  -0.42265279
-45.19077513  20.08172570  -0.42187642
-45.09077513  20.08198275  -0.42108450
-44.99077513  20.08224495  -0.42027675
-44.89077513  20.08251236  -0.41945291
-44.79077513  20.08278510  -0.41861268
-44.69077513  20.08306326  -0.41775577
-44.59077513  20.08334692  -0.41688189
-44.49077513  20.08363618  -0.41599075
-44.39077513  20.08393115  -0.41508204
-44.29077513  20.08423191  -0.41415546
-44.19077513  20.08453858  -0.41321070
-44.09077513  20.08485126  -0.41224744
-43.99077513  20.08517004  -0.41126537
-43.89077513  20.08549503  -0.41026415
-43.79077513  20.08582634  -0.40924347
-43.69077513  20.08616408  -0.40820299
-43.59077513  20.08650836  -0.40714237
-43.49077513  20.08685928  -0.40606127
-43.39077513  20.08721697  -0.40495934
-43.29077513  20.08758153  -0.40383624
-43.19077513  20.08795308  -0.40269159
-43.09077513  20.08833174  -0.40152505
-42.99077513  20.08871762  -0.40033625
-42.89077513  20.08911086  -0.39912481
-42.79077513  20.08951156  -0.39789035
-42.69077513  20.08991986  -0.39663250
-42.59077513  20.09033588  -0.39535087
-42.49077513  20.09075974  -0.39404506
-42.39077513  20.09119158  -0.39271468
-42.29077513  20.09163153  -0.39135932
-42.19077513  20.09207972  -0.38997858
-42.09077513  20.09253628  -0.38857204
-41.99077513  20.09300135  -0.38713929
-41.89077513  20.09347507  -0.38567989
-41.79077513  20.09395757  -0.38419343
-41.69077513  20.09444901  -0.38267945
-41.59077513  20.09494952  -0.38113753
-41.49077513  20.09545924  -0.37956721
-41.39077513  20.09597833  -0.37796805
-41.29077513  20.09650693  -0.37633957
-41.19077513  20.09704520  -0.37468133
-41.09077513  20.09759328  -0.37299285
-40.99077513  20.09815133  -0.37127364
-40.89077513  20.09871951  -0.36952324
-40.79077513  20.09929797  -0.36774115
-40.69077513  20.09988688  -0.36592688
-40.59077513  20.10048640  -0.36407993
-40.49077513  20.10109670  -0.36219979
-40.39077513  20.10171793  -0.36028595
-40.29077513  20.10235027  -0.35833789
-40.19077513  20.10299388  -0.35635509
-40.09077513  20.10364895  -0.35433701
-39.99077513  20.10431564  -0.35228313
-39.89077513  20.10499413  -0.35019288
-39.79077513  20.10568460  -0.34806573
-39.69077513  20.10638724  -0.34590112
-39.59077513  20.10710221  -0.34369848
-39.49077513  20.10782972  -0.34145724
-39.39077513  20.10856993  -0.33917684
-39.29077513  20.10932306  -0.33685668
-39.19077513  20.11008928  -0.33449617
-39.09077513  20.11086878  -0.33209473
-38.99077513  20.11166178  -0.32965174
-38.89077513  20.11246845  -0.32716660
-38.79077513  20.11328901  -0.32463869
-38.69077513  20.11412365  -0.32206739
-38.59077513  20.11497258  -0.31945207
-38.49077513  20.11583601  -0.31679208
-38.39077513  20.11671415  -0.31408680
-38.29077513  20.11760720  -0.31133556
-38.19077513  20.11851538  -0.30853770
-38.09077513  20.11943891  -0.30569257
-37.99077513  20.12037800  -0.30279950
-37.89077513  20.12133288  -0.29985779
-37.79077513  20.12230376  -0.29686677
-37.69077513  20.12329088  -0.29382574
-37.59077513  20.12429445  -0.29073401
-37.49077513  20.12531472  -0.28759086
-37.39077513  20.12635190  -0.28439558
-37.29077513  20.12740624  -0.28114745
-37.19077513  20.12847798  -0.27784573
-37.09077513  20.12956734  -0.27448970
-36.99077513  20.13067458  -0.27107861
-36.89077513  20.13179994  -0.26761170
-36.79077513  20.13294366  -0.26408823
-36.69077513  20.13410599  -0.26050741
-36.59077513  20.13528718  -0.25686848
-36.49077513  20.13648749  -0.25317066
-36.39077513  20.13770718  -0.24941316
-36.29077513  20.13894649  -0.24559519
-36.19077513  20.14020569  -0.24171593
-36.09077513  20.14148505  -0.23777459
-35.99077513  20.14278483  -0.23377033
-35.89077513  20.14410530  -0.22970235
-35.79077513  20.14544672  -0.22556979
-35.69077513  20.14680938  -0.22137183
-35.59077513  20.14819354  -0.21710762
-35.49077513  20.14959948  -0.21277629
-35.39077513  20.15102749  -0.20837699
-35.29077513  20.15247785  -0.20390884
-35.19077513  20.15395084  -0.19937098
-35.09077513  20.15544675  -0.19476250
-34.99077513  20.15696587  -0.19008252
-34.89077513  20.15850849  -0.18533014
-34.79077513  20.16007491  -0.18050444
-34.69077513  20.16166542  -0.17560452
-34.59077513  20.16328033  -0.17062945
-34.49077513  20.16491993  -0.16557829
-34.39077513  20.16658453  -0.16045012
-34.29077513  20.16827444  -0.15524398
-34.19077513  20.16998997  -0.14995892
-34.09077513  20.17173143  -0.14459398
-33.99077513  20.17349913  -0.13914819
-33.89077513  20.17529339  -0.13362057
-33.79077513  20.17711453  -0.12801015
-33.69077513  20.17896287  -0.12231593
-33.59077513  20.18083874  -0.11653691
-33.49077513  20.18274245  -0.11067209
-33.39077513  20.18467435  -0.10472045
-33.29077513  20.18663476  -0.09868098
-33.19077513  20.18862402  -0.09255264
-33.09077513  20.19064245  -0.08633441
-32.99077513  20.19269041  -0.08002523
-32.89077513  20.19476822  -0.07362407
-32.79077513  20.19687623  -0.06712987
-32.69077513  20.19901480  -0.06054156
-32.59077513  20.20118426  -0.05385806
-32.49077513  20.20338496  -0.04707831
-32.39077513  20.20561726  -0.04020123
-32.29077513  20.20788151  -0.03322571
-32.19077513  20.21017807  -0.02615065
-32.09077513  20.21250729  -0.01897497
-31.99077513  20.21486954  -0.01169753
-31.89077513  20.21726518  -0.00431723
-31.79077513  20.21969458   0.00316707
-31.69077513  20.22215810   0.01075649
-31.59077513  20.22465612   0.01845217
-31.49077513  20.22718900   0.02625527
-31.39077513  20.22975712   0.03416692
-31.29077513  20.23236085   0.04218829
-31.19077513  20.23500058   0.05032055
-31.09077513  20.23767668   0.05856487
-30.99077513  20.24038953   0.06692242
-30.89077513  20.24313953   0.07539438
-30.79077513  20.24592705   0.08398195
-30.69077513  20.24875248   0.09268632
-30.59077513  20.25161622   0.10150870
-30.49077513  20.25451866   0.11045028
-30.39077513  20.25746018   0.11951229
-30.29077513  20.26044119   0.12869595
-30.19077513  20.26346208   0.13800247
-30.09077513  20.26652325   0.14743309
-29.99077513  20.26962511   0.15698904
-29.89077513  20.27276805   0.16667156
-29.79077513  20.27595248   0.17648190
-29.69077513  20.27917881   0.18642132
-29.59077513  20.28244745   0.19649106
-29.49077513  20.28575879   0.20669239
-29.39077513  20.28911326   0.21702658
-29.29077513  20.29251127   0.22749489
-29.19077513  20.29595323   0.23809860
-29.09077513  20.29943956   0.24883899
-28.99077513  20.30297067   0.25971735
-28.89077513  20.30654698   0.27073497
-28.79077513  20.31016891   0.28189313
-28.69077513  20.31383689   0.29319314
-28.59077513  20.31755133   0.30463629
-28.49077513  20.32131266   0.31622389
-28.39077513  20.32512130   0.32795726
-28.29077513  20.32897769   0.33983769
-28.19077513  20.33288223   0.35186651
-28.09077513  20.33683538   0.36404504
-27.99077513  20.34083755   0.37637460
-27.89077513  20.34488917   0.38885651
-27.79077513  20.34899067   0.40149210
-27.69077513  20.35314250   0.41428271
-27.59077513  20.35734507   0.42722966
-27.49077513  20.36159883   0.44033429
-27.39077513  20.36590420   0.45359795
-27.29077513  20.37026163   0.46702197
-27.19077513  20.37467155   0.48060769
-27.09077513  20.37913439   0.49435646
-26.99077513  20.38365060   0.50826963
-26.89077513  20.38822061   0.52234854
-26.79077513  20.39284485   0.53659454
-26.69077513  20.39752378   0.55100899
-26.59077513  20.40225781   0.56559323
-26.49077513  20.40704741   0.58034863
-26.39077513  20.41189299   0.59527652
-26.29077513  20.41679501   0.61037827
-26.19077513  20.42175390   0.62565523
-26.09077513  20.42677011   0.64110875
-25.99077513  20.43184407   0.65674019
-25.89077513  20.43697622   0.67255091
-25.79077513  20.44216700   0.68854226
-25.69077513  20.44741685   0.70471559
-25.59077513  20.45272622   0.72107225
-25.49077513  20.45809553   0.73761361
-25.39077513  20.46352524   0.75434100
-25.29077513  20.46901577   0.77125579
-25.19077513  20.47456756   0.78835931
-25.09077513  20.48018106   0.80565292
-24.99077513  20.48585669   0.82313796
-24.89077513  20.49159490   0.84081578
-24.79077513  20.49739612   0.85868771
-24.69077513  20.50326079   0.87675510
-24.59077513  20.50918933   0.89501928
-24.49077513  20.51518218   0.91348158
-24.39077513  20.52123978   0.93214334
-24.29077513  20.52736255   0.95100588
-24.19077513  20.53355093   0.97007053
-24.09077513  20.53980533   0.98933861
-23.99077513  20.54612620   1.00881142
-23.89077513  20.55251395   1.02849029
-23.79077513  20.55896901   1.04837653
-23.69077513  20.56549180   1.06847143
-23.59077513  20.57208275   1.08877629
-23.49077513  20.57874227   1.10929241
-23.39077513  20.58547079   1.13002108
-23.29077513  20.59226871   1.15096358
-23.19077513  20.59913646   1.17212118
-23.09077513  20.60607444   1.19349517
-22.99077513  20.61308307   1.21508679
-22.89077513  20.62016276   1.23689732
-22.79077513  20.62731391   1.25892801
-22.69077513  20.63453693   1.28118010
-22.59077513  20.64183221   1.30365483
-22.49077513  20.64920017   1.32635344
-22.39077513  20.65664119   1.34927714
-22.29077513  20.66415567   1.37242715
-22.19077513  20.67174400   1.39580468
-22.09077513  20.67940658   1.41941094
-21.99077513  20.68714379   1.44324711
-21.89077513  20.69495601   1.46731438
-21.79077513  20.70284363   1.49161393
-21.69077513  20.71080702   1.51614690
-21.59077513  20.71884656   1.54091448
-21.49077513  20.72696262   1.56591779
-21.39077513  20.73515558   1.59115797
-21.29077513  20.74342578   1.61663616
-21.19077513  20.75177360   1.64235347
-21.09077513  20.76019940   1.66831099
-20.99077513  20.76870354   1.69450984
-20.89077513  20.77728635   1.72095109
-20.79077513  20.78594820   1.74763580
-20.69077513  20.79468942   1.77456505
-20.59077513  20.80351035   1.80173989
-20.49077513  20.81241134   1.82916134
-20.39077513  20.82139271   1.85683043
-20.29077513  20.83045480   1.88474817
-20.19077513  20.83959792   1.91291557
-20.09077513  20.84882240   1.94133361
-19.99077513  20.85812855   1.97000325
-19.89077513  20.86751668   1.99892546
-19.79077513  20.87698711   2.02810119
-19.69077513  20.88654013   2.05753136
-19.59077513  20.89617603   2.08721689
-19.49077513  20.90589512   2.11715869
-19.39077513  20.91569769   2.14735763
-19.29077513  20.92558400   2.17781460
-19.19077513  20.93555435   2.20853045
-19.09077513  20.94560900   2.23950601
-18.99077513  20.95574823   2.27074213
-18.89077513  20.96597229   2.30223959
-18.79077513  20.97628144   2.33399921
-18.69077513  20.98667594   2.36602175
-18.59077513  20.99715603   2.39830798
-18.49077513  21.00772196   2.43085864
-18.39077513  21.01837395   2.46367445
-18.29077513  21.02911225   2.49675612
-18.19077513  21.03993707   2.53010435
-18.09077513  21.05084862   2.56371981
-17.99077513  21.06184714   2.59760314
-17.89077513  21.07293281   2.63175500
-17.79077513  21.08410584   2.66617599
-17.69077513  21.09536643   2.70086671
-17.59077513  21.10671477   2.73582775
-17.49077513  21.11815103   2.77105966
-17.39077513  21.12967539   2.80656298
-17.29077513  21.14128802   2.84233825
-17.19077513  21.15298908   2.87838595
-17.09077513  21.16477874   2.91470657
-16.99077513  21.17665713   2.95130056
-16.89077513  21.18862440   2.98816838
-16.79077513  21.20068069   3.02531044
-16.69077513  21.21282613   3.06272713
-16.59077513  21.22506084   3.10041884
-16.49077513  21.23738493   3.13838591
-16.39077513  21.24979852   3.17662869
-16.29077513  21.26230170   3.21514749
-16.19077513  21.27489457   3.25394259
-16.09077513  21.28757721   3.29301426
-15.99077513  21.30034971   3.33236275
-15.89077513  21.31321214   3.37198828
-15.79077513  21.32616455   3.41189105
-15.69077513  21.33920702   3.45207124
-15.59077513  21.35233959   3.49252900
-15.49077513  21.36556230   3.53326446
-15.39077513  21.37887518   3.57427773
-15.29077513  21.39227827   3.61556889
-15.19077513  21.40577158   3.65713799
-15.09077513  21.41935512   3.69898508
-14.99077513  21.43302890   3.74111017
-14.89077513  21.44679291   3.78351324
-14.79077513  21.46064715   3.82619425
-14.69077513  21.47459158   3.86915314
-14.59077513  21.48862618   3.91238982
-14.49077513  21.50275092   3.95590418
-14.39077513  21.51696575   3.99969608
-14.29077513  21.53127061   4.04376536
-14.19077513  21.54566545   4.08811183
-14.09077513  21.56015020   4.13273527
-13.99077513  21.57472477   4.17763545
-13.89077513  21.58938909   4.22281209
-13.79077513  21.60414305   4.26826491
-13.69077513  21.61898655   4.31399359
-13.59077513  21.63391949   4.35999778
-13.49077513  21.64894173   4.40627712
-13.39077513  21.66405316   4.45283120
-13.29077513  21.67925364   4.49965960
-13.19077513  21.69454301   4.54676188
-13.09077513  21.70992113   4.59413755
-12.99077513  21.72538783   4.64178611
-12.89077513  21.74094293   4.68970703
-12.79077513  21.75658627   4.73789976
-12.69077513  21.77231764   4.78636370
-12.59077513  21.78813684   4.83509825
-12.49077513  21.80404368   4.88410277
-12.39077513  21.82003794   4.93337659
-12.29077513  21.83611938   4.98291901
-12.19077513  21.85228778   5.03272932
-12.09077513  21.86854290   5.08280677
-11.99077513  21.88488447   5.13315058
-11.89077513  21.90131224   5.18375995
-11.79077513  21.91782595   5.23463404
-11.69077513  21.93442530   5.28577200
-11.59077513  21.95111002   5.33717293
-11.49077513  21.96787980   5.38883594
-11.39077513  21.98473434   5.44076006
-11.29077513  22.00167333   5.49294434
-11.19077513  22.01869644   5.54538778
-11.09077513  22.03580334   5.59808934
-10.99077513  22.05299369   5.65104799
-10.89077513  22.07026713   5.70426263
-10.79077513  22.08762331   5.75773215
-10.69077513  22.10506186   5.81145543
-10.59077513  22.12258240   5.86543130
-10.49077513  22.14018454   5.91965856
-10.39077513  22.15786789   5.97413600
-10.29077513  22.17563204   6.02886237
-10.19077513  22.19347658   6.08383640
-10.09077513  22.21140108   6.13905678
 -9.99077513  22.22940512   6.19452218
 -9.89077513  22.24748825   6.25023124
 -9.79077513  22.26565003   6.30618259
 -9.69077513  22.28388999   6.36237481
 -9.59077513  22.30220768   6.41880645
 -9.49077513  22.32060260   6.47547607
 -9.39077513  22.33907428   6.53238215
 -9.29077513  22.35762223   6.58952318
 -9.19077513  22.37624595   6.64689762
 -9.09077513  22.39494491   6.70450389
 -8.99077513  22.41371860   6.76234038
 -8.89077513  22.43256650   6.82040548
 -8.79077513  22.45148807   6.87869752
 -8.69077513  22.47048275   6.93721483
 -8.59077513  22.48955001   6.99595569
 -8.49077513  22.50868927   7.05491839
 -8.39077513  22.52789996   7.11410115
 -8.29077513  22.54718150   7.17350219
 -8.19077513  22.56653332   7.23311970
 -8.09077513  22.58595480   7.29295185
 -7.99077513  22.60544535   7.35299677
 -7.89077513  22.62500435   7.41325258
 -7.79077513  22.64463119   7.47371736
 -7.69077513  22.66432523   7.53438918
 -7.59077513  22.68408584   7.59526608
 -7.49077513  22.70391236   7.65634606
 -7.39077513  22.72380416   7.71762712
 -7.29077513  22.74376057   7.77910721
 -7.19077513  22.76378092   7.84078429
 -7.09077513  22.78386453   7.90265627
 -6.99077513  22.80401072   7.96472104
 -6.89077513  22.82421879   8.02697646
 -6.79077513  22.84448806   8.08942039
 -6.69077513  22.86481781   8.15205065
 -6.59077513  22.88520733   8.21486504
 -6.49077513  22.90565589   8.27786133
 -6.39077513  22.92616277   8.34103729
 -6.29077513  22.94672723   8.40439063
 -6.19077513  22.96734853   8.46791908
 -6.09077513  22.98802592   8.53162032
 -5.99077513  23.00875864   8.59549202
 -5.89077513  23.02954593   8.65953183
 -5.79077513  23.05038701   8.72373737
 -5.69077513  23.07128111   8.78810624
 -5.59077513  23.09222745   8.85263604
 -5.49077513  23.11322523   8.91732432
 -5.39077513  23.13427366   8.98216863
 -5.29077513  23.15537193   9.04716649
 -5.19077513  23.17651923   9.11231541
 -5.09077513  23.19771475   9.17761287
 -4.99077513  23.21895767   9.24305635
 -4.89077513  23.24024715   9.30864328
 -4.79077513  23.26158237   9.37437111
 -4.69077513  23.28296248   9.44023724
 -4.59077513  23.30438664   9.50623906
 -4.49077513  23.32585399   9.57237397
 -4.39077513  23.34736369   9.63863931
 -4.29077513  23.36891486   9.70503243
 -4.19077513  23.39050664   9.77155066
 -4.09077513  23.41213816   9.83819132
 -3.99077513  23.43380854   9.90495169
 -3.89077513  23.45551690   9.97182905
 -3.79077513  23.47726235  10.03882068
 -3.69077513  23.49904399  10.10592383
 -3.59077513  23.52086094  10.17313573
 -3.49077513  23.54271228  10.24045360
 -3.39077513  23.56459712  10.30787465
 -3.29077513  23.58651454  10.37539608
 -3.19077513  23.60846363  10.44301507
 -3.09077513  23.63044347  10.51072879
 -2.99077513  23.65245313  10.57853440
 -2.89077513  23.67449170  10.64642905
 -2.79077513  23.69655823  10.71440986
 -2.69077513  23.71865180  10.78247397
 -2.59077513  23.74077147  10.85061847
 -2.49077513  23.76291630  10.91884048
 -2.39077513  23.78508534  10.98713709
 -2.29077513  23.80727765  11.05550538
 -2.19077513  23.82949228  11.12394242
 -2.09077513  23.85172827  11.19244527
 -1.99077513  23.87398466  11.26101099
 -1.89077513  23.89626051  11.32963662
 -1.79077513  23.91855484  11.39831921
 -1.69077513  23.94086669  11.46705579
 -1.59077513  23.96319511  11.53584338
 -1.49077513  23.98553911  11.60467899
 -1.39077513  24.00789773  11.67355964
 -1.29077513  24.03027000  11.74248234
 -1.19077513  24.05265495  11.81144408
 -1.09077513  24.07505159  11.88044186
 -0.99077513  24.09745895  11.94947267
 -0.89077513  24.11987606  12.01853350
 -0.79077513  24.14230193  12.08762132
 -0.69077513  24.16473558  12.15673311
 -0.59077513  24.18717603  12.22586586
 -0.49077513  24.20962230  12.29501652
 -0.39077513  24.23207341  12.36418208
 -0.29077513  24.25452836  12.43335950
 -0.19077513  24.27698618  12.50254575
 -0.09077513  24.29944587  12.57173778
  0.00922487  24.32190647  12.64093257
  0.10922487  24.34436697  12.71012708
  0.20922487  24.36682639  12.77931828
  0.30922487  24.38928375  12.84850312
  0.40922487  24.41173807  12.91767858
  0.50922487  24.43418836  12.98684162
  0.60922487  24.45663363  13.05598921
  0.70922487  24.47907290  13.12511832
  0.80922487  24.50150519  13.19422592
  0.90922487  24.52392951  13.26330898
  1.00922487  24.54634490  13.33236450
  1.10922487  24.56875036  13.40138944
  1.20922487  24.59114491  13.47038080
  1.30922487  24.61352759  13.53933556
  1.40922487  24.63589742  13.60825073
  1.50922487  24.65825342  13.67712330
  1.60922487  24.68059462  13.74595027
  1.70922487  24.70292005  13.81472867
  1.80922487  24.72522874  13.88345551
  1.90922487  24.74751974  13.95212782
  2.00922487  24.76979207  14.02074262
  2.10922487  24.79204477  14.08929696
  2.20922487  24.81427689  14.15778789
  2.30922487  24.83648747  14.22621247
  2.40922487  24.85867555  14.29456775
  2.50922487  24.88084020  14.36285081
  2.60922487  24.90298046  14.43105875
  2.70922487  24.92509538  14.49918864
  2.80922487  24.94718404  14.56723759
  2.90922487  24.96924548  14.63520272
  3.00922487  24.99127879  14.70308115
  3.10922487  25.01328302  14.77087003
  3.20922487  25.03525725  14.83856648
  3.30922487  25.05720057  14.90616769
  3.40922487  25.07911204  14.97367081
  3.50922487  25.10099077  15.04107304
  3.60922487  25.12283584  15.10837157
  3.70922487  25.14464634  15.17556361
  3.80922487  25.16642137  15.24264639
  3.90922487  25.18816004  15.30961714
  4.00922487  25.20986146  15.37647313
  4.10922487  25.23152474  15.44321162
  4.20922487  25.25314899  15.50982988
  4.30922487  25.27473334  15.57632524
  4.40922487  25.29627693  15.64269498
  4.50922487  25.31777888  15.70893646
  4.60922487  25.33923833  15.77504701
  4.70922487  25.36065442  15.84102400
  4.80922487  25.38202631  15.90686481
  4.90922487  25.40335315  15.97256683
  5.00922487  25.42463411  16.03812749
  5.10922487  25.44586834  16.10354422
  5.20922487  25.46705503  16.16881447
  5.30922487  25.48819335  16.23393570
  5.40922487  25.50928248  16.29890542
  5.50922487  25.53032163  16.36372113
  5.60922487  25.55130998  16.42838035
  5.70922487  25.57224674  16.49288064
  5.80922487  25.59313112  16.55721956
  5.90922487  25.61396233  16.62139470
  6.00922487  25.63473961  16.68540367
  6.10922487  25.65546218  16.74924410
  6.20922487  25.67612928  16.81291364
  6.30922487  25.69674015  16.87640996
  6.40922487  25.71729404  16.93973074
  6.50922487  25.73779021  17.00287372
  6.60922487  25.75822794  17.06583662
  6.70922487  25.77860648  17.12861720
  6.80922487  25.79892512  17.19121325
  6.90922487  25.81918316  17.25362256
  7.00922487  25.83937987  17.31584298
  7.10922487  25.85951456  17.37787233
  7.20922487  25.87958655  17.43970851
  7.30922487  25.89959515  17.50134940
  7.40922487  25.91953969  17.56279293
  7.50922487  25.93941950  17.62403704
  7.60922487  25.95923391  17.68507971
  7.70922487  25.97898229  17.74591891
  7.80922487  25.99866397  17.80655268
  7.90922487  26.01827834  17.86697905
  8.00922487  26.03782476  17.92719610
  8.10922487  26.05730261  17.98720190
  8.20922487  26.07671129  18.04699459
  8.30922487  26.09605018  18.10657231
  8.40922487  26.11531870  18.16593321
  8.50922487  26.13451626  18.22507550
  8.60922487  26.15364227  18.28399740
  8.70922487  26.17269618  18.34269715
  8.80922487  26.19167742  18.40117303
  8.90922487  26.21058543  18.45942332
  9.00922487  26.22941968  18.51744637
  9.10922487  26.24817963  18.57524050
  9.20922487  26.26686475  18.63280412
  9.30922487  26.28547452  18.69013561
  9.40922487  26.30400843  18.74723341
  9.50922487  26.32246599  18.80409598
  9.60922487  26.34084670  18.86072180
  9.70922487  26.35915008  18.91710939
  9.80922487  26.37737566  18.97325727
  9.90922487  26.39552296  19.02916402
 10.00922487  26.41359153  19.08482824
 10.10922487  26.43158093  19.14024853
 10.20922487  26.44949072  19.19542356
 10.30922487  26.46732046  19.25035199
 10.40922487  26.48506973  19.30503252
 10.50922487  26.50273812  19.35946390
 10.60922487  26.52032524  19.41364487
 10.70922487  26.53783068  19.46757423
 10.80922487  26.55525406  19.52125078
 10.90922487  26.57259500  19.57467336
 11.00922487  26.58985315  19.62784086
 11.10922487  26.60702812  19.68075215
 11.20922487  26.62411959  19.73340617
 11.30922487  26.64112721  19.78580187
 11.40922487  26.65805065  19.83793823
 11.50922487  26.67488958  19.88981425
 11.60922487  26.69164369  19.94142897
 11.70922487  26.70831268  19.99278146
 11.80922487  26.72489626  20.04387080
 11.90922487  26.74139414  20.09469611
 12.00922487  26.75780603  20.14525655
 12.10922487  26.77413168  20.19555127
 12.20922487  26.79037082  20.24557949
 12.30922487  26.80652320  20.29534044
 12.40922487  26.82258858  20.34483336
 12.50922487  26.83856674  20.39405755
 12.60922487  26.85445744  20.44301231
 12.70922487  26.87026047  20.49169698
 12.80922487  26.88597563  20.54011093
 12.90922487  26.90160271  20.58825356
 13.00922487  26.91714154  20.63612427
 13.10922487  26.93259193  20.68372253
 13.20922487  26.94795371  20.73104780
 13.30922487  26.96322672  20.77809959
 13.40922487  26.97841081  20.82487742
 13.50922487  26.99350583  20.87138084
 13.60922487  27.00851165  20.91760945
 13.70922487  27.02342814  20.96356284
 13.80922487  27.03825518  21.00924066
 13.90922487  27.05299267  21.05464256
 14.00922487  27.06764050  21.09976822
 14.10922487  27.08219858  21.14461737
 14.20922487  27.09666683  21.18918974
 14.30922487  27.11104517  21.23348510
 14.40922487  27.12533353  21.27750323
 14.50922487  27.13953186  21.32124396
 14.60922487  27.15364011  21.36470711
 14.70922487  27.16765823  21.40789257
 14.80922487  27.18158620  21.45080023
 14.90922487  27.19542398  21.49342999
 15.00922487  27.20917156  21.53578180
 15.10922487  27.22282894  21.57785563
 15.20922487  27.23639611  21.61965147
 15.30922487  27.24987308  21.66116934
 15.40922487  27.26325987  21.70240927
 15.50922487  27.27655650  21.74337133
 15.60922487  27.28976301  21.78405561
 15.70922487  27.30287944  21.82446222
 15.80922487  27.31590583  21.86459129
 15.90922487  27.32884226  21.90444298
 16.00922487  27.34168877  21.94401748
 16.10922487  27.35444545  21.98331499
 16.20922487  27.36711237  22.02233574
 16.30922487  27.37968964  22.06107997
 16.40922487  27.39217735  22.09954797
 16.50922487  27.40457561  22.13774003
 16.60922487  27.41688453  22.17565646
 16.70922487  27.42910423  22.21329761
 16.80922487  27.44123486  22.25066384
 16.90922487  27.45327656  22.28775553
 17.00922487  27.46522947  22.32457309
 17.10922487  27.47709375  22.36111694
 17.20922487  27.48886958  22.39738752
 17.30922487  27.50055713  22.43338532
 17.40922487  27.51215660  22.46911082
 17.50922487  27.52366816  22.50456452
 17.60922487  27.53509205  22.53974696
 17.70922487  27.54642846  22.57465869
 17.80922487  27.55767764  22.60930028
 17.90922487  27.56883981  22.64367231
 18.00922487  27.57991522  22.67777541
 18.10922487  27.59090414  22.71161019
 18.20922487  27.60180684  22.74517730
 18.30922487  27.61262361  22.77847742
 18.40922487  27.62335473  22.81151124
 18.50922487  27.63400052  22.84427945
 18.60922487  27.64456130  22.87678278
 18.70922487  27.65503741  22.90902198
 18.80922487  27.66542920  22.94099780
 18.90922487  27.67573705  22.97271104
 19.00922487  27.68596134  23.00416248
 19.10922487  27.69610246  23.03535294
 19.20922487  27.70616085  23.06628326
 19.30922487  27.71613694  23.09695429
 19.40922487  27.72603120  23.12736691
 19.50922487  27.73584410  23.15752199
 19.60922487  27.74557616  23.18742045
 19.70922487  27.75522790  23.21706322
 19.80922487  27.76479988  23.24645122
 19.90922487  27.77429269  23.27558543
 20.00922487  27.78370694  23.30446682
 20.10922487  27.79304327  23.33309638
 20.20922487  27.80230237  23.36147513
 20.30922487  27.81148494  23.38960411
 20.40922487  27.82059175  23.41748435
 20.50922487  27.82962357  23.44511692
 20.60922487  27.83858124  23.47250292
 20.70922487  27.84746565  23.49964344
 20.80922487  27.85627773  23.52653961
 20.90922487  27.86501845  23.55319257
 21.00922487  27.87368885  23.57960348
 21.10922487  27.88229003  23.60577352
 21.20922487  27.89082315  23.63170389
 21.30922487  27.89928943  23.65739581
 21.40922487  27.90769016  23.68285051
 21.50922487  27.91602674  23.70806927
 21.60922487  27.92430060  23.73305335
 21.70922487  27.93251329  23.75780408
 21.80922487  27.94066644  23.78232276
 21.90922487  27.94876180  23.80661076
 22.00922487  27.95680118  23.83066945
 22.10922487  27.96478655  23.85450022
 22.20922487  27.97271996  23.87810449
 22.30922487  27.98060362  23.90148372
 22.40922487  27.98843983  23.92463939
 22.50922487  27.99623107  23.94757298
 22.60922487  28.00397995  23.97028605
 22.70922487  28.01168925  23.99278014
 22.80922487  28.01936191  24.01505686
 22.90922487  28.02700105  24.03711783
 23.00922487  28.03460998  24.05896470
 23.10922487  28.04219222  24.08059918
 23.20922487  28.04975149  24.10202298
 23.30922487  28.05729173  24.12323788
 23.40922487  28.06481712  24.14424568
 23.50922487  28.07233211  24.16504823
 23.60922487  28.07984138  24.18564743
 23.70922487  28.08734990  24.20604520
 23.80922487  28.09486295  24.22624352
 23.90922487  28.10238610  24.24624442
 24.00922487  28.10992523  24.26604998
 24.10922487  28.11748660  24.28566234
 24.20922487  28.12507680  24.30508367
 24.30922487  28.13270279  24.32431622
 24.40922487  28.14037195  24.34336229
 24.50922487  28.14809206  24.36222424
 24.60922487  28.15587134  24.38090450
 24.70922487  28.16371844  24.39940556
 24.80922487  28.17164252  24.41772998
 24.90922487  28.17965322  24.43588040
 25.00922487  28.18776070  24.45385953
 25.10922487  28.19597565  24.47167015
 25.20922487  28.20430937  24.48931513
 25.30922487  28.21277369  24.50679743
 25.40922487  28.22138110  24.52412007
 25.50922487  28.23014471  24.54128618
 25.60922487  28.23907830  24.55829897
 25.70922487  28.24819635  24.57516177
 25.80922487  28.25751405  24.59187798
 25.90922487  28.26704732  24.60845111
 26.00922487  28.27681288  24.62488477
 26.10922487  28.28682824  24.64118268
 26.20922487  28.29711174  24.65734866
 26.30922487  28.30768256  24.67338665
 26.40922487  28.31856079  24.68930069
 26.50922487  28.32976742  24.70509496
 26.60922487  28.34132438  24.72077371
 26.70922487  28.35325458  24.73634135
 26.80922487  28.36558190  24.75180237
 26.90922487  28.37833129  24.76716140
 27.00922487  28.39152872  24.78242318
 27.10922487  28.40520125  24.79759256
 27.20922487  28.41937705  24.81267450
 27.30922487  28.43408542  24.82767407
 27.40922487  28.44935683  24.84259645
 27.50922487  28.46522293  24.85744692
 27.60922487  28.48171656  24.87223084
 27.70922487  28.49887182  24.88695366
 27.80922487  28.51672405  24.90162092
 27.90922487  28.53530986  24.91623821
 28.00922487  28.55466716  24.93081118
 28.10922487  28.57483515  24.94534550
 28.20922487  28.59585439  24.95984689
 28.30922487  28.61776674  24.97432103
 28.40922487  28.64061545  24.98877360
 28.50922487  28.66444509  25.00321024
 28.60922487  28.68930162  25.01763648
 28.70922487  28.71523238  25.03205776
 28.80922487  28.74228607  25.04647937
 28.90922487  28.77051276  25.06090641
 29.00922487  28.79996389  25.07534373
 29.10922487  28.83069227  25.08979590
 29.20922487  28.86275207  25.10426716
 29.30922487  28.89619877  25.11876133
 29.40922487  28.93108920  25.13328177
 29.50922487  28.96748147  25.14783129
 29.60922487  29.00543497  25.16241207
 29.70922487  29.04501032  25.17702558
 29.80922487  29.08626938  25.19167247
 29.90922487  29.12927514  25.20635250
 30.00922487  29.17409176  25.22106437
 30.10922487  29.22078444  25.23580567
 30.20922487  29.26941943  25.25057269
 30.30922487  29.32006395  25.26536033
 30.40922487  29.37278611  25.28016192
 30.50922487  29.42765487  25.29496906
 30.60922487  29.48473995  25.30977150
 30.70922487  29.54411176  25.32455690
 30.80922487  29.60584128  25.33931070
 30.90922487  29.67000006  25.35401589
 31.00922487  29.73666000  25.36865282
 31.10922487  29.80589336  25.38319900
 31.20922487  29.87777260  25.39762885
 31.30922487  29.95237027  25.41191347
 31.40922487  30.02975890  25.42602046
 31.50922487  30.11001088  25.43991359
 31.60922487  30.19319836  25.45355263
 31.70922487  30.27939307  25.46689306
 31.80922487  30.36866620  25.47988579
 31.90922487  30.46108829  25.49247697
 32.00922487  30.55672905  25.50460768
 32.10922487  30.65565725  25.51621366
 32.20922487  30.75794052  25.52722513
 32.30922487  30.86364525  25.53756648
 32.40922487  30.97283638  25.54715603
 32.50922487  31.08557731  25.55590587
 32.60922487  31.20192966  25.56372156
 32.70922487  31.32195320  25.57050199
 32.80922487  31.44570559  25.57613919
 32.90922487  31.57324232  25.58051815
 33.00922487  31.70461646  25.58351671
 33.10922487  31.83987858  25.58500546
 33.20922487  31.97907654  25.58484765
 33.30922487  32.12225534  25.58289917
 33.40922487  32.26945702  25.57900855
 33.50922487  32.42072045  25.57301697
 33.60922487  32.57608122  25.56475841
 33.70922487  32.73557152  25.55405974
 33.80922487  32.89921996  25.54074092
 33.90922487  33.06705151  25.52461524
 34.00922487  33.23908733  25.50548962
 34.10922487  33.41534469  25.48316497
 34.20922487  33.59583688  25.45743658
 34.30922487  33.78057309  25.42809464
 34.40922487  33.96955835  25.39492477
 34.50922487  34.16279346  25.35770860
 34.60922487  34.36027494  25.31622446
 34.70922487  34.56199495  25.27024813
 34.80922487  34.76794130  25.21955363
 34.90922487  34.97809737  25.16391405
 35.00922487  35.19244216  25.10310253
 35.10922487  35.41095024  25.03689319
 35.20922487  35.63359179  24.96506221
 35.30922487  35.86033259  24.88738888
 35.40922487  36.09113411  24.80365673
 35.50922487  36.32595352  24.71365472
 35.60922487  36.56474373  24.61717847
 35.70922487  36.80745351  24.51403145
 35.80922487  37.05402755  24.40402626
 35.90922487  37.30440653  24.28698591
 36.00922487  37.55852724  24.16274508
 36.10922487  37.81632270  24.03115141
 36.20922487  38.07772226  23.89206679
 36.30922487  38.34265171  23.74536852
 36.40922487  38.61103345  23.59095063
 36.50922487  38.88278662  23.42872496
 36.60922487  39.15782721  23.25862235
 36.70922487  39.43606825  23.08059364
 36.80922487  39.71741991  22.89461072
 36.90922487  40.00178969  22.70066741
 37.00922487  40.28908258  22.49878028
 37.10922487  40.57920118  22.28898938
 37.20922487  40.87204585  22.07135888
 37.30922487  41.16751491  21.84597754
 37.40922487  41.46550472  21.61295913
 37.50922487  41.76590988  21.37244263
 37.60922487  42.06862334  21.12459242
 37.70922487  42.37353654  20.86959822
 37.80922487  42.68053955  20.60767493
 37.90922487  42.98952117  20.33906237
 38.00922487  43.30036910  20.06402479
 38.10922487  43.61296997  19.78285028
 38.20922487  43.92720951  19.49585007
 38.30922487  44.24297263  19.20335762
 38.40922487  44.56014351  18.90572759
 38.50922487  44.87860564  18.60333473
 38.60922487  45.19824198  18.29657256
 38.70922487  45.51893495  17.98585198
 38.80922487  45.84056653  17.67159974
 38.90922487  46.16301832  17.35425684
 39.00922487  46.48617157  17.03427681
 39.10922487  46.80990725  16.71212388
 39.20922487  47.13410607  16.38827114
 39.30922487  47.45864853  16.06319858
 39.40922487  47.78341495  15.73739113
 39.50922487  48.10828552  15.41133665
 39.60922487  48.43314032  15.08552387
 39.70922487  48.75785934  14.76044037
 39.80922487  49.08232255  14.43657055
 39.90922487  49.40640991  14.11439358
 40.00922487  49.73000139  13.79438151
 40.10922487  50.05297707  13.47699724
 40.20922487  50.37521711  13.16269273
 40.30922487  50.69660186  12.85190718
 40.40922487  51.01701189  12.54506533
 40.50922487  51.33632805  12.24257582
 40.60922487  51.65443153  11.94482973
 40.70922487  51.97120394  11.65219918
 40.80922487  52.28652743  11.36503604
 40.90922487  52.60028469  11.08367080
 41.00922487  52.91235913  10.80841158
 41.10922487  53.22263494  10.53954326
 41.20922487  53.53099722  10.27732678
 41.30922487  53.83733206  10.02199850
 41.40922487  54.14152673   9.77376986
 41.50922487  54.44346975   9.53282703
 41.60922487  54.74305105   9.29933079
 41.70922487  55.04016211   9.07341655
 41.80922487  55.33469614   8.85519445
 41.90922487  55.62654817   8.64474967
 42.00922487  55.91561525   8.44214280
 42.10922487  56.20179660   8.24741037
 42.20922487  56.48499375   8.06056549
 42.30922487  56.76511072   7.88159856
 42.40922487  57.04205420   7.71047816
 42.50922487  57.31573365   7.54715190
 42.60922487  57.58606151   7.39154747
 42.70922487  57.85295332   7.24357370
 42.80922487  58.11632791   7.10312169
 42.90922487  58.37610750   6.97006597
 43.00922487  58.63221785   6.84426576
 43.10922487  58.88458841   6.72556616
 43.20922487  59.13315244   6.61379947
 43.30922487  59.37784711   6.50878641
 43.40922487  59.61861361   6.41033747
 43.50922487  59.85539726   6.31825413
 43.60922487  60.08814758   6.23233013
 43.70922487  60.31681838   6.15235272
 43.80922487  60.54136781   6.07810383
 43.90922487  60.76175842   6.00936129
 44.00922487  60.97795721   5.94589991
 44.10922487  61.18993561   5.88749259
 44.20922487  61.39766958   5.83391134
 44.30922487  61.60113952   5.78492827
 44.40922487  61.80033034   5.74031646
 44.50922487  61.99523137   5.69985087
 44.60922487  62.18583638   5.66330911
 44.70922487  62.37214351   5.63047216
 44.80922487  62.55415522   5.60112506
 44.90922487  62.73187823   5.57505748
 45.00922487  62.90532339   5.55206428
 45.10922487  63.07450569   5.53194597
 45.20922487  63.23944407   5.51450911
 45.30922487  63.40016135   5.49956669
 45.40922487  63.55668413   5.48693840
 45.50922487  63.70904265   5.47645086
 45.60922487  63.85727065   5.46793782
 45.70922487  64.00140525   5.46124026
 45.80922487  64.14148681   5.45620652
 45.90922487  64.27755877   5.45269229
 46.00922487  64.40966753   5.45056065
 46.10922487  64.53786223   5.44968200
 46.20922487  64.66219468   5.44993398
 46.30922487  64.78271913   5.45120139
 46.40922487  64.89949215   5.45337604
 46.50922487  65.01257244   5.45635660
 46.60922487  65.12202069   5.46004839
 46.70922487  65.22789941   5.46436322
 46.80922487  65.33027277   5.46921914
 46.90922487  65.42920644   5.47454024
 47.00922487  65.52476742   5.48025638
 47.10922487  65.61702391   5.48630298
 47.20922487  65.70604514   5.49262073
 47.30922487  65.79190123   5.49915536
 47.40922487  65.87466302   5.50585736
 47.50922487  65.95440198   5.51268174
 47.60922487  66.03119000   5.51958778
 47.70922487  66.10509932   5.52653875
 47.80922487  66.17620238   5.53350168
 47.90922487  66.24457167   5.54044714
 48.00922487  66.31027965   5.54734893
 48.10922487  66.37339863   5.55418396
 48.20922487  66.43400062   5.56093191
 48.30922487  66.49215730   5.56757513
 48.40922487  66.54793984   5.57409835
 48.50922487  66.60141887   5.58048852
 48.60922487  66.65266437   5.58673466
 48.70922487  66.70174559   5.59282760
 48.80922487  66.74873097   5.59875992
 48.90922487  66.79368808   5.60452569
 49.00922487  66.83668352   5.61012040
 49.10922487  66.87778293   5.61554079
 49.20922487  66.91705086   5.62078473
 49.30922487  66.95455076   5.62585109
 49.40922487  66.99034493   5.63073964
 49.50922487  67.02449446   5.63545095
 49.60922487  67.05705922   5.63998628
 49.70922487  67.08809782   5.64434752
 49.80922487  67.11766757   5.64853707
 49.90922487  67.14582447   5.65255780
 50.00922487  67.17262318   5.65641297
 50.10922487  67.19811702   5.66010617
 50.20922487  67.22235794   5.66364126
 50.30922487  67.24539651   5.66702233
 50.40922487  67.26728196   5.67025365
 50.50922487  67.28806209   5.67333963
 50.60922487  67.30778336   5.67628476
 50.70922487  67.32649084   5.67909364
 50.80922487  67.34422824   5.68177088
 50.90922487  67.36103789   5.68432110
 51.00922487  67.37696080   5.68674894
 51.10922487  67.39203661   5.68905899
 51.20922487  67.40630367   5.69125580
 51.30922487  67.41979900   5.69334386
 51.40922487  67.43255833   5.69532760
 51.50922487  67.44461615   5.69721135
 51.60922487  67.45600568   5.69899935
 51.70922487  67.46675892   5.70069574
 51.80922487  67.47690666   5.70230457
 51.90922487  67.48647853   5.70382975
 52.00922487  67.49550299   5.70527511
 52.10922487  67.50400740   5.70664433
 52.20922487  67.51201799   5.70794098
 52.30922487  67.51955994   5.70916852
 52.40922487  67.52665737   5.71033028
 52.50922487  67.53333340   5.71142946
 52.60922487  67.53961015   5.71246916
 52.70922487  67.54550877   5.71345235
 52.80922487  67.55104952   5.71438188
 52.90922487  67.55625170   5.71526047
 53.00922487  67.56113377   5.71609077
 53.10922487  67.56571335   5.71687526
 53.20922487  67.57000722   5.71761636
 53.30922487  67.57403138   5.71831636
 53.40922487  67.57780106   5.71897746
 53.50922487  67.58133077   5.71960173
 53.60922487  67.58463430   5.72019119
 53.70922487  67.58772475   5.72074772
 53.80922487  67.59061459   5.72127313
 53.90922487  67.59331564   5.72176915
 54.00922487  67.59583911   5.72223742
 54.10922487  67.59819564   5.72267948
 54.20922487  67.60039532   5.72309682
 54.30922487  67.60244769   5.72349083
 54.40922487  67.60436178   5.72386285
 54.50922487  67.60614616   5.72421413
 54.60922487  67.60780890   5.72454587
 54.70922487  67.60935763   5.72485919
 54.80922487  67.61079956   5.72515517
 54.90922487  67.61214151   5.72543481
 55.00922487  67.61338989   5.72569908
 55.10922487  67.61455074   5.72594886
 55.20922487  67.61562978   5.72618503
 55.30922487  67.61663236   5.72640837
 55.40922487  67.61756353   5.72661965
 55.50922487  67.61842804   5.72681959
 55.60922487  67.61923036   5.72700885
 55.70922487  67.61997469   5.72718808
 55.80922487  67.62066494   5.72735787
 55.90922487  67.62130483   5.72751878
 56.00922487  67.62189781   5.72767135
 56.10922487  67.62244712   5.72781607
 56.20922487  67.62295582   5.72795341
 56.30922487  67.62342675   5.72808380
 56.40922487  67.62386257   5.72820768
 56.50922487  67.62426577   5.72832541
 56.60922487  67.62463869   5.72843737
 56.70922487  67.62498349   5.72854389
 56.80922487  67.62530220   5.72864530
 56.90922487  67.62559674   5.72874191
 57.00922487  67.62586885   5.72883398
 57.10922487  67.62612019   5.72892179
 57.20922487  67.62635229   5.72900558
 57.30922487  67.62656658   5.72908559
 57.40922487  67.62676440   5.72916203
 57.50922487  67.62694697   5.72923511
 57.60922487  67.62711545   5.72930501
 57.70922487  67.62727090   5.72937192
 57.80922487  67.62741433   5.72943601
 57.90922487  67.62754664   5.72949742
 58.00922487  67.62766870   5.72955631
 58.10922487  67.62778129   5.72961281
 58.20922487  67.62788516   5.72966706
 58.30922487  67.62798097   5.72971917
 58.40922487  67.62806937   5.72976926
 58.50922487  67.62815092   5.72981742
 58.60922487  67.62822618   5.72986377
 58.70922487  67.62829563   5.72990839
 58.80922487  67.62835975   5.72995137
 58.90922487  67.62841895   5.72999278
 59.00922487  67.62847363   5.73003272
 59.10922487  67.62852414   5.73007124
 59.20922487  67.62857083   5.73010842
 59.30922487  67.62861400   5.73014431
 59.40922487  67.62865393   5.73017899
 59.50922487  67.62869089   5.73021249
 59.60922487  67.62872512   5.73024488
 59.70922487  67.62875683   5.73027620
 59.80922487  67.62878624   5.73030650
 59.90922487  67.62881352   5.73033582
 60.00922487  67.62883885   5.73036421
 60.10922487  67.62886239   5.73039170
 60.20922487  67.62888428   5.73041832
 60.30922487  67.62890466   5.73044412
 60.40922487  67.62892365   5.73046912
 60.50922487  67.62894136   5.73049336
 60.60922487  67.62895789   5.73051686
 60.70922487  67.62897334   5.73053966
 60.80922487  67.62898780   5.73056177
 60.90922487  67.62900133   5.73058322
 61.00922487  67.62901403   5.73060404
 61.10922487  67.62902595   5.73062425
 61.20922487  67.62903715   5.73064386
 61.30922487  67.62904769   5.73066290
 61.40922487  67.62905762   5.73068140
 61.50922487  67.62906699   5.73069935
 61.60922487  67.62907584   5.73071679
 61.70922487  67.62908421   5.73073373
 61.80922487  67.62909213   5.73075019
 61.90922487  67.62909964   5.73076618
 62.00922487  67.62910677   5.73078171
 62.10922487  67.62911354   5.73079681
 62.20922487  67.62911999   5.73081148
 62.30922487  67.62912612   5.73082573
 62.40922487  67.62913198   5.73083958
 62.50922487  67.62913756   5.73085305
 62.60922487  67.62914290   5.73086613
 62.70922487  67.62914800   5.73087885
 62.80922487  67.62915288   5.73089121
 62.90922487  67.62915756   5.73090322
 63.00922487  67.62916205   5.73091490
 63.10922487  67.62916636   5.73092626
 63.20922487  67.62917050   5.73093729
 63.30922487  67.62917448   5.73094802
 63.40922487  67.62917831   5.73095844
 63.50922487  67.62918200   5.73096858
 63.60922487  67.62918555   5.73097843
 63.70922487  67.62918898   5.73098801
 63.80922487  67.62919228   5.73099732
 63.90922487  67.62919547   5.73100637
 64.00922487  67.62919855   5.73101516
 64.10922487  67.62920152   5.73102371
 64.20922487  67.62920439   5.73103202
 64.30922487  67.62920717   5.73104010
 64.40922487  67.62920986   5.73104795
 64.50922487  67.62921246   5.73105557
 64.60922487  67.62921498   5.73106299
 64.70922487  67.62921741   5.73107020
 64.80922487  67.62921977   5.73107720
 64.90922487  67.62922206   5.73108400
 65.00922487  67.62922427   5.73109062
 65.10922487  67.62922642   5.73109705
 65.20922487  67.62922850   5.73110329
 65.30922487  67.62923052   5.73110936
 65.40922487  67.62923247   5.73111526
 65.50922487  67.62923437   5.73112098
 65.60922487  67.62923621   5.73112655
 65.70922487  67.62923799   5.73113196
 65.80922487  67.62923972   5.73113721
 65.90922487  67.62924140   5.73114232
 66.00922487  67.62924303   5.73114727
 66.10922487  67.62924461   5.73115209
 66.20922487  67.62924615   5.73115677
 66.30922487  67.62924764   5.73116131
 66.40922487  67.62924908   5.73116573
 66.50922487  67.62925048   5.73117001
 66.60922487  67.62925184   5.73117418
 66.70922487  67.62925316   5.73117822
 66.80922487  67.62925444   5.73118215
 66.90922487  67.62925569   5.73118596
 67.00922487  67.62925690   5.73118966
 67.10922487  67.62925807   5.73119326
 67.20922487  67.62925920   5.73119675
 67.30922487  67.62926031   5.73120014
 67.40922487  67.62926138   5.73120343
 67.50922487  67.62926242   5.73120662
 67.60922487  67.62926343   5.73120972
 67.70922487  67.62926441   5.73121273
 67.80922487  67.62926536   5.73121566
 67.90922487  67.62926628   5.73121849
 68.00922487  67.62926718   5.73122125
 68.10922487  67.62926805   5.73122392
 68.20922487  67.62926889   5.73122651
 68.30922487  67.62926971   5.73122903
 68.40922487  67.62927050   5.73123148
 68.50922487  67.62927127   5.73123385
 68.60922487  67.62927202   5.73123615
 68.70922487  67.62927274   5.73123838
 68.80922487  67.62927345   5.73124055
 68.90922487  67.62927413   5.73124265
 69.00922487  67.62927479   5.73124469
 69.10922487  67.62927543   5.73124666
 69.20922487  67.62927606   5.73124858
 69.30922487  67.62927666   5.73125045
 69.40922487  67.62927725   5.73125225
 69.50922487  67.62927782   5.73125400
 69.60922487  67.62927837   5.73125570
 69.70922487  67.62927890   5.73125735
 69.80922487  67.62927942   5.73125895
 69.90922487  67.62927993   5.73126050
 70.00922487  67.62928042   5.73126200
 70.10922487  67.62928089   5.73126346
 70.20922487  67.62928135   5.73126487
 70.30922487  67.62928179   5.73126625
 70.40922487  67.62928222   5.73126757
 70.50922487  67.62928264   5.73126886
 70.60922487  67.62928305   5.73127011
 70.70922487  67.62928344   5.73127132
 70.80922487  67.62928382   5.73127250
 70.90922487  67.62928419   5.73127364
 71.00922487  67.62928455   5.73127474
 71.10922487  67.62928490   5.73127581
 71.20922487  67.62928523   5.73127685
 71.30922487  67.62928556   5.73127785
 71.40922487  67.62928588   5.73127883
 71.50922487  67.62928618   5.73127977
 71.60922487  67.62928648   5.73128069
 71.70922487  67.62928677   5.73128157
 71.80922487  67.62928705   5.73128243
 71.90922487  67.62928732   5.73128326
 72.00922487  67.62928758   5.73128407
 72.10922487  67.62928783   5.73128485
 72.20922487  67.62928808   5.73128561
 72.30922487  67.62928832   5.73128634
 72.40922487  67.62928855   5.73128705
 72.50922487  67.62928877   5.73128774
 72.60922487  67.62928899   5.73128841
 72.70922487  67.62928920   5.73128905
 72.80922487  67.62928940   5.73128968
 72.90922487  67.62928960   5.73129029
 73.00922487  67.62928979   5.73129087
 73.10922487  67.62928997   5.73129144
 73.20922487  67.62929015   5.73129199
 73.30922487  67.62929032   5.73129252
 73.40922487  67.62929049   5.73129304
 73.50922487  67.62929065   5.73129354
 73.60922487  67.62929081   5.73129402
 73.70922487  67.62929096   5.73129449
 73.80922487  67.62929111   5.73129495
 73.90922487  67.62929125   5.73129539
 74.00922487  67.62929139   5.73129581
 74.10922487  67.62929152   5.73129622
 74.20922487  67.62929165   5.73129662
 74.30922487  67.62929178   5.73129701
 74.40922487  67.62929190   5.73129738
 74.50922487  67.62929202   5.73129774
 74.60922487  67.62929213   5.73129809
 74.70922487  67.62929224   5.73129843
 74.80922487  67.62929235   5.73129876
 74.90922487  67.62929245   5.73129907
 75.00922487  67.62929255   5.73129938
 75.10922487  67.62929264   5.73129968
 75.20922487  67.62929274   5.73129996
 75.30922487  67.62929283   5.73130024
 75.40922487  67.62929292   5.73130051
 75.50922487  67.62929300   5.73130077
 75.60922487  67.62929308   5.73130102
 75.70922487  67.62929316   5.73130127
 75.80922487  67.62929324   5.73130150
 75.90922487  67.62929331   5.73130173
 76.00922487  67.62929338   5.73130195
 76.10922487  67.62929345   5.73130216
 76.20922487  67.62929352   5.73130237
 76.30922487  67.62929358   5.73130257
 76.40922487  67.62929365   5.73130276
 76.50922487  67.62929371   5.73130295
 76.60922487  67.62929376   5.73130313
 76.70922487  67.62929382   5.73130330
 76.80922487  67.62929388   5.73130347
 76.90922487  67.62929393   5.73130363
 77.00922487  67.62929398   5.73130379
 77.10922487  67.62929403   5.73130394
 77.20922487  67.62929408   5.73130409
 77.30922487  67.62929412   5.73130423
 77.40922487  67.62929417   5.73130437
 77.50922487  67.62929421   5.73130450
 77.60922487  67.62929425   5.73130463
 77.70922487  67.62929429   5.73130476
 77.80922487  67.62929433   5.73130488
 77.90922487  67.62929437   5.73130499
 78.00922487  67.62929441   5.73130510
 78.10922487  67.62929444   5.73130521
 78.20922487  67.62929448   5.73130532
 78.30922487  67.62929451   5.73130542
 78.40922487  67.62929454   5.73130552
 78.50922487  67.62929457   5.73130561
 78.60922487  67.62929460   5.73130570
 78.70922487  67.62929463   5.73130579
 78.80922487  67.62929466   5.73130587
 78.90922487  67.62929468   5.73130596
 79.00922487  67.62929471   5.73130604
 79.10922487  67.62929473   5.73130611
 79.20922487  67.62929476   5.73130619
 79.30922487  67.62929478   5.73130626
 79.40922487  67.62929480   5.73130633
 79.50922487  67.62929483   5.73130639
 79.60922487  67.62929485   5.73130646
 79.70922487  67.62929487   5.73130652
 79.80922487  67.62929489   5.73130658
 79.90922487  67.62929490   5.73130664
 80.00922487  67.62929492   5.73130670
 80.10922487  67.62929494   5.73130675
 80.20922487  67.62929496   5.73130680
 80.30922487  67.62929497   5.73130685
 80.40922487  67.62929499   5.73130690
 80.50922487  67.62929500   5.73130695
 80.60922487  67.62929502   5.73130699
 80.70922487  67.62929503   5.73130704
 80.80922487  67.62929505   5.73130708
 80.90922487  67.62929506   5.73130712
 81.00922487  67.62929507   5.73130716
 81.10922487  67.62929509   5.73130720
 81.20922487  67.62929510   5.73130723
 81.30922487  67.62929511   5.73130727
 81.40922487  67.62929512   5.73130730
 81.50922487  67.62929513   5.73130734
 81.60922487  67.62929514   5.73130737
 81.70922487  67.62929515   5.73130740
 81.80922487  67.62929516   5.73130743
 81.90922487  67.62929517   5.73130746
 82.00922487  67.62929518   5.73130749
 82.10922487  67.62929519   5.73130751
 82.20922487  67.62929520   5.73130754
 82.30922487  67.62929520   5.73130756
 82.40922487  67.62929521   5.73130759
 82.50922487  67.62929522   5.73130761
 82.60922487  67.62929523   5.73130763
 82.70922487  67.62929523   5.73130765
 82.80922487  67.62929524   5.73130767
 82.90922487  67.62929525   5.73130769
 83.00922487  67.62929525   5.73130771
 83.10922487  67.62929526   5.73130773
 83.20922487  67.62929526   5.73130775
 83.30922487  67.62929527   5.73130777
 83.40922487  67.62929528   5.73130778
 83.50922487  67.62929528   5.73130780
 83.60922487  67.62929529   5.73130781
 83.70922487  67.62929529   5.73130783
 83.80922487  67.62929530   5.73130784
 83.90922487  67.62929530   5.73130786
 84.00922487  67.62929530   5.73130787
 84.10922487  67.62929531   5.73130788
 84.20922487  67.62929531   5.73130790
 84.30922487  67.62929532   5.73130791
 84.40922487  67.62929532   5.73130792
 84.50922487  67.62929532   5.73130793
 84.60922487  67.62929533   5.73130794
 84.70922487  67.62929533   5.73130795
 84.80922487  67.62929533   5.73130796
 84.90922487  67.62929534   5.73130797
 85.00922487  67.62929534   5.73130798
 85.10922487  67.62929534   5.73130799
 85.20922487  67.62929535   5.73130800
 85.30922487  67.62929535   5.73130801
 85.40922487  67.62929535   5.73130801
 85.50922487  67.62929535   5.73130802
 85.60922487  67.62929536   5.73130803
 85.70922487  67.62929536   5.73130804
 85.80922487  67.62929536   5.73130804
 85.90922487  67.62929536   5.73130805
 86.00922487  67.62929536   5.73130805
 86.10922487  67.62929537   5.73130806
 86.20922487  67.62929537   5.73130807
 86.30922487  67.62929537   5.73130807
 86.40922487  67.62929537   5.73130808
 86.50922487  67.62929537   5.73130808
 86.60922487  67.62929537   5.73130809
 86.70922487  67.62929538   5.73130809
 86.80922487  67.62929538   5.73130810
 86.90922487  67.62929538   5.73130810
 87.00922487  67.62929538   5.73130811
 87.10922487  67.62929538   5.73130811
 87.20922487  67.62929538   5.73130811
 87.30922487  67.62929538   5.73130812
 87.40922487  67.62929539   5.73130812
 87.50922487  67.62929539   5.73130813
 87.60922487  67.62929539   5.73130813
 87.70922487  67.62929539   5.73130813
 87.80922487  67.62929539   5.73130814
 87.90922487  67.62929539   5.73130814
 88.00922487  67.62929539   5.73130814
 88.10922487  67.62929539   5.73130814
 88.20922487  67.62929539   5.73130815
 88.30922487  67.62929539   5.73130815
 88.40922487  67.62929540   5.73130815
 88.50922487  67.62929540   5.73130815
 88.60922487  67.62929540   5.73130816
 88.70922487  67.62929540   5.73130816
 88.80922487  67.62929540   5.73130816
 88.90922487  67.62929540   5.73130816
 89.00922487  67.62929540   5.73130817
 89.10922487  67.62929540   5.73130817
 89.20922487  67.62929540   5.73130817
 89.30922487  67.62929540   5.73130817
 89.40922487  67.62929540   5.73130817
 89.50922487  67.62929540   5.73130817
 89.60922487  67.62929540   5.73130818
 89.70922487  67.62929540   5.73130818
 89.80922487  67.62929540   5.73130818
 89.90922487  67.62929540   5.73130818
 90.00922487  67.62929541   5.73130818
 90.10922487  67.62929541   5.73130818
 90.20922487  67.62929541   5.73130818
 90.30922487  67.62929541   5.73130819
 90.40922487  67.62929541   5.73130819
 90.50922487  67.62929541   5.73130819
 90.60922487  67.62929541   5.73130819
 90.70922487  67.62929541   5.73130819
 90.80922487  67.62929541   5.73130819
 90.90922487  67.62929541   5.73130819
 91.00922487  67.62929541   5.73130819
 91.10922487  67.62929541   5.73130819
 91.20922487  67.62929541   5.73130819
 91.30922487  67.62929541   5.73130820
 91.40922487  67.62929541   5.73130820
 91.50922487  67.62929541   5.73130820
 91.60922487  67.62929541   5.73130820
 91.70922487  67.62929541   5.73130820
 91.80922487  67.62929541   5.73130820
 91.90922487  67.62929541   5.73130820
 92.00922487  67.62929541   5.73130820
 92.10922487  67.62929541   5.73130820
 92.20922487  67.62929541   5.73130820
 92.30922487  67.62929541   5.73130820
 92.40922487  67.62929541   5.73130820
 92.50922487  67.62929541   5.73130820
 92.60922487  67.62929541   5.73130820
 92.70922487  67.62929541   5.73130820
 92.80922487  67.62929541   5.73130820
 92.90922487  67.62929541   5.73130820
 93.00922487  67.62929541   5.73130820
 93.10922487  67.62929541   5.73130821
 93.20922487  67.62929541   5.73130821
 93.30922487  67.62929541   5.73130821
 93.40922487  67.62929541   5.73130821
 93.50922487  67.62929541   5.73130821
 93.60922487  67.62929541   5.73130821
 93.70922487  67.62929541   5.73130821
 93.80922487  67.62929541   5.73130821
 93.90922487  67.62929541   5.73130821
 94.00922487  67.62929541   5.73130821
 94.10922487  67.62929541   5.73130821
 94.20922487  67.62929541   5.73130821
 94.30922487  67.62929541   5.73130821
 94.40922487  67.62929541   5.73130821
 94.50922487  67.62929541   5.73130821
 94.60922487  67.62929541   5.73130821
 94.70922487  67.62929541   5.73130821
 94.80922487  67.62929541   5.73130821
 94.90922487  67.62929541   5.73130821
 95.00922487  67.62929541   5.73130821
 95.10922487  67.62929541   5.73130821
 95.20922487  67.62929541   5.73130821
 95.30922487  67.62929541   5.73130821
 95.40922487  67.62929541   5.73130821
 95.50922487  67.62929541   5.73130821
 95.60922487  67.62929541   5.73130821
 95.70922487  67.62929541   5.73130821
 95.80922487  67.62929541   5.73130821
 95.90922487  67.62929542   5.73130821
 96.00922487  67.62929542   5.73130821
 96.10922487  67.62929542   5.73130821
 96.20922487  67.62929542   5.73130821
 96.30922487  67.62929542   5.73130821
 96.40922487  67.62929542   5.73130821
 96.50922487  67.62929542   5.73130821
 96.60922487  67.62929542   5.73130821
 96.70922487  67.62929542   5.73130821
 96.80922487  67.62929542   5.73130821
 96.90922487  67.62929542   5.73130821
 97.00922487  67.62929542   5.73130821
 97.10922487  67.62929542   5.73130821
 97.20922487  67.62929542   5.73130821
 97.30922487  67.62929542   5.73130821
 97.40922487  67.62929542   5.73130821
 97.50922487  67.62929542   5.73130821
 97.60922487  67.62929542   5.73130821
 97.70922487  67.62929542   5.73130821
 97.80922487  67.62929542   5.73130821
 97.90922487  67.62929542   5.73130821
 98.00922487  67.62929542   5.73130821
 98.10922487  67.62929542   5.73130821
 98.20922487  67.62929542   5.73130821
 98.30922487  67.62929542   5.73130821
 98.40922487  67.62929542   5.73130821
 98.50922487  67.62929542   5.73130821
 98.60922487  67.62929542   5.73130821
 98.70922487  67.62929542   5.73130821
 98.80922487  67.62929542   5.73130821
 98.90922487  67.62929542   5.73130821
 99.00922487  67.62929542   5.73130821
 99.10922487  67.62929542   5.73130821
 99.20922487  67.62929542   5.73130821
 99.30922487  67.62929542   5.73130821
 99.40922487  67.62929542   5.73130821
 99.50922487  67.62929542   5.73130821
 99.60922487  67.62929542   5.73130821
 99.70922487  67.62929542   5.73130821
 99.80922487  67.62929542   5.73130821
 99.90922487  67.62929542   5.73130821
100.00922487  67.62929542   5.73130821
100.10922487  67.62929542   5.73130821
100.20922487  67.62929542   5.73130821
100.30922487  67.62929542   5.73130821
100.40922487  67.62929542   5.73130821
100.50922487  67.62929542   5.73130821
100.60922487  67.62929542   5.73130821
100.70922487  67.62929542   5.73130821
100.80922487  67.62929542   5.73130821
100.90922487  67.62929542   5.73130821
101.00922487  67.62929542   5.73130821
101.10922487  67.62929542   5.73130821
101.20922487  67.62929542   5.73130821
101.30922487  67.62929542   5.73130821
101.40922487  67.62929542   5.73130821
101.50922487  67.62929542   5.73130821
101.60922487  67.62929542   5.73130821
101.70922487  67.62929542   5.73130821
101.80922487  67.62929542   5.73130821
101.90922487  67.62929542   5.73130821
102.00922487  67.62929542   5.73130821
102.10922487  67.62929542   5.73130821
102.20922487  67.62929542   5.73130821
102.30922487  67.62929542   5.73130821
102.40922487  67.62929542   5.73130821
102.50922487  67.62929542   5.73130821
102.60922487  67.62929542   5.73130821
102.70922487  67.62929542   5.73130821
102.80922487  67.62929542   5.73130821
102.90922487  67.62929542   5.73130821
103.00922487  67.62929542   5.73130821
103.10922487  67.62929542   5.73130821
103.20922487  67.62929542   5.73130821
103.30922487  67.62929542   5.73130821
103.40922487  67.62929542   5.73130821
103.50922487  67.62929542   5.73130821
103.60922487  67.62929542   5.73130821
103.70922487  67.62929542   5.73130821
103.80922487  67.62929542   5.73130821
103.90922487  67.62929542   5.73130822
104.00922487  67.62929543   5.73130822
104.10922487  67.62929543   5.73130822
104.20922487  67.62929543   5.73130822
104.30922487  67.62929543   5.73130822
104.40922487  67.62929543   5.73130822
104.50922487  67.62929543   5.73130822
104.60922487  67.62929543   5.73130822
104.70922487  67.62929544   5.73130822
104.80922487  67.62929544   5.73130822
104.90922487  67.62929544   5.73130822
105.00922487  67.62929544   5.73130822
105.10922487  67.62929544   5.73130822
105.20922487  67.62929545   5.73130822
105.30922487  67.62929545   5.73130822
105.40922487  67.62929545   5.73130822
105.50922487  67.62929546   5.73130822
105.60922487  67.62929546   5.73130822
105.70922487  67.62929547   5.73130822
105.80922487  67.62929547   5.73130822
105.90922487  67.62929548   5.73130822
106.00922487  67.62929548   5.73130822
106.10922487  67.62929549   5.73130822
106.20922487  67.62929550   5.73130822
106.30922487  67.62929550   5.73130822
106.40922487  67.62929551   5.73130822
106.50922487  67.62929552   5.73130822
106.60922487  67.62929553   5.73130823
106.70922487  67.62929554   5.73130823
106.80922487  67.62929556   5.73130823
106.90922487  67.62929557   5.73130823
107.00922487  67.62929558   5.73130823
107.10922487  67.62929560   5.73130823
107.20922487  67.62929562   5.73130823
107.30922487  67.62929564   5.73130824
107.40922487  67.62929566   5.73130824
107.50922487  67.62929568   5.73130824
107.60922487  67.62929571   5.73130824
107.70922487  67.62929574   5.73130824
107.80922487  67.62929577   5.73130825
107.90922487  67.62929580   5.73130825
108.00922487  67.62929583   5.73130825
108.10922487  67.62929587   5.73130826
108.20922487  67.62929592   5.73130826
108.30922487  67.62929596   5.73130827
108.40922487  67.62929601   5.73130827
108.50922487  67.62929607   5.73130828
108.60922487  67.62929613   5.73130828
108.70922487  67.62929619   5.73130829
108.80922487  67.62929627   5.73130829
108.90922487  67.62929634   5.73130830
109.00922487  67.62929643   5.73130831
109.10922487  67.62929652   5.73130832
109.20922487  67.62929662   5.73130833
109.30922487  67.62929673   5.73130834
109.40922487  67.62929685   5.73130835
109.50922487  67.62929698   5.73130836
109.60922487  67.62929712   5.73130837
109.70922487  67.62929727   5.73130839
109.80922487  67.62929743   5.73130840
109.90922487  67.62929761   5.73130842
110.00922487  67.62929781   5.73130844
110.10922487  67.62929802   5.73130846
110.20922487  67.62929825   5.73130848
110.30922487  67.62929850   5.73130850
110.40922487  67.62929877   5.73130853
110.50922487  67.62929907   5.73130855
110.60922487  67.62929938   5.73130858
110.70922487  67.62929973   5.73130862
110.80922487  67.62930010   5.73130865
110.90922487  67.62930051   5.73130869
111.00922487  67.62930095   5.73130873
111.10922487  67.62930143   5.73130877
111.20922487  67.62930194   5.73130882
111.30922487  67.62930250   5.73130887
111.40922487  67.62930311   5.73130893
111.50922487  67.62930376   5.73130899
111.60922487  67.62930447   5.73130906
111.70922487  67.62930523   5.73130913
111.80922487  67.62930606   5.73130921
111.90922487  67.62930696   5.73130929
112.00922487  67.62930793   5.73130938
112.10922487  67.62930897   5.73130948
112.20922487  67.62931010   5.73130958
112.30922487  67.62931132   5.73130970
112.40922487  67.62931264   5.73130982
112.50922487  67.62931407   5.73130995
112.60922487  67.62931560   5.73131009
112.70922487  67.62931726   5.73131025
112.80922487  67.62931905   5.73131041
112.90922487  67.62932098   5.73131059
113.00922487  67.62932306   5.73131079
113.10922487  67.62932531   5.73131100
113.20922487  67.62932773   5.73131122
113.30922487  67.62933034   5.73131147
113.40922487  67.62933315   5.73131173
113.50922487  67.62933617   5.73131201
113.60922487  67.62933943   5.73131231
113.70922487  67.62934294   5.73131264
113.80922487  67.62934672   5.73131299
113.90922487  67.62935079   5.73131337
114.00922487  67.62935516   5.73131378
114.10922487  67.62935987   5.73131421
114.20922487  67.62936493   5.73131468
114.30922487  67.62937037   5.73131519
114.40922487  67.62937622   5.73131574
114.50922487  67.62938250   5.73131632
114.60922487  67.62938926   5.73131695
114.70922487  67.62939651   5.73131762
114.80922487  67.62940430   5.73131835
114.90922487  67.62941267   5.73131913
115.00922487  67.62942165   5.73131996
115.10922487  67.62943128   5.73132086
115.20922487  67.62944162   5.73132182
115.30922487  67.62945271   5.73132286
115.40922487  67.62946460   5.73132396
115.50922487  67.62947736   5.73132515
115.60922487  67.62949103   5.73132642
115.70922487  67.62950567   5.73132779
115.80922487  67.62952137   5.73132925
115.90922487  67.62953818   5.73133081
116.00922487  67.62955619   5.73133249
116.10922487  67.62957546   5.73133428
116.20922487  67.62959610   5.73133620
116.30922487  67.62961818   5.73133826
116.40922487  67.62964181   5.73134046
116.50922487  67.62966708   5.73134281
116.60922487  67.62969411   5.73134533
116.70922487  67.62972301   5.73134802
116.80922487  67.62975390   5.73135089
116.90922487  67.62978691   5.73135397
117.00922487  67.62982218   5.73135725
117.10922487  67.62985986   5.73136076
117.20922487  67.62990009   5.73136450
117.30922487  67.62994305   5.73136850
117.40922487  67.62998890   5.73137277
117.50922487  67.63003784   5.73137732
117.60922487  67.63009005   5.73138218
117.70922487  67.63014574   5.73138737
117.80922487  67.63020513   5.73139290
117.90922487  67.63026846   5.73139879
118.00922487  67.63033596   5.73140508
118.10922487  67.63040789   5.73141177
118.20922487  67.63048453   5.73141891
118.30922487  67.63056617   5.73142650
118.40922487  67.63065311   5.73143460
118.50922487  67.63074567   5.73144321
118.60922487  67.63084420   5.73145239
118.70922487  67.63094906   5.73146215
118.80922487  67.63106062   5.73147253
118.90922487  67.63117929   5.73148358
119.00922487  67.63130549   5.73149533
119.10922487  67.63143966   5.73150782
119.20922487  67.63158228   5.73152109
119.30922487  67.63173385   5.73153520
119.40922487  67.63189488   5.73155019
119.50922487  67.63206593   5.73156611
119.60922487  67.63224759   5.73158302
119.70922487  67.63244045   5.73160098
119.80922487  67.63264517   5.73162003
119.90922487  67.63286242   5.73164026
120.00922487  67.63309292   5.73166171
120.10922487  67.63333742   5.73168447
120.20922487  67.63359670   5.73170861
120.30922487  67.63387160   5.73173420
120.40922487  67.63416300   5.73176132
120.50922487  67.63447180   5.73179007
120.60922487  67.63479897   5.73182052
120.70922487  67.63514552   5.73185278
120.80922487  67.63551252   5.73188694
120.90922487  67.63590108   5.73192311
121.00922487  67.63631238   5.73196140
121.10922487  67.63674763   5.73200192
121.20922487  67.63720813   5.73204478
121.30922487  67.63769523   5.73209013
121.40922487  67.63821035   5.73213808
121.50922487  67.63875497   5.73218877
121.60922487  67.63933064   5.73224236
121.70922487  67.63993899   5.73229899
121.80922487  67.64058174   5.73235882
121.90922487  67.64126066   5.73242202
122.00922487  67.64197762   5.73248876
122.10922487  67.64273459   5.73255922
122.20922487  67.64353359   5.73263360
122.30922487  67.64437678   5.73271209
122.40922487  67.64526639   5.73279490
122.50922487  67.64620475   5.73288225
122.60922487  67.64719430   5.73297436
122.70922487  67.64823760   5.73307148
122.80922487  67.64933731   5.73317385
122.90922487  67.65049620   5.73328173
123.00922487  67.65171718   5.73339538
123.10922487  67.65300327   5.73351510
123.20922487  67.65435763   5.73364117
123.30922487  67.65578355   5.73377391
123.40922487  67.65728446   5.73391362
123.50922487  67.65886393   5.73406065
123.60922487  67.66052569   5.73421534
123.70922487  67.66227363   5.73437805
123.80922487  67.66411177   5.73454915
123.90922487  67.66604432   5.73472905
124.00922487  67.66807566   5.73491814
124.10922487  67.67021034   5.73511685
124.20922487  67.67245310   5.73532562
124.30922487  67.67480884   5.73554491
124.40922487  67.67728270   5.73577519
124.50922487  67.67987999   5.73601697
124.60922487  67.68260622   5.73627074
124.70922487  67.68546713   5.73653706
124.80922487  67.68846868   5.73681646
124.90922487  67.69161704   5.73710953
125.00922487  67.69491862   5.73741686
125.10922487  67.69838008   5.73773908
125.20922487  67.70200830   5.73807682
125.30922487  67.70581044   5.73843075
125.40922487  67.70979389   5.73880155
125.50922487  67.71396634   5.73918995
125.60922487  67.71833573   5.73959669
125.70922487  67.72291029   5.74002252
125.80922487  67.72769853   5.74046824
125.90922487  67.73270927   5.74093467
126.00922487  67.73795162   5.74142266
126.10922487  67.74343501   5.74193310
126.20922487  67.74916918   5.74246687
126.30922487  67.75516420   5.74302493
126.40922487  67.76143048   5.74360823
126.50922487  67.76797876   5.74421779
126.60922487  67.77482013   5.74485463
126.70922487  67.78196605   5.74551982
126.80922487  67.78942833   5.74621446
126.90922487  67.79721916   5.74693969
127.00922487  67.80535110   5.74769666
127.10922487  67.81383711   5.74848660
127.20922487  67.82269054   5.74931073
127.30922487  67.83192515   5.75017035
127.40922487  67.84155509   5.75106677
127.50922487  67.85159495   5.75200135
127.60922487  67.86205973   5.75297548
127.70922487  67.87296488   5.75399061
127.80922487  67.88432626   5.75504820
127.90922487  67.89616022   5.75614979
128.00922487  67.90848351   5.75729692
128.10922487  67.92131340   5.75849121
128.20922487  67.93466758   5.75973431
128.30922487  67.94856424   5.76102790
128.40922487  67.96302204   5.76237373
128.50922487  67.97806012   5.76377358
128.60922487  67.99369813   5.76522927
128.70922487  68.00995621   5.76674268
128.80922487  68.02685500   5.76831574
128.90922487  68.04441565   5.76995040
129.00922487  68.06265982   5.77164869
129.10922487  68.08160969   5.77341267
129.20922487  68.10128798   5.77524446
129.30922487  68.12171791   5.77714621
129.40922487  68.14292324   5.77912015
129.50922487  68.16492826   5.78116852
129.60922487  68.18775781   5.78329365
129.70922487  68.21143725   5.78549789
129.80922487  68.23599250   5.78778366
129.90922487  68.26144999   5.79015341
130.00922487  68.28783673   5.79260967
130.10922487  68.31518024   5.79515499
130.20922487  68.34350862   5.79779198
130.30922487  68.37285049   5.80052332
130.40922487  68.40323501   5.80335172
130.50922487  68.43469189   5.80627994
130.60922487  68.46725138   5.80931079
130.70922487  68.50094425   5.81244715
130.80922487  68.53580184   5.81569193
130.90922487  68.57185599   5.81904809
131.00922487  68.60913906   5.82251865
131.10922487  68.64768395   5.82610667
131.20922487  68.68752407   5.82981526
131.30922487  68.72869333   5.83364757
131.40922487  68.77122615   5.83760681
131.50922487  68.81515743   5.84169623
131.60922487  68.86052256   5.84591912
131.70922487  68.90735742   5.85027882
131.80922487  68.95569834   5.85477872
131.90922487  69.00558210   5.85942224
132.00922487  69.05704594   5.86421284
132.10922487  69.11012750   5.86915403
132.20922487  69.16486488   5.87424935
132.30922487  69.22129654   5.87950239
132.40922487  69.27946135   5.88491676
132.50922487  69.33939856   5.89049612
132.60922487  69.40114776   5.89624415
132.70922487  69.46474888   5.90216457
132.80922487  69.53024218   5.90826113
132.90922487  69.59766822   5.91453760
133.00922487  69.66706782   5.92099778
133.10922487  69.73848210   5.92764550
133.20922487  69.81195238   5.93448461
133.30922487  69.88752023   5.94151897
133.40922487  69.96522738   5.94875248
133.50922487  70.04511576   5.95618902
133.60922487  70.12722743   5.96383253
133.70922487  70.21160456   5.97168692
133.80922487  70.29828943   5.97975613
133.90922487  70.38732438   5.98804410
134.00922487  70.47875177   5.99655478
134.10922487  70.57261398   6.00529211
134.20922487  70.66895338   6.01426003
134.30922487  70.76781226   6.02346248
134.40922487  70.86923284   6.03290339
134.50922487  70.97325722   6.04258668
134.60922487  71.07992735   6.05251625
134.70922487  71.18928501   6.06269600
134.80922487  71.30137173   6.07312978
134.90922487  71.41622881   6.08382145
135.00922487  71.53389728   6.09477482
135.10922487  71.65441779   6.10599368
135.20922487  71.77783069   6.11748179
135.30922487  71.90417590   6.12924285
135.40922487  72.03349290   6.14128055
135.50922487  72.16582071   6.15359851
135.60922487  72.30119782   6.16620032
135.70922487  72.43966219   6.17908952
135.80922487  72.58125118   6.19226957
135.90922487  72.72600150   6.20574391
136.00922487  72.87394922   6.21951587
136.10922487  73.02512966   6.23358877
136.20922487  73.17957743   6.24796580
136.30922487  73.33732631   6.26265013
136.40922487  73.49840926   6.27764482
136.50922487  73.66285837   6.29295285
136.60922487  73.83070480   6.30857712
136.70922487  74.00197876   6.32452045
136.80922487  74.17670946   6.34078556
136.90922487  74.35492506   6.35737507
137.00922487  74.53665266   6.37429150
137.10922487  74.72191822   6.39153726
137.20922487  74.91074655   6.40911467
137.30922487  75.10316125   6.42702593
137.40922487  75.29918468   6.44527311
137.50922487  75.49883792   6.46385817
137.60922487  75.70214073   6.48278297
137.70922487  75.90911153   6.50204920
137.80922487  76.11976731   6.52165846
137.90922487  76.33412366   6.54161219
138.00922487  76.55219468   6.56191171
138.10922487  76.77399297   6.58255818
138.20922487  76.99952961   6.60355265
138.30922487  77.22881408   6.62489599
138.40922487  77.46185426   6.64658894
138.50922487  77.69865642   6.66863208
138.60922487  77.93922512   6.69102583
138.70922487  78.18356324   6.71377047
138.80922487  78.43167195   6.73686610
138.90922487  78.68355062   6.76031266
139.00922487  78.93919689   6.78410993
139.10922487  79.19860655   6.80825753
139.20922487  79.46177359   6.83275489
139.30922487  79.72869012   6.85760127
139.40922487  79.99934639   6.88279578
139.50922487  80.27373076   6.90833732
139.60922487  80.55182967   6.93422464
139.70922487  80.83362763   6.96045629
139.80922487  81.11910721   6.98703065
139.90922487  81.40824902   7.01394592
140.00922487  81.70103171   7.04120010
140.10922487  81.99743194   7.06879102
140.20922487  82.29742438   7.09671634
140.30922487  82.60098172   7.12497350
140.40922487  82.90807464   7.15355977
140.50922487  83.21867184   7.18247225
140.60922487  83.53273998   7.21170783
140.70922487  83.85024375   7.24126321
140.80922487  84.17114584   7.27113494
140.90922487  84.49540692   7.30131934
141.00922487  84.82298571   7.33181258
141.10922487  85.15383892   7.36261062
141.20922487  85.48792130   7.39370926
141.30922487  85.82518566   7.42510409
141.40922487  86.16558284   7.45679055
141.50922487  86.50906179   7.48876388
141.60922487  86.85556952   7.52101915
141.70922487  87.20505116   7.55355126
141.80922487  87.55745000   7.58635491
141.90922487  87.91270745   7.61942467
142.00922487  88.27076315   7.65275490
142.10922487  88.63155490   7.68633982
142.20922487  88.99501880   7.72017349
142.30922487  89.36108918   7.75424978
142.40922487  89.72969870   7.78856243
142.50922487  90.10077837   7.82310503
142.60922487  90.47425755   7.85787098
142.70922487  90.85006405   7.89285358
142.80922487  91.22812414   7.92804596
142.90922487  91.60836257   7.96344111
143.00922487  91.99070265   7.99903189
143.10922487  92.37506630   8.03481105
143.20922487  92.76137404   8.07077117
143.30922487  93.14954512   8.10690475
143.40922487  93.53949750   8.14320414
143.50922487  93.93114795   8.17966160
143.60922487  94.32441206   8.21626927
143.70922487  94.71920433   8.25301919
143.80922487  95.11543823   8.28990330
143.90922487  95.51302622   8.32691347
144.00922487  95.91187982   8.36404144
144.10922487  96.31190971   8.40127892
144.20922487  96.71302571   8.43861749
144.30922487  97.11513693   8.47604871
144.40922487  97.51815178   8.51356404
144.50922487  97.92197801   8.55115491
144.60922487  98.32652285   8.58881266
144.70922487  98.73169300   8.62652863
144.80922487  99.13739474   8.66429407
144.90922487  99.54353396   8.70210024
145.00922487  99.95001627   8.73993835
145.10922487 100.35674702   8.77779959
145.20922487 100.76363138   8.81567512
145.30922487 101.17057445   8.85355612
145.40922487 101.57748124   8.89143374
145.50922487 101.98425682   8.92929915
145.60922487 102.39080634   8.96714351
145.70922487 102.79703511   9.00495802
145.80922487 103.20284866   9.04273387
145.90922487 103.60815281   9.08046231
146.00922487 104.01285375   9.11813460
146.10922487 104.41685807   9.15574204
146.20922487 104.82007287   9.19327598
146.30922487 105.22240576   9.23072784
146.40922487 105.62376501   9.26808906
146.50922487 106.02405955   9.30535116
146.60922487 106.42319902   9.34250575
146.70922487 106.82109389   9.37954448
146.80922487 107.21765549   9.41645910
146.90922487 107.61279605   9.45324145
147.00922487 108.00642879   9.48988343
147.10922487 108.39846795   9.52637707
147.20922487 108.78882888   9.56271449
147.30922487 109.17742806   9.59888792
147.40922487 109.56418317   9.63488969
147.50922487 109.94901313   9.67071225
147.60922487 110.33183817   9.70634818
147.70922487 110.71257988   9.74179018
147.80922487 111.09116122   9.77703108
147.90922487 111.46750662   9.81206384
148.00922487 111.84154197   9.84688157
148.10922487 112.21319470   9.88147750
148.20922487 112.58239383   9.91584504
148.30922487 112.94906997   9.94997772
148.40922487 113.31315537   9.98386924
148.50922487 113.67458399  10.01751345
148.60922487 114.03329148  10.05090435
148.70922487 114.38921525  10.08403613
148.80922487 114.74229450  10.11690313
148.90922487 115.09247023  10.14949984
149.00922487 115.43968526  10.18182095
149.10922487 115.78388430  10.21386131
149.20922487 116.12501393  10.24561595
149.30922487 116.46302261  10.27708007
149.40922487 116.79786074  10.30824906
149.50922487 117.12948068  10.33911848
149.60922487 117.45783670  10.36968406
149.70922487 117.78288505  10.39994175
149.80922487 118.10458399  10.42988765
149.90922487 118.42289371  10.45951806
150.00922487 118.73777644  10.48882947
150.10922487 119.04919638  10.51781853
150.20922487 119.35711974  10.54648211
150.30922487 119.66151472  10.57481724
150.40922487 119.96235156  10.60282116
150.50922487 120.25960244  10.63049127
150.60922487 120.55324159  10.65782517
150.70922487 120.84324520  10.68482066
150.80922487 121.12959144  10.71147570
150.90922487 121.41226046  10.73778843
151.00922487 121.69123437  10.76375720
151.10922487 121.96649722  10.78938052
151.20922487 122.23803500  10.81465708
151.30922487 122.50583563  10.83958576
151.40922487 122.76988888  10.86416562
151.50922487 123.03018646  10.88839587
151.60922487 123.28672190  10.91227591
151.70922487 123.53949058  10.93580532
151.80922487 123.78848968  10.95898383
151.90922487 124.03371819  10.98181135
152.00922487 124.27517685  11.00428795
152.10922487 124.51286812  11.02641385
152.20922487 124.74679620  11.04818945
152.30922487 124.97696693  11.06961529
152.40922487 125.20338782  11.09069207
152.50922487 125.42606798  11.11142064
152.60922487 125.64501812  11.13180199
152.70922487 125.86025047  11.15183726
152.80922487 126.07177879  11.17152774
152.90922487 126.27961832  11.19087485
153.00922487 126.48378572  11.20988012
153.10922487 126.68429908  11.22854525
153.20922487 126.88117783  11.24687205
153.30922487 127.07444276  11.26486245
153.40922487 127.26411593  11.28251851
153.50922487 127.45022065  11.29984239
153.60922487 127.63278144  11.31683637
153.70922487 127.81182400  11.33350286
153.80922487 127.98737515  11.34984434
153.90922487 128.15946283  11.36586342
154.00922487 128.32811598  11.38156279
154.10922487 128.49336459  11.39694524
154.20922487 128.65523960  11.41201366
154.30922487 128.81377288  11.42677100
154.40922487 128.96899719  11.44122032
154.50922487 129.12094613  11.45536475
154.60922487 129.26965409  11.46920749
154.70922487 129.41515625  11.48275181
154.80922487 129.55748850  11.49600105
154.90922487 129.69668741  11.50895862
155.00922487 129.83279018  11.52162799
155.10922487 129.96583463  11.53401266
155.20922487 130.09585913  11.54611621
155.30922487 130.22290258  11.55794227
155.40922487 130.34700436  11.56949450
155.50922487 130.46820429  11.58077661
155.60922487 130.58654261  11.59179233
155.70922487 130.70205992  11.60254546
155.80922487 130.81479715  11.61303980
155.90922487 130.92479553  11.62327919
156.00922487 131.03209656  11.63326749
156.10922487 131.13674196  11.64300859
156.20922487 131.23877364  11.65250639
156.30922487 131.33823366  11.66176479
156.40922487 131.43516422  11.67078774
156.50922487 131.52960761  11.67957917
156.60922487 131.62160616  11.68814301
156.70922487 131.71120226  11.69648322
156.80922487 131.79843828  11.70460374
156.90922487 131.88335657  11.71250850
157.00922487 131.96599942  11.72020145
157.10922487 132.04640903  11.72768652
157.20922487 132.12462749  11.73496762
157.30922487 132.20069676  11.74204866
157.40922487 132.27465863  11.74893353
157.50922487 132.34655470  11.75562610
157.60922487 132.41642635  11.76213022
157.70922487 132.48431475  11.76844973
157.80922487 132.55026080  11.77458843
157.90922487 132.61430512  11.78055011
158.00922487 132.67648804  11.78633851
158.10922487 132.73684957  11.79195737
158.20922487 132.79542938  11.79741037
158.30922487 132.85226680  11.80270118
158.40922487 132.90740080  11.80783343
158.50922487 132.96086993  11.81281069
158.60922487 133.01271238  11.81763654
158.70922487 133.06296591  11.82231447
158.80922487 133.11166783  11.82684798
158.90922487 133.15885505  11.83124048
159.00922487 133.20456401  11.83549538
159.10922487 133.24883069  11.83961602
159.20922487 133.29169059  11.84360571
159.30922487 133.33317873  11.84746770
159.40922487 133.37332965  11.85120522
159.50922487 133.41217738  11.85482143
159.60922487 133.44975544  11.85831945
159.70922487 133.48609686  11.86170235
159.80922487 133.52123412  11.86497316
159.90922487 133.55519920  11.86813486
160.00922487 133.58802354  11.87119037
160.10922487 133.61973806  11.87414257
160.20922487 133.65037311  11.87699429
160.30922487 133.67995855  11.87974830
160.40922487 133.70852367  11.88240733
160.50922487 133.73609721  11.88497406
160.60922487 133.76270738  11.88745112
160.70922487 133.78838186  11.88984107
160.80922487 133.81314777  11.89214645
160.90922487 133.83703167  11.89436972
161.00922487 133.86005962  11.89651332
161.10922487 133.88225709  11.89857961
161.20922487 133.90364906  11.90057092
161.30922487 133.92425994  11.90248952
161.40922487 133.94411361  11.90433763
161.50922487 133.96323343  11.90611743
161.60922487 133.98164223  11.90783105
161.70922487 133.99936232  11.90948055
161.80922487 134.01641548  11.91106798
161.90922487 134.03282298  11.91259530
162.00922487 134.04860559  11.91406445
162.10922487 134.06378356  11.91547731
162.20922487 134.07837664  11.91683574
162.30922487 134.09240411  11.91814151
162.40922487 134.10588474  11.91939638
162.50922487 134.11883683  11.92060204
162.60922487 134.13127819  11.92176017
162.70922487 134.14322617  11.92287237
162.80922487 134.15469766  11.92394021
162.90922487 134.16570910  11.92496523
163.00922487 134.17627646  11.92594891
163.10922487 134.18641530  11.92689270
163.20922487 134.19614071  11.92779801
163.30922487 134.20546738  11.92866620
163.40922487 134.21440957  11.92949860
163.50922487 134.22298113  11.93029650
163.60922487 134.23119551  11.93106115
163.70922487 134.23906574  11.93179376
163.80922487 134.24660450  11.93249552
163.90922487 134.25382404  11.93316756
164.00922487 134.26073629  11.93381100
164.10922487 134.26735277  11.93442691
164.20922487 134.27368466  11.93501632
164.30922487 134.27974279  11.93558025
164.40922487 134.28553764  11.93611968
164.50922487 134.29107935  11.93663554
164.60922487 134.29637776  11.93712875
164.70922487 134.30144237  11.93760020
164.80922487 134.30628234  11.93805073
164.90922487 134.31090659  11.93848119
165.00922487 134.31532367  11.93889236
165.10922487 134.31954190  11.93928502
165.20922487 134.32356929  11.93965992
165.30922487 134.32741356  11.94001777
165.40922487 134.33108220  11.94035927
165.50922487 134.33458241  11.94068509
165.60922487 134.33792114  11.94099588
165.70922487 134.34110509  11.94129227
165.80922487 134.34414075  11.94157485
165.90922487 134.34703432  11.94184420
166.00922487 134.34979184  11.94210089
166.10922487 134.35241907  11.94234545
166.20922487 134.35492158  11.94257840
166.30922487 134.35730476  11.94280024
166.40922487 134.35957374  11.94301145
166.50922487 134.36173351  11.94321250
166.60922487 134.36378884  11.94340382
166.70922487 134.36574432  11.94358585
166.80922487 134.36760437  11.94375900
166.90922487 134.36937323  11.94392366
167.00922487 134.37105499  11.94408021
167.10922487 134.37265356  11.94422901
167.20922487 134.37417269  11.94437042
167.30922487 134.37561600  11.94450478
167.40922487 134.37698696  11.94463239
167.50922487 134.37828888  11.94475359
167.60922487 134.37952496  11.94486865
167.70922487 134.38069824  11.94497787
167.80922487 134.38181167  11.94508151
167.90922487 134.38286805  11.94517985
168.00922487 134.38387006  11.94527312
168.10922487 134.38482029  11.94536157
168.20922487 134.38572119  11.94544544
168.30922487 134.38657514  11.94552493
168.40922487 134.38738438  11.94560026
168.50922487 134.38815108  11.94567163
168.60922487 134.38887731  11.94573923
168.70922487 134.38956505  11.94580325
168.80922487 134.39021617  11.94586386
168.90922487 134.39083249  11.94592123
169.00922487 134.39141573  11.94597552
169.10922487 134.39196754  11.94602689
169.20922487 134.39248949  11.94607547
169.30922487 134.39298307  11.94612142
169.40922487 134.39344973  11.94616486
169.50922487 134.39389083  11.94620592
169.60922487 134.39430767  11.94624472
169.70922487 134.39470149  11.94628138
169.80922487 134.39507348  11.94631601
169.90922487 134.39542476  11.94634871
170.00922487 134.39575642  11.94637958
170.10922487 134.39606947  11.94640872
170.20922487 134.39636489  11.94643622
170.30922487 134.39664360  11.94646217
170.40922487 134.39690650  11.94648664
170.50922487 134.39715441  11.94650972
170.60922487 134.39738815  11.94653147
170.70922487 134.39760846  11.94655198
170.80922487 134.39781608  11.94657131
170.90922487 134.39801168  11.94658952
171.00922487 134.39819592  11.94660667
171.10922487 134.39836942  11.94662282
171.20922487 134.39853276  11.94663802
171.30922487 134.39868651  11.94665233
171.40922487 134.39883120  11.94666580
171.50922487 134.39896732  11.94667847
171.60922487 134.39909535  11.94669039
171.70922487 134.39921575  11.94670160
171.80922487 134.39932895  11.94671214
171.90922487 134.39943534  11.94672204
172.00922487 134.39953532  11.94673135
172.10922487 134.39962925  11.94674009
172.20922487 134.39971748  11.94674830
172.30922487 134.39980032  11.94675602
172.40922487 134.39987809  11.94676326
172.50922487 134.39995109  11.94677005
172.60922487 134.40001958  11.94677643
172.70922487 134.40008384  11.94678241
172.80922487 134.40014410  11.94678802
172.90922487 134.40020060  11.94679328
173.00922487 134.40025356  11.94679821
173.10922487 134.40030319  11.94680283
173.20922487 134.40034968  11.94680716
173.30922487 134.40039322  11.94681121
173.40922487 134.40043398  11.94681500
173.50922487 134.40047213  11.94681856
173.60922487 134.40050782  11.94682188
173.70922487 134.40054119  11.94682499
173.80922487 134.40057238  11.94682789
173.90922487 134.40060152  11.94683060
174.00922487 134.40062873  11.94683314
174.10922487 134.40065412  11.94683550
174.20922487 134.40067779  11.94683771
174.30922487 134.40069983  11.94683976
174.40922487 134.40072035  11.94684167
174.50922487 134.40073941  11.94684345
174.60922487 134.40075709  11.94684510
174.70922487 134.40077347  11.94684662
174.80922487 134.40078861  11.94684804
174.90922487 134.40080256  11.94684934
175.00922487 134.40081536  11.94685054
175.10922487 134.40082707  11.94685163
175.20922487 134.40083771  11.94685263
175.30922487 134.40084731  11.94685353
175.40922487 134.40085590  11.94685434
175.50922487 134.40086349  11.94685505
175.60922487 134.40087008  11.94685568
175.70922487 134.40087567  11.94685621
175.80922487 134.40088025  11.94685665
175.90922487 134.40088379  11.94685699
176.00922487 134.40088626  11.94685724
176.10922487 134.40088761  11.94685739
176.20922487 134.40088780  11.94685743
176.30922487 134.40088674  11.94685736
176.40922487 134.40088435  11.94685717
176.50922487 134.40088054  11.94685685
176.60922487 134.40087518  11.94685639
176.70922487 134.40086812  11.94685578
176.80922487 134.40085922  11.94685501
176.90922487 134.40084828  11.94685405
177.00922487 134.40083508  11.94685289
177.10922487 134.40081939  11.94685151
177.20922487 134.40080092  11.94684988
177.30922487 134.40077936  11.94684797
177.40922487 134.40075436  11.94684576
177.50922487 134.40072551  11.94684321
177.60922487 134.40069236  11.94684027
177.70922487 134.40065441  11.94683690
177.80922487 134.40061108  11.94683306
177.90922487 134.40056174  11.94682868
178.00922487 134.40050566  11.94682370
178.10922487 134.40044206  11.94681806
178.20922487 134.40037003  11.94681166
178.30922487 134.40028859  11.94680442
178.40922487 134.40019662  11.94679625
178.50922487 134.40009290  11.94678704
178.60922487 134.39997604  11.94677666
178.70922487 134.39984453  11.94676497
178.80922487 134.39969668  11.94675183
178.90922487 134.39953061  11.94673707
179.00922487 134.39934425  11.94672051
179.10922487 134.39913530  11.94670194
179.20922487 134.39890123  11.94668114
179.30922487 134.39863921  11.94665785
179.40922487 134.39834617  11.94663180
179.50922487 134.39801868  11.94660269
179.60922487 134.39765298  11.94657019
179.70922487 134.39724492  11.94653392
179.80922487 134.39678996  11.94649348
179.90922487 134.39628307  11.94644842
180.00922487 134.39571877  11.94639826
180.10922487 134.39509102  11.94634246
180.20922487 134.39439319  11.94628043
180.30922487 134.39361805  11.94621153
180.40922487 134.39275766  11.94613505
180.50922487 134.39180335  11.94605023
180.60922487 134.39074565  11.94595621
180.70922487 134.38957422  11.94585208
180.80922487 134.38827777  11.94573684
180.90922487 134.38684402  11.94560940
181.00922487 134.38525957  11.94546856
181.10922487 134.38350987  11.94531303
181.20922487 134.38157910  11.94514140
181.30922487 134.37945006  11.94495215
181.40922487 134.37710411  11.94474362
181.50922487 134.37452104  11.94451401
181.60922487 134.37167893  11.94426138
181.70922487 134.36855410  11.94398361
181.80922487 134.36512092  11.94367844
181.90922487 134.36135170  11.94334340
182.00922487 134.35721657  11.94297583
182.10922487 134.35268330  11.94257286
182.20922487 134.34771718  11.94213143
182.30922487 134.34228081  11.94164819
182.40922487 134.33633402  11.94111958
182.50922487 134.32983360  11.94054176
182.60922487 134.32273317  11.93991061
182.70922487 134.31498300  11.93922170
182.80922487 134.30652977  11.93847029
182.90922487 134.29731641  11.93765132
183.00922487 134.28728186  11.93675935
183.10922487 134.27636089  11.93578859
183.20922487 134.26448381  11.93473284
183.30922487 134.25157633  11.93358549
183.40922487 134.23755923  11.93233952
183.50922487 134.22234819  11.93098741
183.60922487 134.20585351  11.92952121
183.70922487 134.18797988  11.92793242
183.80922487 134.16862608  11.92621207
183.90922487 134.14768477  11.92435060
184.00922487 134.12504220  11.92233791
184.10922487 134.10057796  11.92016329
184.20922487 134.07416470  11.91781543
184.30922487 134.04566787  11.91528235
184.40922487 134.01494546  11.91255144
184.50922487 133.98184772  11.90960939
184.60922487 133.94621692  11.90644218
184.70922487 133.90788708  11.90303505
184.80922487 133.86668370  11.89937250
184.90922487 133.82242357  11.89543823
185.00922487 133.77491445  11.89121515
185.10922487 133.72395493  11.88668538
185.20922487 133.66933412  11.88183015
185.30922487 133.61083155  11.87662987
185.40922487 133.54821687  11.87106407
185.50922487 133.48124977  11.86511138
185.60922487 133.40967974  11.85874954
185.70922487 133.33324601  11.85195537
185.80922487 133.25167738  11.84470476
185.90922487 133.16469215  11.83697266
186.00922487 133.07199804  11.82873311
186.10922487 132.97329218  11.81995917
186.20922487 132.86826104  11.81062298
186.30922487 132.75658054  11.80069573
186.40922487 132.63791601  11.79014768
186.50922487 132.51192235  11.77894813
186.60922487 132.37824409  11.76706551
186.70922487 132.23651565  11.75446731
186.80922487 132.08636142  11.74112014
186.90922487 131.92739613  11.72698976
187.00922487 131.75922505  11.71204108
187.10922487 131.58144437  11.69623820
187.20922487 131.39364158  11.67954447
187.30922487 131.19539589  11.66192246
187.40922487 130.98627871  11.64333409
187.50922487 130.76585418  11.62374062
187.60922487 130.53367976  11.60310270
187.70922487 130.28930686  11.58138046
187.80922487 130.03228151  11.55853355
187.90922487 129.76214510  11.53452120
188.00922487 129.47843517  11.50930230
188.10922487 129.18068626  11.48283548
188.20922487 128.86843079  11.45507918
188.30922487 128.54119999  11.42599172
188.40922487 128.19852489  11.39553143
188.50922487 127.83993738  11.36365668
188.60922487 127.46497129  11.33032605
188.70922487 127.07316349  11.29549836
188.80922487 126.66405508  11.25913283
188.90922487 126.23719261  11.22118914
189.00922487 125.79212931  11.18162759
189.10922487 125.32842640  11.14040917
189.20922487 124.84565436  11.09749569
189.30922487 124.34339430  11.05284994
189.40922487 123.82123934  11.00643573
189.50922487 123.27879596  10.95821808
189.60922487 122.71568541  10.90816334
189.70922487 122.13154514  10.85623927
189.80922487 121.52603017  10.80241522
189.90922487 120.89881458  10.74666220
190.00922487 120.24959283  10.68895305
190.10922487 119.57808125  10.62926258
190.20922487 118.88401936  10.56756761
190.30922487 118.16717128  10.50384718
190.40922487 117.42732703  10.43808263
190.50922487 116.66430389  10.37025771
190.60922487 115.87794761  10.30035872
190.70922487 115.06813366  10.22837458
190.80922487 114.23476841  10.15429698
190.90922487 113.37779025  10.07812042
191.00922487 112.49717060   9.99984239
191.10922487 111.59291497   9.91946335
191.20922487 110.66506381   9.83698692
191.30922487 109.71369338   9.75241987
191.40922487 108.73891649   9.66577222
191.50922487 107.74088318   9.57705731
191.60922487 106.71978126   9.48629185
191.70922487 105.67583682   9.39349591
191.80922487 104.60931457   9.29869304
191.90922487 103.52051811   9.20191023
192.00922487 102.40979013   9.10317793
192.10922487 101.27751239   9.00253007
192.20922487 100.12410571   8.90000407
192.30922487  98.95002973   8.79564078
192.40922487  97.75578267   8.68948449
192.50922487  96.54190088   8.58158287
192.60922487  95.30895829   8.47198695
192.70922487  94.05756578   8.36075101
192.80922487  92.78837038   8.24793258
192.90922487  91.50205438   8.13359231
193.00922487  90.19933436   8.01779389
193.10922487  88.88096000   7.90060396
193.20922487  87.54771291   7.78209199
193.30922487  86.20040522   7.66233018
193.40922487  84.83987821   7.54139331
193.50922487  83.46700071   7.41935861
193.60922487  82.08266746   7.29630561
193.70922487  80.68779741   7.17231600
193.80922487  79.28333186   7.04747345
193.90922487  77.87023258   6.92186344
194.00922487  76.44947986   6.79557312
194.10922487  75.02207044   6.66869110
194.20922487  73.58901544   6.54130723
194.30922487  72.15133817   6.41351250
194.40922487  70.71007202   6.28539875
194.50922487  69.26625814   6.15705853
194.60922487  67.82094326   6.02858489
194.70922487  66.37517735   5.90007116
194.80922487  64.93001138   5.77161076
194.90922487  63.48649502   5.64329699
195.00922487  62.04567433   5.51522283
195.10922487  60.60858951   5.38748076
195.20922487  59.17627264   5.26016251
195.30922487  57.74974545   5.13335890
195.40922487  56.33001715   5.00715965
195.50922487  54.91808227   4.88165315
195.60922487  53.51491859   4.75692632
195.70922487  52.12148510   4.63306440
195.80922487  50.73872006   4.51015080
195.90922487  49.36753909   4.38826690
196.00922487  48.00883336   4.26749192
196.10922487  46.66346789   4.14790276
196.20922487  45.33227992   4.02957383
196.30922487  44.01607734   3.91257694
196.40922487  42.71563733   3.79698119
196.50922487  41.43170493   3.68285279
196.60922487  40.16499194   3.57025503
196.70922487  38.91617570   3.45924810
196.80922487  37.68589818   3.34988907
196.90922487  36.47476507   3.24223178
197.00922487  35.28334500   3.13632678
197.10922487  34.11216894   3.03222126
197.20922487  32.96172968   2.92995904
197.30922487  31.83248137   2.82958047
197.40922487  30.72483930   2.73112247
197.50922487  29.63917970   2.63461849
197.60922487  28.57583971   2.54009849
197.70922487  27.53511740   2.44758897
197.80922487  26.51727200   2.35711298
197.90922487  25.52252414   2.26869011
198.00922487  24.55105626   2.18233660
198.10922487  23.60301307   2.09806531
198.20922487  22.67850216   2.01588579
198.30922487  21.77759468   1.93580437
198.40922487  20.90032607   1.85782420
198.50922487  20.04669694   1.78194535
198.60922487  19.21667398   1.70816484
198.70922487  18.41019097   1.63647678
198.80922487  17.62714983   1.56687247
198.90922487  16.86742175   1.49934046
199.00922487  16.13084838   1.43386665
199.10922487  15.41724303   1.37043447
199.20922487  14.72639200   1.30902491
199.30922487  14.05805581   1.24961669
199.40922487  13.41197065   1.19218636
199.50922487  12.78784962   1.13670842
199.60922487  12.18538425   1.08315544
199.70922487  11.60424579   1.03149820
199.80922487  11.04408672   0.98170581
199.90922487  10.50454209   0.93374584
200.00922487   9.98523098   0.88758442
200.10922487   9.48575789   0.84318640
200.20922487   9.00571414   0.80051544
200.30922487   8.54467926   0.75953418
200.40922487   8.10222234   0.72020430
200.50922487   7.67790339   0.68248671
200.60922487   7.27127461   0.64634159
200.70922487   6.88188171   0.61172856
200.80922487   6.50926511   0.57860678
200.90922487   6.15296118   0.54693502
201.00922487   5.81250342   0.51667182
201.10922487   5.48742350   0.48777556
201.20922487   5.17725246   0.46020454
201.30922487   4.88152161   0.43391711
201.40922487   4.59976363   0.40887172
201.50922487   4.33151341   0.38502703
201.60922487   4.07630901   0.36234198
201.70922487   3.83369242   0.34077586
201.80922487   3.60321040   0.32028838
201.90922487   3.38441516   0.30083973
202.00922487   3.17686508   0.28239066
202.10922487   2.98012529   0.26490251
202.20922487   2.79376828   0.24833729
202.30922487   2.61737441   0.23265769
202.40922487   2.45053236   0.21782714
202.50922487   2.29283960   0.20380988
202.60922487   2.14390272   0.19057092
202.70922487   2.00333779   0.17807614
202.80922487   1.87077063   0.16629228
202.90922487   1.74583706   0.15518697
203.00922487   1.62818309   0.14472874
203.10922487   1.51746507   0.13488705
203.20922487   1.41334985   0.12563228
203.30922487   1.31551481   0.11693575
203.40922487   1.22364796   0.10876973
203.50922487   1.13744792   0.10110743
203.60922487   1.05662392   0.09392301
203.70922487   0.98089574   0.08719155
203.80922487   0.90999368   0.08088909
203.90922487   0.84365841   0.07499256
204.00922487   0.78164090   0.06947984
204.10922487   0.72370224   0.06432969
204.20922487   0.66961352   0.05952176
204.30922487   0.61915560   0.05503657
204.40922487   0.57211897   0.05085550
204.50922487   0.52830353   0.04696075
204.60922487   0.48751834   0.04333537
204.70922487   0.44958142   0.03996317
204.80922487   0.41431951   0.03682875
204.90922487   0.38156781   0.03391746
205.00922487   0.35116973   0.03121538
205.10922487   0.32297665   0.02870930
205.20922487   0.29684762   0.02638670
205.30922487   0.27264912   0.02423571
205.40922487   0.25025482   0.02224508
205.50922487   0.22954526   0.02040421
205.60922487   0.21040760   0.01870307
205.70922487   0.19273540   0.01713220
205.80922487   0.17642830   0.01568266
