# intensity: 1.07440902624564
# background: 1.9845876509615e-08
#           Q (1/A)             dQ (1/A)                    R                   dR               theory              fresnel
     0.0483642315116 0.000750702739851845       0.951434579138     0.00501003519873    0.914619663060441   0.0198699170632551
     0.0497866914682 0.000750709007438337        0.94044560157     0.00496697431537    0.909023490819938   0.0181488694688199
     0.0512091499082 0.000750715456630211        0.92483593417     0.00490572657895    0.899587780491553   0.0157832442778144
     0.0526316067882    0.000750722087422        0.91507948482      0.0048673956524    0.888671527781641   0.0137340801823516
      0.054054062065 0.000750728899808085       0.891642996968     0.00477516962074    0.876285162684385   0.0120209836420636
     0.0554765156953 0.000750735893782693       0.876236096925     0.00471441470647    0.862022050012762   0.0105774008564818
     0.0568989676356 0.000750743069339895       0.854327123245     0.00462784251127    0.845343184102102  0.00935218264319927
     0.0583214178427 0.000750750426473612       0.832076973197     0.00453970038522    0.825543697385247  0.00830551964066389
     0.0597438662732 0.000750757965177608       0.797485049287     0.00440218205643    0.801732186322503  0.00740607644727049
     0.0611663128838 0.000750765685445495       0.755120376229     0.00423288370811    0.772859938612418  0.00662893560892575
     0.0625887576312 0.000750773587270732       0.713350487453     0.00406490300013    0.737877194838554   0.0059540995150665
      0.064011200472 0.000750781670646622       0.660982624188     0.00385260415179    0.696138427458266  0.00536538345745023
     0.0654336413629 0.000750789935566318       0.611077559878     0.00364824562759      0.6481528396966  0.00484958731365452
     0.0668560802606 0.000750798382022817        0.56406531003     0.00345358980774    0.596510338724482  0.00439586855478116
     0.0682785171218 0.000750807010008963       0.524906916272     0.00328959354811    0.546238154285772  0.00399526262822024
      0.069700951903 0.000750815819517446       0.497644208161     0.00317426832942    0.503546186671489  0.00364031251469096
     0.0711233845611 0.000750824810540804        0.47861385523      0.0030931423649    0.473017291109824  0.00332478004884259
     0.0725458150526  0.00075083398307142       0.474897210464      0.0030772339742    0.455280693208521  0.00304341909532638
     0.0739682433342 0.000750843337101525       0.465759918032     0.00303803317951    0.447199969368053  0.00279179595663798
     0.0753906693627 0.000750852872623196       0.468748114267     0.00305086561273    0.444062950569061  0.00256614616057827
     0.0768130930946 0.000750862589628355       0.459408054463     0.00301070035281    0.441685960832812  0.00236325949476824
     0.0782355144866 0.000750872488108774       0.451730687084     0.00297757578127    0.437296164263833  0.00218038713917484
     0.0796579334955  0.00075088256805607        0.44262088991     0.00293813751632    0.429449904274869  0.00201516620868834
     0.0810803500778 0.000750892829461706       0.427630839031     0.00287291585697    0.417619900508326  0.00186555810301836
     0.0825027641903 0.000750903272316994       0.407801406942     0.00278596845389    0.401822212005063   0.0017297978748968
     0.0839251757896 0.000750913896613089        0.38491694649     0.00268458712938    0.382379529358559  0.00160635244292853
     0.0853475848324 0.000750924702340998        0.36495233615     0.00259513435406    0.359797788597065  0.00149388594327137
     0.0867699912754  0.00075093568949157       0.339069270754     0.00247758842129    0.334709806119657  0.00139123087382189
     0.0881923950752 0.000750946858055505       0.315984395044     0.00237105595035    0.307848204806996  0.00129736396173527
     0.0896147961885 0.000750958208023346        0.29176402206     0.00225731092922     0.28002273540659  0.00121138590064867
      0.091037194572 0.000750969739385486       0.260541415925     0.00210718175422    0.252087781548887  0.00113250427253007
     0.0924595901823 0.000750981452132163       0.233198425444     0.00197181075627    0.224894696085576  0.00106001910149996
     0.0938819829761 0.000750993346253465       0.203718442648     0.00182081600318    0.199231486668068 0.000993310591741913
     0.0953043729102 0.000751005421739325       0.179902428357     0.00169407309675    0.175758832775916 0.000931828684915784
     0.0967267599411 0.000751017678579521       0.159465870211      0.0015810856865    0.154955027674351 0.000875084138960398
     0.0981491440255 0.000751030116763682       0.139745756765     0.00146746640219    0.137081868139291  0.00082264088348156
     0.0995715251202 0.000751042736281284       0.126108664385     0.00138566532441    0.122178776952634 0.000774109450063742
      0.100993903182 0.000751055537121649       0.112524602447     0.00130099949817     0.11008531953413 0.000729141310575877
      0.102416278167 0.000751068519273941       0.102319996657     0.00123490813755    0.100485555385709 0.000687423984907518
      0.103838650032 0.000751081682727178      0.0923451938816     0.00116785769893    0.092963710707246  0.00064867680258698
      0.105261018734 0.000751095027470228       0.086452774134     0.00112693280748   0.0870603206081699 0.000612647221876439
       0.10668338423 0.000751108553491803      0.0807360861031      0.0010861680282    0.082320517963642 0.000579107625308004
      0.108105746476 0.000751122260780457      0.0782499283608     0.00106807991715   0.0783299487704811 0.000547852523581105
      0.109528105429 0.000751136149324599       0.074804005069     0.00104262552508   0.0747373658335197 0.000518696110270194
      0.110950461045 0.000751150219112476      0.0717636165127     0.00101976905544   0.0712654274344251 0.000491470118874301
      0.112372813282 0.000751164470132202      0.0692369052886     0.00100047071944   0.0677124280595208 0.000466021940752318
      0.113795162096  0.00075117890237172      0.0658044998135    0.000973787182507   0.0639478785361583 0.000442212969076432
      0.115217507443  0.00075119351581882      0.0610469014476    0.000935831757317   0.0599044447019815 0.000419917138608356
      0.116639849281 0.000751208310461158      0.0568029804151    0.000900911670889   0.0555681114168336 0.000399019635823842
      0.118062187565  0.00075122328628621       0.051153205622    0.000852651373305   0.0509678025262241 0.000379415757530356
      0.119484522253 0.000751238443281329      0.0459089655654    0.000805749994439   0.0461651769205497 0.000361009898853647
      0.120906853302 0.000751253781433706      0.0424490783547    0.000773512018533   0.0412449708075403 0.000343714654667906
      0.122329180667  0.00075126930073036      0.0366782244134    0.000717022413013   0.0363060529052973 0.000327450020259706
      0.123751504306 0.000751285001158187       0.032705241141    0.000675774607553   0.0314532687891016 0.000312142679094057
      0.125173824175 0.000751300882703912      0.0279482240383    0.000623256835424   0.0267901342434929 0.000297725367366449
      0.126596140232 0.000751316945354128      0.0231236178092    0.000565581758074   0.0224124592073771 0.000284136306003689
      0.128018452432 0.000751333189095245      0.0191641523513    0.000513885901012   0.0184030147643062 0.000271318692376433
      0.129440760732 0.000751349613913542         0.0141359001    0.000440271397973   0.0148273733804874 0.000259220244619231
      0.130863065089 0.000751366219795145      0.0120352606732    5.97466838036e-05   0.0117310443214552 0.000247792792688893
       0.13228536546 0.000751383006726032     0.00934358447845    4.93090836114e-05  0.00913798663964436 0.000236991910790348
      0.133707661802 0.000751399974692025       0.007159964344    4.06431350028e-05  0.00705051491598844 0.000226776586563157
       0.13512995407 0.000751417123678775      0.0055887953509    3.42157019178e-05  0.00545052773489374 0.000217108922980648
      0.136552242222 0.000751434453671812     0.00434438216249    2.89307750414e-05  0.00430189953435014 0.000207953869329205
      0.137974526215 0.000751451964656508     0.00361685846449    2.57148597532e-05  0.00355379765452153 0.000199278978235088
      0.139396806004 0.000751469656618054      0.0032326339746    2.39622827213e-05  0.00314463019617669 0.000191054185877221
      0.140819081547 0.000751487529541531     0.00306589923611    2.31866348511e-05  0.00300630427728549 0.000183251612927542
      0.142241352801 0.000751505583411852     0.00318062969614    2.37193714533e-05    0.003068480001602 0.000175845384139893
      0.143663619722 0.000751523818213769     0.00337496823168    2.47063536734e-05  0.00326253922355881 0.000168811464588027
      0.145085882266 0.000751542233931882      0.0036949756928    2.61589950027e-05  0.00352504249471396 0.000162127510871579
      0.146508140391 0.000751560830550665     0.00397145575941    2.73928607322e-05  0.00380051310029536 0.000155772735778778
      0.147930394053 0.000751579608054414     0.00421400608699    2.84612866375e-05  0.00404345489652791 0.000149727785090922
      0.149352643209  0.00075159856642729     0.00432489280365    2.89462301701e-05  0.00421957358913019 0.000143974625270118
      0.150774887815 0.000751617705653286     0.00441551630015    2.93399338413e-05  0.00430622451900881 0.000138496441016855
      0.152197127829 0.000751637025716273     0.00440570235966    2.92971621979e-05  0.00429215190126122 0.000133277541700417
      0.153619363206 0.000751656526599929     0.00423975754483    2.85742069983e-05   0.0041766147734148 0.000128303275859901
      0.155041593904 0.000751676208287825     0.00402447267002    2.76282468751e-05  0.00396801493392261 0.000123559952940885
      0.156463819879  0.00075169607076335     0.00376295683488    2.64655617869e-05  0.00368215367886156 0.000119034771664216
      0.157886041087 0.000751716114009744     0.00337408957571    2.47042895404e-05  0.00334024887261682 0.000114715754348043
      0.159308257487 0.000751736338010139     0.00308011744466    2.33425864036e-05  0.00296684306440904 0.000110591686655781
      0.160730469033 0.000751756742747443     0.00261365787108    2.11158744366e-05  0.00258772768592602 0.000106652062307668
      0.162152675683 0.000751777328204473      0.0022931908026    1.95260552448e-05  0.00222799807814829 0.000102887032227643
      0.163574877394  0.00075179809436388     0.00195542091802     1.7781265055e-05  0.00191033931975108 9.92873578145824e-05
      0.164997074122 0.000751819041208152     0.00171939970045    1.65088742694e-05  0.00165362370371391 9.58443679189791e-05
      0.166419265824 0.000751840168719637     0.00153650353356    1.54844721767e-05  0.00147187783693719 9.25499192085319e-05
      0.167841452457 0.000751861476880536     0.00142038542022    1.48131868323e-05  0.00137365175278053 8.93963596389629e-05
      0.169263633977 0.000751882965672885     0.00142606290655    1.48464289689e-05  0.00136179568423259 8.63764947541789e-05
       0.17068581034 0.000751904635078568      0.0014925706036    1.52325652606e-05  0.00143362414743778 8.34835565695883e-05
      0.172107981505 0.000751926485079365     0.00161643442974    1.59373580224e-05  0.00158142371367936 8.07111748200414e-05
      0.173530147426 0.000751948515656829     0.00180153400168    1.69585580227e-05  0.00179324208091014  7.8053350398186e-05
      0.174952308062 0.000751970726792442     0.00205381716225    1.82992953111e-05   0.0020538831136129  7.5504430745378e-05
      0.176374463368  0.00075199311846747      0.0023343525766    1.97344470814e-05  0.00234602604611612 7.30590871026148e-05
      0.177796613302 0.000752015690663082     0.00260542551408    2.10763821058e-05  0.00265138702078894 7.07122934057863e-05
      0.179218757819 0.000752038443360243     0.00289958689434    2.24920938466e-05  0.00295184683979948 6.84593067419543e-05
      0.180640896878 0.000752061376539838     0.00321740446812    2.39825517742e-05  0.00323047911783298 6.62956491978728e-05
      0.182063030433 0.000752084490182517     0.00343099961467    2.49651513109e-05  0.00347242645928325 6.42170910349792e-05
      0.183485158443 0.000752107784268866     0.00358430526397    2.56621682408e-05    0.003665587407217 6.22196350328557e-05
      0.184907280863 0.000752131258779252      0.0037512639166      2.641398538e-05  0.00380109231817015 6.02995019647972e-05
      0.186329397651 0.000752154913693944     0.00387658766861    2.69733282329e-05  0.00387356096120459 5.84531170676336e-05
      0.187751508763 0.000752178748993029     0.00385267463694    2.68668280435e-05   0.0038811476774355 5.66770974671649e-05
      0.189173614156  0.00075220276465646     0.00376766103801    2.64872359174e-05  0.00382539091837616 5.49682404594003e-05
      0.190595713786 0.000752226960664025     0.00367332014005    2.60639193999e-05  0.00371089264946934 5.33235125990099e-05
       0.19201780761 0.000752251336995379     0.00348570625226    2.52151940827e-05  0.00354485943346356 5.17400395230542e-05
      0.193439895585 0.000752275893630027     0.00333914599882    2.45448440255e-05   0.0033365410731162 5.02150964630427e-05
      0.194861977668 0.000752300630547327     0.00308701153477    2.33760521939e-05  0.00309660464355136 4.87460993894412e-05
      0.196284053814 0.000752325547726453     0.00285420755945    2.22766508554e-05   0.0028364817590671 4.73305967450877e-05
      0.197706123982 0.000752350645146498     0.00256368247262    2.08728404235e-05  0.00256772518241114 4.59662617145359e-05
      0.199128188127 0.000752375922786338     0.00231195354194    1.96222677466e-05  0.00230140760696867  4.4650885011709e-05
      0.200550246206 0.000752401380624735     0.00203928550175    1.82246477035e-05  0.00204759082215806 4.33823681216229e-05
      0.201972298176 0.000752427018640302      0.0018164982344    1.70414620999e-05  0.00181488779866693 4.21587169844317e-05
      0.203394343994 0.000752452836811504     0.00159668488852    1.58290040676e-05  0.00161013376835619 4.09780360809423e-05
      0.204816383616 0.000752478835116639     0.00142823927619    1.48627561179e-05   0.0014381754883708 3.98385228939233e-05
      0.206238416999 0.000752505013533874     0.00128250360926     1.3995115781e-05  0.00130178093067773 3.87384627156642e-05
      0.207660444099  0.00075253137204121      0.0011998195825    1.34864695972e-05   0.0012016650137847 3.76762237832299e-05
      0.209082464874 0.000752557910616538      0.0011205150117    1.29866515456e-05  0.00113662104823542 3.66502527118491e-05
       0.21050447928 0.000752584629237562     0.00109082085699    1.27957157118e-05  0.00110374262024578 3.56590702148158e-05
      0.211926487274 0.000752611527881857     0.00108626985584    1.27656916617e-05  0.00109871691503928 3.47012670802814e-05
      0.213348488811 0.000752638606526812     0.00109142915849     6.3819630991e-06  0.00111616812933807  3.3775500396685e-05
       0.21477048385 0.000752665865149744     0.00112026718402    6.87719049242e-06  0.00115002867004232  3.2880490000144e-05
      0.216192472347 0.000752693303727766     0.00116189757771    7.05034664085e-06  0.00119391622271942 3.20150151430925e-05
      0.217614454258 0.000752720922237841     0.00121623472667     7.2749655485e-06  0.00124149634874229 3.11779113549078e-05
       0.21903642954 0.000752748720656806     0.00125786512065    7.44612931396e-06  0.00128681281961209 3.03680674895518e-05
       0.22045839815 0.000752776698961349     0.00129284474508     7.5893713891e-06  0.00132457116981142 2.95844229478005e-05
      0.221880360044  0.00075280485712799     0.00133221135443    7.74968165455e-06  0.00135036468043939 2.88259650614993e-05
      0.223302315179 0.000752833195133124      0.0013433797814    7.79494488572e-06  0.00136083593735469 2.80917266278687e-05
      0.224724263513 0.000752861712953016     0.00132416013838    7.71661449338e-06  0.00135377100779991 2.73807835869175e-05
         0.226146205 0.000752890410563704      0.0013026424649     7.6287601863e-06  0.00132812695318015 2.66922528341473e-05
      0.227568139599 0.000752919287941181     0.00128050297122    7.53817077327e-06  0.00128399668574533 2.60252901508266e-05
      0.228990067266 0.000752948345061231     0.00119781443798    7.19851343166e-06    0.001222517970103  2.5379088259315e-05
      0.230411987957 0.000752977581899491       0.001134456394    6.93603181628e-06  0.00114573558775498 2.47528749823073e-05
       0.23183390163 0.000753006998431492     0.00106001373391    6.62480067862e-06  0.00105642728226835 2.41459115053263e-05
      0.233255808241 0.000753036594632577     0.00094615309734    6.14183828876e-06    0.000957905068907 2.35574907380606e-05
      0.234677707746 0.000753066370477943    0.000848486814714    5.71950179159e-06 0.000853803833366531  2.2986935763378e-05
      0.236099600102  0.00075309632594266    0.000743412765034     5.2542046191e-06 0.000747868894949525 2.24335983717187e-05
      0.237521485267 0.000753126461001672     0.00063814946533    4.77397584665e-06 0.000643753417773563 2.18968576756238e-05
      0.238943363196 0.000753156775629716    0.000536995583825    4.29479165684e-06 0.000544835289928766 2.13761188006195e-05
      0.240365233847 0.000753187269801442     0.00045000838202    3.86380973128e-06 0.000454061438161396 2.08708116427623e-05
      0.241787097175 0.000753217943491293    0.000363751142256    3.41238843721e-06 0.000373825608761131 2.03803896968903e-05
      0.243208953139 0.000753248796673652    0.000298697963644    3.04975269737e-06 0.000305883523144786  1.9904328942534e-05
      0.244630801693 0.000753279829322644    0.000242972083755    2.71741058142e-06 0.000251307136399637 1.94421267940386e-05
      0.246052642796  0.00075331104141236    0.000198736354524    2.43356797683e-06 0.000210477589566941 1.89933010994982e-05
      0.247474476404 0.000753342432916679    0.000174182577659    2.26554737987e-06 0.000183114474140827 1.85573891977089e-05
      0.248896302473 0.000753374003809332    0.000159767168989    2.16240641046e-06 0.000168337301455012 1.81339470205016e-05
      0.250318120961 0.000753405754063953    0.000153719294349    2.11814303233e-06 0.000164753679193229 1.77225482417309e-05
      0.251739931823 0.000753437683653959    0.000153051513857    2.11314362341e-06 0.000170567688727588 1.73227834718835e-05
      0.253161735017 0.000753469792552689     0.00017290379107    2.25593599085e-06 0.000183701363157862 1.69342594905963e-05
      0.254583530499 0.000753502080733295    0.000195486668809    2.41079482605e-06 0.000201921989682177 1.65565985211222e-05
      0.256005318226 0.000753534548168803    0.000217420690923    2.55480813452e-06 0.000222968180376301 1.61894375391524e-05
      0.257427098154 0.000753567194832071    0.000239514222915    2.69494330267e-06 0.000244668231183837 1.58324276175885e-05
      0.258848870241 0.000753600020695859    0.000256498017476     2.7995896412e-06 0.000265045161952457 1.54852333026811e-05
      0.260270634443 0.000753633025732736    0.000275266165154    2.91238863737e-06 0.000282403930326545 1.51475320227912e-05
      0.261692390717 0.000753666209915148    0.000288951611052    2.99306016794e-06 0.000295397564421992 1.48190135245674e-05
      0.263114139019 0.000753699573215374    0.000300311991392    3.05910247919e-06 0.000303070284910613 1.44993793379268e-05
      0.264535879306  0.00075373311560557     0.00029936304069    3.05328890917e-06   0.0003048770138994 1.41883422661828e-05
      0.265957611535 0.000753766837057748    0.000293953207578    3.02171931466e-06 0.000300679927371997 1.38856259015529e-05
      0.267379335663 0.000753800737543776    0.000283379565175    2.95978246281e-06 0.000290723842708171  1.3590964163776e-05
      0.268801051645  0.00075383481703533    0.000266019974526    2.85657438288e-06 0.000275593195474814 1.33041008612467e-05
       0.27022275944 0.000753869075504036    0.000248254848844    2.74849659603e-06 0.000256154115450392 1.30247892714652e-05
      0.271644459003  0.00075390351292128    0.000224947415631    2.60290380177e-06 0.000233485638758569   1.275279174415e-05
      0.273066150291 0.000753938129258353     0.00020209958847    2.45471087239e-06 0.000208804379610441 1.24878793203301e-05
      0.274487833261 0.000753972924486401    0.000178008121461    2.29141621608e-06 0.000183387035140089 1.22298313708537e-05
       0.27590950787 0.000754007898576427    0.000143670143419    2.04279722855e-06 0.000158494920960469 1.19784352513781e-05
      0.277331174074 0.000754043051499263    0.000127283836467    1.91574856879e-06 0.000135304357406985 1.17334859735428e-05
       0.27875283183 0.000754078383225625    0.000108161521685    1.75856981799e-06 0.000114846177304024 1.14947858908132e-05
      0.280174481095 0.000754113893726083    8.81740661775e-05    1.58097097434e-06 9.79569438012836e-05 1.12621443992727e-05
      0.281596121825  0.00075414958297104    7.62973054806e-05    1.46706998255e-06 8.52436931985764e-05  1.1035377652074e-05
      0.283017753977  0.00075418545093078    6.67456106645e-05     1.3696414155e-06 7.70631981774178e-05 1.08143082863948e-05
      0.284439377508 0.000754221497575444    6.38987569008e-05    1.33949814994e-06  7.3515926302054e-05 1.05987651632261e-05
      0.285860992375 0.000754257722875028      6.494233316e-05    1.35041260282e-06 7.44540894776073e-05 1.03885831187075e-05
      0.287282598533 0.000754294126799337    6.87165098896e-05    1.38989424516e-06 7.95024809271036e-05 1.01836027268878e-05
      0.288704195941 0.000754330709318132    8.12232012133e-05    1.51480237203e-06 8.80902088324817e-05 9.98367007190975e-06
      0.290125784554  0.00075436747040093     9.3648785489e-05    1.63073136377e-06 9.94909840387048e-05  9.7886365322796e-06
       0.29154736433 0.000754404410017183    0.000107047653035    1.74849730023e-06  0.00011286931888049 9.59835857255794e-06
      0.292968935224  0.00075444152813612     0.00012256341174    1.87777693509e-06 0.000127329850744344 9.41269754596648e-06
      0.294390497194  0.00075447882472691    0.000138079170631    2.00034514564e-06 0.000141967015774902 9.23151950402669e-06
      0.295812050196 0.000754516299758522    0.000155433353857    2.13087534622e-06 0.000155912453101358 9.05469501590114e-06
      0.297233594188 0.000754553953199839    0.000165460876335    2.20373760946e-06 0.000168377801904045 8.88209899440607e-06
      0.298655129125 0.000754591785019521      0.0001738932957    2.26370736647e-06 0.000178690937889866 8.71361053061751e-06
      0.300076654965 0.000754629795186164    0.000180411590758    2.30904939904e-06 0.000186324156923776 8.54911273424481e-06
      0.301498171663 0.000754667983668145    0.000187686883978    2.35891836857e-06 0.000190913321350197 8.38849258221773e-06
      0.302919679178 0.000754706350433803    0.000191366435835    2.38384582136e-06 0.000192267511201426 8.23164077221419e-06
      0.304341177465  0.00075474489545123    0.000186583829473    2.35135572333e-06 0.000190369238607794  8.0784515840448e-06
      0.305762666482 0.000754783618688456    0.000183396326396    2.32951604924e-06 0.000185365764955105 7.92882274522052e-06
      0.307184146184 0.000754822520113288    0.000174704365355    2.26914446822e-06 0.000177552483801188  7.7826553035354e-06
      0.308605616529 0.000754861599693474    0.000158712778939    2.15500343615e-06 0.000167349681134686  7.6398535037036e-06
      0.310027077473 0.000754900857396565    0.000150858922844    2.09720964845e-06 0.000155274245369941 7.50032467023284e-06
      0.311448528973 0.000754940293189998    0.000137354615976    1.99500095403e-06 0.000141908064524277 7.36397909432583e-06
      0.312869970987 0.000754979907041098    0.000124039558562    1.89009388801e-06 0.000127864915358763 7.23072992572777e-06
      0.314291403469 0.000755019698916936    0.000106128440779    1.74155770274e-06 0.000113757620886668 7.10049306944941e-06
      0.315712826378 0.000755059668784583    9.86801193309e-05    1.67677492977e-06 0.000100167135507884 6.97318708540929e-06
      0.317134239669 0.000755099816610855     7.9741647061e-05    1.50147501967e-06 8.76150230869106e-05 6.84873309377194e-06
        0.3185556433 0.000755140142362515    7.17526128118e-05    1.42219155011e-06 7.65405348993166e-05 6.72705468267549e-06
      0.319977037227 0.000755180646006125    6.45476124818e-05    1.34726278867e-06 6.72831905953751e-05 6.60807782071304e-06
      0.321398421408 0.000755221327508166    5.70398124351e-05    1.26512954057e-06 6.00714319758993e-05 6.49173077214096e-06
      0.322819795797 0.000755262186834865    5.26681478269e-05    1.21517049355e-06 5.50175768762024e-05 6.37794401628305e-06
      0.324241160354 0.000755303223952477    4.79179842606e-05    1.15867322932e-06 5.21189655166895e-05 6.26665016884331e-06
      0.325662515033 0.000755344438826949    4.93589844943e-05    1.17649940376e-06 5.12648821784373e-05 6.15778390805837e-06
      0.327083859792   0.0007553858314242    5.10703413521e-05    1.19729782668e-06 5.22485642842107e-05 6.05128190203402e-06
      0.328505194587 0.000755427401709951    5.67153852124e-05    1.26232773408e-06 5.47833917418643e-05 5.94708274015115e-06
      0.329926519376 0.000755469149649845     5.9035044068e-05    1.28799423635e-06 5.85221890513129e-05 5.84512686638824e-06
      0.331347834114 0.000755511075209293     6.4409731131e-05    1.34622797148e-06 6.30784765446074e-05 5.74535651588068e-06
      0.332769138759 0.000755553178353658    6.92977763547e-05     1.3973002964e-06 6.80484761601027e-05 5.64771565314638e-06
      0.334190433268 0.000755595459048134    7.65379229051e-05    1.47023951145e-06 7.30327088899757e-05 5.55214991338497e-06
      0.335611717596 0.000755637917257713    8.02228820092e-05    1.50622275565e-06 7.76561103699086e-05 5.45860654580435e-06
      0.337032991701 0.000755680552947341    8.98286482313e-05    1.59692132194e-06 8.15857296679867e-05  5.3670343587164e-06
      0.338454255539 0.000755723366081763    8.81335130263e-05    1.58111398413e-06 8.45452541461592e-05  5.2773836673659e-06
      0.339875509068 0.000755766356625645    9.03315112482e-05    1.60134984805e-06 8.63258091074576e-05 5.18960624315171e-06
      0.341296752243 0.000755809524543426    8.92311602079e-05    1.59109255935e-06 8.67927022524419e-05 5.10365526531795e-06
      0.342717985022 0.000755852869799495    8.83146517396e-05    1.58255719943e-06 8.58880079977179e-05  5.0194852737822e-06
      0.344139207361 0.000755896392358042    8.72088937071e-05    1.57221459285e-06 8.36291035542987e-05 4.93705212438464e-06
      0.345560419217 0.000755940092183149    8.42917471577e-05    1.54470666296e-06 8.01034671215661e-05 4.85631294532279e-06
      0.346981620546 0.000755983969238729    7.66433619771e-05    1.47057461086e-06 7.54602195840571e-05 4.77722609548934e-06
      0.348402811306  0.00075602802348862    7.01304740431e-05    1.40480501657e-06 6.98990277929406e-05 4.69975112406216e-06
      0.349823991453 0.000756072254896457    6.15439520178e-05    1.31331047928e-06 6.36570850896011e-05 4.62384873196102e-06
      0.351245160944 0.000756116663425771    5.93378431242e-05    1.28857300951e-06 5.69949403840824e-05 4.54948073433121e-06
      0.352666319735 0.000756161249039923    5.10216774284e-05     1.1925666955e-06 5.01819607573712e-05 4.47661002465887e-06
      0.354087467783 0.000756206011702166    4.56253617653e-05    1.12625809817e-06 4.34834387036977e-05 4.40519214982002e-06
      0.355508605045 0.000756250951375619    3.63710588783e-05    3.42187539157e-07 3.72174370079185e-05 4.33535300085474e-06
      0.358350847038 0.000756341361607899    2.58532902786e-05    2.96020126601e-07 2.65343375309917e-05 4.19965898952328e-06
      0.361193045367 0.000756432479438858     1.8074232879e-05    2.44188105224e-07 1.92580980128619e-05 4.06913111977647e-06
      0.364035199685 0.000756524304568397    1.54740042181e-05    2.25000193295e-07 1.58742460665481e-05 3.94366463542833e-06
      0.366877309647 0.000756616836694292    1.55533087239e-05     2.2557510284e-07  1.6066204893142e-05 3.82302563410926e-06
      0.369719374906  0.00075671007551207    1.86936494461e-05    2.48513715669e-07 1.88996278512198e-05 3.70699273776058e-06
      0.372561395116 0.000756804020715113    2.23963317644e-05    2.73759034849e-07 2.30735454046792e-05  3.5953563313558e-06
      0.375403369931 0.000756898671994623    2.62702398802e-05    2.98555228573e-07 2.72143441922932e-05 3.48791785347979e-06
      0.378245299003 0.000756994029039567    2.98107083418e-05     3.2009421522e-07 3.01505006398729e-05 3.38448913474925e-06
      0.381087181988 0.000757090091536874    3.02811286573e-05    3.22894737888e-07 3.11166981849407e-05 3.28489178019779e-06
      0.383929018538  0.00075718685917118    2.85496455627e-05    3.12550830302e-07  2.9855459020892e-05 3.18895659315744e-06
      0.386770808308 0.000757284331625062    2.48340465848e-05    2.89461797896e-07 2.66079373050145e-05  3.0965230365909e-06
      0.389612550951 0.000757382508578872    2.00370214344e-05    2.57705158869e-07 2.20080364183446e-05 3.00743873006303e-06
      0.392454246121 0.000757481389710848    1.47353306264e-05     2.1894775463e-07 1.69112757536329e-05 2.92155897911953e-06
      0.395295893471 0.000757580974697049    1.05511131117e-05     1.8407527221e-07 1.21990813481612e-05 2.83874633516742e-06
      0.398137492656 0.000757681263211459    7.37322233097e-06    1.53340257257e-07  8.5995003991179e-06 2.75887018337913e-06
      0.400979043329 0.000757782254925858    5.56453728457e-06      1.333358335e-07 6.55765519185909e-06 2.68180635698867e-06
      0.403820545144 0.000757883949509927    5.38399916947e-06    1.31241102565e-07  6.1759194430876e-06 2.60743677573353e-06
      0.406661997754 0.000757986346631184    6.42306928692e-06    1.43270020171e-07 7.22802174898072e-06 2.53564910708883e-06
      0.409503400814 0.000758089445955095    8.59463276767e-06     1.6584756811e-07 9.23638980717268e-06 2.46633644845631e-06
      0.412344753977 0.000758193247144936    1.09163943576e-05    1.87369441351e-07  1.1590848144993e-05 2.39939702916697e-06
      0.415186056898 0.000758297749861942    1.32711995005e-05    2.07216789474e-07 1.36810535520416e-05 2.33473393058021e-06
      0.418027309229 0.000758402953765126    1.37905844101e-05    2.11368888581e-07 1.50153200411664e-05 2.27225482345445e-06
      0.420868510625 0.000758508858511508    1.46253851788e-05    2.17928950742e-07 1.53040488311363e-05 2.21187172097122e-06
      0.423709660739 0.000758615463755933     1.3823027141e-05    2.11570431947e-07 1.44951850380112e-05 2.15350074685409e-06
      0.426550759225 0.000758722769151189    1.16358430226e-05    1.93460438276e-07 1.27597913488374e-05 2.09706191716772e-06
      0.429391805738 0.000758830774348009    9.53727589649e-06    1.74690595337e-07 1.04357332762762e-05 2.04247893513064e-06
      0.432232799931 0.000758939478994966    7.54384738404e-06    1.55122138949e-07 7.94477298531116e-06 1.98967899807798e-06
      0.435073741457 0.000759048882738548    5.85682287368e-06    1.36689721569e-07 5.70193188520039e-06 1.93859261563339e-06
      0.437914629971 0.000759158985223246    4.26892905464e-06    1.17009979717e-07 4.03551285050785e-06   1.889153438466e-06
      0.440755465126 0.000759269786091401    3.37194624833e-06    1.04397220737e-07 3.13218781261798e-06 1.84129809704934e-06
      0.443596246576 0.000759381284983325    3.35902895131e-06    1.04352610186e-07 3.01519724734475e-06 1.79496604956125e-06
      0.446436973976 0.000759493481537307     4.0430307431e-06    1.14208266352e-07 3.55645554422153e-06 1.75009943851682e-06
      0.449277646979 0.000759606375389501    4.96734954904e-06    1.26348211143e-07 4.51670833294184e-06 1.70664295557584e-06
      0.452118265238 0.000759719966174008    6.12597744792e-06    1.40176563555e-07 5.60306813327908e-06 1.66454371389162e-06
      0.454958828409    0.000759834253523    7.16144307884e-06    1.51583538068e-07 6.53100391191822e-06 1.62375112759592e-06
      0.457799336144 0.000759949237066446    7.40614585273e-06    1.53745276386e-07  7.0783436502298e-06 1.58421679813442e-06
      0.460639788097 0.000760064916432359    7.72294354605e-06     1.5670322612e-07 7.13413800885334e-06 1.54586567628999e-06
      0.462059993048 0.000760123016931973    7.33004039126e-06    7.63907377837e-08 6.97054048075499e-06  1.5271209707593e-06
      0.463480183923 0.000760181291246758    6.95362897559e-06    1.48638568126e-07 6.67111008880306e-06 1.50868047581571e-06
       0.46490036068 0.000760239739329693    6.56572744873e-06    7.24209400268e-08 6.25735953105663e-06 1.49055851661211e-06
      0.467740671666 0.000760357156611068    5.50875376289e-06    6.67289432253e-08 5.19933143450699e-06 1.45510428135803e-06
      0.470580925659 0.000760475268396975    4.36940416324e-06    5.93689957689e-08 3.99465642365891e-06 1.42068662051337e-06
      0.473421122313  0.00076059407430632    3.33963138881e-06    5.11571159108e-08 2.83507974739816e-06 1.38729560340888e-06
      0.476261261282 0.000760713573955994     2.3003958019e-06    4.19480321241e-08 1.89627175070287e-06 1.35489467569241e-06
       0.47910134222 0.000760833766960888    1.76975367815e-06    3.70106095646e-08 1.29582118541867e-06 1.32344879331017e-06
      0.481941364781  0.00076095465293389    1.52433761324e-06    3.45107113026e-08 1.07654643908465e-06 1.29292435157742e-06
      0.484781328619 0.000761076231485893    1.52156645944e-06      3.445308231e-08 1.20590456567286e-06 1.26328911797623e-06
      0.487621233388 0.000761198502225802    1.90608093976e-06    3.82457919777e-08 1.58994493356527e-06  1.2345121684636e-06
      0.490461078742 0.000761321464760537    2.28924359661e-06    4.17309444681e-08  2.0976183045013e-06 1.20656382708907e-06
      0.493300864334 0.000761445118694994    2.72343607683e-06    4.54472834575e-08 2.58969621060232e-06 1.17941560873816e-06
       0.49614058982 0.000761569463632227    3.00690483561e-06    4.77504383517e-08 2.94626610974157e-06 1.15304016477007e-06
      0.498980254852 0.000761694499173145    3.08152322729e-06    4.83505581676e-08  3.0876683106711e-06 1.12741123153244e-06
      0.501819859085 0.000761820224916826    2.98243759597e-06    4.75792013657e-08 2.98553370917841e-06 1.10250358136175e-06
      0.504659402172 0.000761946640460301    2.63732758015e-06    4.47817352257e-08 2.66282928432828e-06 1.07829297616378e-06
      0.507498883769 0.000762073745398781    2.33256822742e-06    4.21767103569e-08  2.1840420157106e-06  1.0547561232391e-06
      0.510338303528 0.000762201539325351    1.87370567274e-06    3.79812074135e-08 1.63840717592241e-06 1.03187063341254e-06
      0.513177661104 0.000762330021831287    1.31075586714e-06    3.22145204263e-08 1.12012005745515e-06 1.00961498112664e-06
      0.516016956151 0.000762459192505884    9.47193972946e-07    2.79442425816e-08 7.09640379815313e-07 9.87968466593977e-07
      0.518856188322  0.00076258905093646    6.66090807339e-07    2.41802844092e-08 4.59563140208546e-07  9.6691117977599e-07
      0.521695357273 0.000762719596708542    5.63896016818e-07    2.26877693349e-08 3.87294242728322e-07 9.46423966089504e-07
      0.524534462657   0.0007628508294056    6.00934837874e-07     2.3263142586e-08 4.75233076252806e-07 9.26488393854599e-07
      0.527373504128 0.000762982748609235    7.75855488145e-07    2.57580899971e-08 6.77652961482009e-07 9.07086723239913e-07
       0.53021248134 0.000763115353899136    9.69025219988e-07    2.82740297598e-08 9.32270984337012e-07 8.88201876736813e-07
      0.533051393947 0.000763248644853088    1.18449938088e-06    3.08570097322e-08 1.17380841882724e-06  8.6981741103754e-07
      0.535890241603 0.000763382621046977    1.33779156815e-06    3.25538565485e-08 1.34674089172244e-06 8.51917490250016e-07
      0.538729023963 0.000763517282054844    1.40592143244e-06    3.32730164271e-08  1.4148819289853e-06 8.34486860372241e-07
       0.54156774068 0.000763652627448744    1.38821308235e-06     3.3063913126e-08 1.36629260336449e-06 8.17510824992455e-07
      0.544406391409 0.000763788656798946    1.26303799839e-06    3.16685900395e-08 1.21305187727522e-06 8.00975263674356e-07
      0.547244975804 0.000763925369673796    1.09730941219e-06    2.97383137427e-08 9.86505499104268e-07 7.84866442345845e-07
      0.550083493519 0.000764062765639766    8.36550742436e-07    2.64141261474e-08 7.29245197944737e-07 7.69171245295204e-07
      0.552921944207 0.000764200844261414    6.00799965202e-07    2.30261109996e-08 4.85851427325682e-07  7.5387698512738e-07
      0.555760327524 0.000764339605101584    4.48859617087e-07    2.05374605356e-08 2.94162151294401e-07 7.38971426355046e-07
      0.558598643123 0.000764479047721119    3.04353988652e-07    1.78633869156e-08 1.78731806144354e-07 7.24442767119987e-07
      0.561436890658 0.000764619171679061    2.90295283361e-07    1.74916661834e-08  1.4749181476231e-07 7.10279621691068e-07
      0.564275069784 0.000764759976532658    2.99532410247e-07    1.74217544334e-08 1.91918790751085e-07 6.96471003495699e-07
      0.567113180155 0.000764901461837272    3.73655166183e-07    1.86391324795e-08 2.90099753713488e-07 6.82998033266071e-07
      0.568532209449 0.000764972459519247    3.96748152114e-07    1.14101884116e-08 3.50277100254378e-07 6.76383447173759e-07
      0.569951221425 0.000765043627146432    5.03831732746e-07     2.1038754479e-08 4.13564754044223e-07 6.69859257228033e-07
      0.571370216039 0.000765114964662695    5.16515898049e-07    1.31120056416e-08 4.74393949426431e-07 6.63423682510267e-07
      0.574208153009 0.000765258149137558    6.14204770335e-07     1.4563618031e-08 5.77527341313045e-07 6.50782950470391e-07
      0.577046020013 0.000765402012492811    6.34616924913e-07    1.47336263594e-08 6.38551992922001e-07 6.38443684988995e-07
      0.579883816706 0.000765546554275664    6.82289846236e-07     1.4562334057e-08 6.45744358481895e-07 6.26404983856448e-07
      0.582721542742 0.000765691774031474    6.48404986816e-07    1.38057232833e-08 5.99176777208631e-07 6.14658099519036e-07
      0.585559197776 0.000765837671303845    5.65675829655e-07    1.30794393363e-08 5.09318107319409e-07 6.03194579376801e-07
       0.58839678146 0.000765984245634433    4.82270816387e-07    1.23113911415e-08 3.93968542662561e-07 5.92006255229854e-07
       0.59123429345 0.000766131496563311    3.16857702486e-07    1.06295949372e-08 2.74123356679732e-07 5.81085232362941e-07
        0.5940717334 0.000766279423628667    2.25116768137e-07    9.59792243767e-09  1.6966052967906e-07 5.70423879150404e-07
      0.596909100964 0.000766428026366908    1.37431216802e-07    8.50934390677e-09 9.56873683896917e-08 5.60014817072239e-07
      0.599746395797 0.000766577304312726    1.08841053916e-07     8.1016028522e-09 6.01692662580209e-08 5.49850911159039e-07
      0.602583617553 0.000766727256998991    9.94011245606e-08    7.95275685542e-09  6.3155847907141e-08 5.39925260851347e-07
      0.605420765885 0.000766877883956763    1.29388165557e-07     8.3581730099e-09 9.75843487172695e-08 5.30231191236547e-07
      0.608257840449 0.000767029184715505    1.81454301914e-07    9.03174443773e-09 1.51343663842751e-07 5.20762244638865e-07
      0.611094840898 0.000767181158802772     2.2563502234e-07    9.56732890322e-09 2.10077127730624e-07 5.11512172593739e-07
      0.613931766887 0.000767333805744485     2.7619170307e-07    1.01567882288e-08  2.6011707631999e-07 5.02474928118795e-07
      0.616768618071 0.000767487125064829     3.2472070179e-07    1.06949231838e-08 2.90983012851318e-07 4.93644658326577e-07
      0.619605394103  0.00076764111628615    3.32921515422e-07     1.0779393238e-08 2.97017353923899e-07  4.8501569734113e-07
      0.622442094638 0.000767795778929176    3.05975976689e-07     1.0477847526e-08 2.77940461167698e-07 4.76582559485168e-07
      0.625278719331  0.00076795111251292     2.6348493123e-07    9.98892229128e-09  2.3833374521656e-07 4.68339932764095e-07
      0.628115267835 0.000768107116554571    2.12184839377e-07    9.35748801507e-09 1.86261078923863e-07 4.60282672613208e-07
      0.630951739805 0.000768263790569721    1.46240411396e-07    8.48870381965e-09 1.31379210480882e-07 4.52405795880204e-07
      0.633788134896 0.000768421134072263    8.48018986907e-08    7.59584624225e-09 8.29472496801527e-08 4.44704475067419e-07
      0.636624452761 0.000768579146574283    5.89602977322e-08    7.17618953155e-09  4.8120992579426e-08 4.37174032802381e-07
      0.639460693056 0.000768737827586346    3.35692644325e-08    6.73935878029e-09 3.08233275708273e-08 4.29809936512098e-07
      0.642296855434 0.000768897176617167     3.7827402912e-08    6.79982031176e-09 3.13425352205971e-08 4.22607793335626e-07
      0.645132939551 0.000769057193173952    5.65045424898e-08    7.09397773598e-09 4.66570448216738e-08  4.1556334520762e-07
       0.64796894506 0.000769217876762069    9.47825158776e-08    7.67346474632e-09 7.13485279778697e-08 4.08672464165031e-07
      0.650804871616 0.000769379226885334    1.24949782586e-07    8.10084604169e-09 9.88691050347589e-08 4.01931147810368e-07
      0.653640718873 0.000769541243045847    1.40923321492e-07    8.31477265187e-09 1.22886703465939e-07 3.95335514971062e-07
      0.656476486486 0.000769703924744114    1.57369918732e-07    8.56957825678e-09 1.38447295864622e-07 3.88881801515312e-07
       0.65931217411 0.000769867271478994    1.41599078489e-07     8.3876430497e-09 1.42755054866885e-07 3.82566356336917e-07
      0.662147781398 0.000770031282747591    1.31010115692e-07    8.27410636894e-09 1.35464556364504e-07 3.76385637496114e-07
      0.664983308006  0.00077019595804555    1.01045649167e-07    7.88353408834e-09 1.18482209255509e-07 3.70336208493371e-07
      0.667818753587 0.000770361296866712    7.78401400091e-08    7.57636172933e-09  9.5366623043714e-08 3.64414734708932e-07
      0.670654117797 0.000770527298703471    3.96073343379e-08    6.93479221894e-09 7.04833593538977e-08 3.58617979951732e-07
      0.673489400289 0.000770693963046431    3.31413625877e-08    6.78192533992e-09 4.80989662727332e-08 3.52942803164246e-07
      0.676324600719 0.000770861289384764    1.58610770313e-08    6.43878243691e-09 3.15907331215612e-08 3.47386155227108e-07
      0.679159718741 0.000771029277205917    7.14202603738e-09    6.23383074878e-09 2.29079083446968e-08 3.41945075904656e-07
      0.681994754009 0.000771197925995745    1.98261427518e-08    6.41050236452e-09 2.23583230681481e-08 3.36616690891777e-07
      0.684829706179 0.000771367235238627    2.45799124026e-08    6.49313406525e-09 2.87253534112343e-08 3.31398208970409e-07
      0.687664574903 0.000771537204417121     6.1100569208e-08    7.10094890499e-09 3.96576795372008e-08 3.26286919285587e-07
      0.690499359838 0.000771707833012503    5.23365129261e-08    6.95901610065e-09 5.22293844460924e-08 3.21280188695332e-07
      0.693334060638 0.000771879120504299    7.03828081068e-08    7.24679300897e-09  6.3547107694735e-08 3.16375459248482e-07
      0.696168676957  0.00077205106637047    8.07690020056e-08    7.40740160891e-09 7.12855211965825e-08 3.11570245734275e-07
       0.69900320845 0.000772223670087474    6.23622621058e-08    7.10715033104e-09 7.40587099386562e-08 3.06862133326071e-07
      0.701837654772 0.000772396931130218     7.5046503223e-08    7.29503985223e-09 7.15758124791795e-08 3.02248775313124e-07
      0.704672015577    0.000772570848972    4.74025519724e-08    6.83875907816e-09  6.4575280747189e-08 2.97727890914582e-07
       0.70750629052 0.000772745423084639     3.4853489164e-08    6.61456216788e-09 5.45741588811333e-08 2.93297263167142e-07
      0.710340479255 0.000772920652938355    2.36561930562e-08     6.4067178214e-09 4.34994104260684e-08 2.88954736895022e-07
      0.713174581437 0.000773096538001904    1.59510441295e-08    6.26458385891e-09 3.32830523331791e-08 2.84698216746021e-07
      0.716008596721 0.000773273077742517    7.34470136918e-09    6.10265407977e-09 2.55006677374991e-08 2.80525665302328e-07
      0.718842524762 0.000773450271625913    1.38332572009e-08    6.21652528766e-09 2.11160348133968e-08 2.76435101256287e-07
      0.721676365214 0.000773628119116234    1.04087360859e-08    6.14911688651e-09 2.03678895849863e-08 2.72424597652164e-07
      0.724510117732 0.000773806619676184    2.00514398285e-08    6.31879816504e-09 2.28043268173858e-08 2.68492280185828e-07
      0.727343781971  0.00077398577276697    3.40423331138e-08    6.58678171138e-09  2.7442164107269e-08 2.64636325567707e-07
      0.730177357584 0.000774165577848181    2.93335965146e-08    6.52819546093e-09  3.3007764303953e-08 2.60854959944003e-07
      0.733010844228 0.000774346034378173    2.68778582712e-08    6.50838982013e-09 3.82054137858908e-08 2.57146457362788e-07
      0.735844241557 0.000774527141813637    3.38846249472e-08    6.65137834673e-09  4.1960177335231e-08 2.53509138309747e-07
      0.738677549226 0.000774708899609854     3.8638448658e-08    6.75383228908e-09 4.35927957398303e-08 2.49941368280412e-07
      0.741510766889 0.000774891307220575    1.46217716244e-08    6.34284934836e-09 4.29015783329083e-08 2.46441556408643e-07
      0.744343894201 0.000775074364098156    1.20083211903e-08    6.29981501334e-09 4.01463706835105e-08 2.43008154137724e-07
      0.747176930817   0.0007752580696935    4.21304231919e-09    6.16241747062e-09 3.59484814494736e-08 2.39639653939729e-07
      0.750009876391 0.000775442423455999    4.07786840075e-09    6.16365236494e-09 3.11345677186999e-08 2.36334588078838e-07
       0.75284273058   0.0007756274248338   -1.31798789884e-08    5.84382689389e-09 2.65597931965809e-08 2.33091527410639e-07
      0.755675493036  0.00077581307327329    7.36729085941e-09    6.19520173827e-09 2.29454840725725e-08 2.29909080235324e-07
      0.758508163416 0.000775999368219756    8.78773418006e-10    6.04328574549e-09 2.07598600740681e-08 2.26785891169248e-07
      0.761340741374 0.000776186309116865    9.23832976026e-10     6.0112841458e-09 2.01591902037253e-08 2.23720640074509e-07
      0.764173226565 0.000776373895406938    1.96685115342e-08    6.32207991586e-09 2.09935235501183e-08 2.20712041010449e-07
      0.767005618644 0.000776562126530887    1.20533936047e-08    6.15266762486e-09 2.28686596902997e-08  2.1775884122598e-07
      0.769837917265 0.000776751001928153    1.68965318033e-09    5.99148147016e-09 2.52464982959899e-08  2.1485982018486e-07
      0.772670122084 0.000776940521036917    2.24169466542e-08     6.3995654489e-09 2.75607850613564e-08 2.12013788619084e-07
      0.775502232756 0.000777130683293904    1.85868962124e-08     6.3616119465e-09  2.9325007581614e-08 2.09219587619545e-07
      0.778334248935 0.000777321488134389    6.19559444003e-09    6.16892037166e-09 3.02132887629738e-08  2.0647608775323e-07
      0.781166170276 0.000777512934992337    5.51977837979e-09    6.18750484984e-09 3.01023192221382e-08 2.03782188207324e-07
      0.783997996435 0.000777705023300411   -4.48332639252e-09    5.96685163076e-09 2.90709713918114e-08 2.01136815963128e-07
      0.786829727065 0.000777897752489707    -3.2216198924e-09    5.95484804215e-09 2.73627819781844e-08 1.98539296240956e-07
      0.789661361823 0.000778091121990235    9.07960065057e-09    6.14867829379e-09 2.57728132549169e-08 1.96541890121311e-07
