#      z (A) rho (1e-6/A2) irho (1e-6/A2)
-37.77228266  20.07737749   0.45843470
-37.67228266  20.07760689   0.45844618
-37.57228266  20.07784181   0.45845792
-37.47228266  20.07808236   0.45846995
-37.37228266  20.07832866   0.45848227
-37.27228266  20.07858084   0.45849488
-37.17228266  20.07883902   0.45850779
-37.07228266  20.07910332   0.45852100
-36.97228266  20.07937388   0.45853453
-36.87228266  20.07965082   0.45854838
-36.77228266  20.07993427   0.45856256
-36.67228266  20.08022438   0.45857706
-36.57228266  20.08052128   0.45859191
-36.47228266  20.08082511   0.45860710
-36.37228266  20.08113601   0.45862265
-36.27228266  20.08145413   0.45863856
-36.17228266  20.08177960   0.45865483
-36.07228266  20.08211259   0.45867148
-35.97228266  20.08245325   0.45868852
-35.87228266  20.08280172   0.45870594
-35.77228266  20.08315817   0.45872377
-35.67228266  20.08352275   0.45874200
-35.57228266  20.08389563   0.45876064
-35.47228266  20.08427697   0.45877971
-35.37228266  20.08466694   0.45879921
-35.27228266  20.08506571   0.45881915
-35.17228266  20.08547345   0.45883954
-35.07228266  20.08589033   0.45886039
-34.97228266  20.08631655   0.45888170
-34.87228266  20.08675227   0.45890349
-34.77228266  20.08719768   0.45892576
-34.67228266  20.08765297   0.45894853
-34.57228266  20.08811833   0.45897180
-34.47228266  20.08859395   0.45899559
-34.37228266  20.08908002   0.45901989
-34.27228266  20.08957675   0.45904473
-34.17228266  20.09008433   0.45907011
-34.07228266  20.09060297   0.45909605
-33.97228266  20.09113288   0.45912255
-33.87228266  20.09167427   0.45914962
-33.77228266  20.09222736   0.45917727
-33.67228266  20.09279235   0.45920553
-33.57228266  20.09336947   0.45923439
-33.47228266  20.09395894   0.45926386
-33.37228266  20.09456099   0.45929397
-33.27228266  20.09517585   0.45932471
-33.17228266  20.09580375   0.45935611
-33.07228266  20.09644493   0.45938818
-32.97228266  20.09709962   0.45942091
-32.87228266  20.09776808   0.45945434
-32.77228266  20.09845054   0.45948847
-32.67228266  20.09914725   0.45952331
-32.57228266  20.09985848   0.45955887
-32.47228266  20.10058446   0.45959517
-32.37228266  20.10132547   0.45963223
-32.27228266  20.10208177   0.45967005
-32.17228266  20.10285363   0.45970864
-32.07228266  20.10364131   0.45974803
-31.97228266  20.10444508   0.45978822
-31.87228266  20.10526523   0.45982924
-31.77228266  20.10610204   0.45987108
-31.67228266  20.10695579   0.45991377
-31.57228266  20.10782676   0.45995733
-31.47228266  20.10871526   0.46000176
-31.37228266  20.10962157   0.46004708
-31.27228266  20.11054600   0.46009330
-31.17228266  20.11148884   0.46014045
-31.07228266  20.11245041   0.46018853
-30.97228266  20.11343101   0.46023757
-30.87228266  20.11443095   0.46028757
-30.77228266  20.11545056   0.46033856
-30.67228266  20.11649016   0.46039054
-30.57228266  20.11755006   0.46044354
-30.47228266  20.11863061   0.46049757
-30.37228266  20.11973212   0.46055266
-30.27228266  20.12085495   0.46060880
-30.17228266  20.12199942   0.46066603
-30.07228266  20.12316588   0.46072436
-29.97228266  20.12435468   0.46078381
-29.87228266  20.12556617   0.46084439
-29.77228266  20.12680070   0.46090612
-29.67228266  20.12805864   0.46096903
-29.57228266  20.12934035   0.46103312
-29.47228266  20.13064619   0.46109842
-29.37228266  20.13197653   0.46116494
-29.27228266  20.13333175   0.46123271
-29.17228266  20.13471223   0.46130174
-29.07228266  20.13611835   0.46137205
-28.97228266  20.13755049   0.46144367
-28.87228266  20.13900905   0.46151660
-28.77228266  20.14049441   0.46159088
-28.67228266  20.14200698   0.46166651
-28.57228266  20.14354716   0.46174353
-28.47228266  20.14511535   0.46182195
-28.37228266  20.14671195   0.46190179
-28.27228266  20.14833739   0.46198307
-28.17228266  20.14999208   0.46206581
-28.07228266  20.15167643   0.46215004
-27.97228266  20.15339088   0.46223577
-27.87228266  20.15513585   0.46232303
-27.77228266  20.15691177   0.46241183
-27.67228266  20.15871907   0.46250221
-27.57228266  20.16055820   0.46259417
-27.47228266  20.16242960   0.46268775
-27.37228266  20.16433371   0.46278297
-27.27228266  20.16627098   0.46287984
-27.17228266  20.16824187   0.46297840
-27.07228266  20.17024683   0.46307865
-26.97228266  20.17228633   0.46318064
-26.87228266  20.17436082   0.46328437
-26.77228266  20.17647078   0.46338988
-26.67228266  20.17861667   0.46349719
-26.57228266  20.18079897   0.46360632
-26.47228266  20.18301817   0.46371729
-26.37228266  20.18527473   0.46383013
-26.27228266  20.18756914   0.46394486
-26.17228266  20.18990189   0.46406151
-26.07228266  20.19227348   0.46418010
-25.97228266  20.19468439   0.46430066
-25.87228266  20.19713513   0.46442321
-25.77228266  20.19962619   0.46454777
-25.67228266  20.20215809   0.46467438
-25.57228266  20.20473131   0.46480306
-25.47228266  20.20734639   0.46493382
-25.37228266  20.21000382   0.46506671
-25.27228266  20.21270412   0.46520174
-25.17228266  20.21544782   0.46533894
-25.07228266  20.21823543   0.46547833
-24.97228266  20.22106748   0.46561995
-24.87228266  20.22394450   0.46576382
-24.77228266  20.22686701   0.46590996
-24.67228266  20.22983555   0.46605840
-24.57228266  20.23285065   0.46620917
-24.47228266  20.23591285   0.46636230
-24.37228266  20.23902268   0.46651780
-24.27228266  20.24218070   0.46667572
-24.17228266  20.24538745   0.46683607
-24.07228266  20.24864346   0.46699889
-23.97228266  20.25194929   0.46716420
-23.87228266  20.25530549   0.46733203
-23.77228266  20.25871262   0.46750240
-23.67228266  20.26217122   0.46767535
-23.57228266  20.26568186   0.46785090
-23.47228266  20.26924508   0.46802908
-23.37228266  20.27286146   0.46820992
-23.27228266  20.27653155   0.46839344
-23.17228266  20.28025592   0.46857968
-23.07228266  20.28403512   0.46876866
-22.97228266  20.28786973   0.46896041
-22.87228266  20.29176031   0.46915496
-22.77228266  20.29570743   0.46935234
-22.67228266  20.29971166   0.46955257
-22.57228266  20.30377357   0.46975568
-22.47228266  20.30789373   0.46996171
-22.37228266  20.31207271   0.47017068
-22.27228266  20.31631109   0.47038263
-22.17228266  20.32060943   0.47059756
-22.07228266  20.32496831   0.47081553
-21.97228266  20.32938831   0.47103655
-21.87228266  20.33386999   0.47126066
-21.77228266  20.33841394   0.47148788
-21.67228266  20.34302073   0.47171825
-21.57228266  20.34769092   0.47195178
-21.47228266  20.35242511   0.47218851
-21.37228266  20.35722385   0.47242848
-21.27228266  20.36208772   0.47267169
-21.17228266  20.36701730   0.47291820
-21.07228266  20.37201317   0.47316802
-20.97228266  20.37707588   0.47342118
-20.87228266  20.38220601   0.47367771
-20.77228266  20.38740413   0.47393765
-20.67228266  20.39267082   0.47420101
-20.57228266  20.39800663   0.47446783
-20.47228266  20.40341214   0.47473813
-20.37228266  20.40888790   0.47501195
-20.27228266  20.41443449   0.47528931
-20.17228266  20.42005246   0.47557023
-20.07228266  20.42574238   0.47585476
-19.97228266  20.43150480   0.47614291
-19.87228266  20.43734028   0.47643471
-19.77228266  20.44324936   0.47673020
-19.67228266  20.44923261   0.47702939
-19.57228266  20.45529057   0.47733232
-19.47228266  20.46142379   0.47763901
-19.37228266  20.46763281   0.47794950
-19.27228266  20.47391816   0.47826380
-19.17228266  20.48028040   0.47858194
-19.07228266  20.48672004   0.47890396
-18.97228266  20.49323763   0.47922987
-18.87228266  20.49983369   0.47955971
-18.77228266  20.50650874   0.47989350
-18.67228266  20.51326331   0.48023126
-18.57228266  20.52009790   0.48057302
-18.47228266  20.52701304   0.48091882
-18.37228266  20.53400922   0.48126866
-18.27228266  20.54108696   0.48162259
-18.17228266  20.54824674   0.48198061
-18.07228266  20.55548908   0.48234277
-17.97228266  20.56281445   0.48270907
-17.87228266  20.57022334   0.48307956
-17.77228266  20.57771623   0.48345424
-17.67228266  20.58529359   0.48383315
-17.57228266  20.59295589   0.48421630
-17.47228266  20.60070361   0.48460373
-17.37228266  20.60853718   0.48499545
-17.27228266  20.61645708   0.48539148
-17.17228266  20.62446373   0.48579186
-17.07228266  20.63255759   0.48619659
-16.97228266  20.64073908   0.48660571
-16.87228266  20.64900864   0.48701923
-16.77228266  20.65736668   0.48743718
-16.67228266  20.66581361   0.48785957
-16.57228266  20.67434986   0.48828642
-16.47228266  20.68297580   0.48871777
-16.37228266  20.69169185   0.48915361
-16.27228266  20.70049837   0.48959399
-16.17228266  20.70939576   0.49003890
-16.07228266  20.71838438   0.49048838
-15.97228266  20.72746459   0.49094244
-15.87228266  20.73663676   0.49140109
-15.77228266  20.74590121   0.49186436
-15.67228266  20.75525831   0.49233227
-15.57228266  20.76470836   0.49280482
-15.47228266  20.77425170   0.49328203
-15.37228266  20.78388865   0.49376393
-15.27228266  20.79361949   0.49425052
-15.17228266  20.80344453   0.49474183
-15.07228266  20.81336406   0.49523786
-14.97228266  20.82337834   0.49573862
-14.87228266  20.83348766   0.49624414
-14.77228266  20.84369226   0.49675442
-14.67228266  20.85399240   0.49726948
-14.57228266  20.86438831   0.49778933
-14.47228266  20.87488022   0.49831398
-14.37228266  20.88546835   0.49884344
-14.27228266  20.89615292   0.49937773
-14.17228266  20.90693411   0.49991684
-14.07228266  20.91781211   0.50046080
-13.97228266  20.92878711   0.50100961
-13.87228266  20.93985927   0.50156327
-13.77228266  20.95102874   0.50212180
-13.67228266  20.96229566   0.50268521
-13.57228266  20.97366018   0.50325349
-13.47228266  20.98512242   0.50382667
-13.37228266  20.99668248   0.50440473
-13.27228266  21.00834047   0.50498769
-13.17228266  21.02009646   0.50557555
-13.07228266  21.03195055   0.50616832
-12.97228266  21.04390279   0.50676599
-12.87228266  21.05595324   0.50736857
-12.77228266  21.06810193   0.50797607
-12.67228266  21.08034889   0.50858848
-12.57228266  21.09269415   0.50920581
-12.47228266  21.10513771   0.50982805
-12.37228266  21.11767955   0.51045521
-12.27228266  21.13031965   0.51108728
-12.17228266  21.14305799   0.51172426
-12.07228266  21.15589451   0.51236616
-11.97228266  21.16882916   0.51301296
-11.87228266  21.18186186   0.51366466
-11.77228266  21.19499253   0.51432126
-11.67228266  21.20822108   0.51498276
-11.57228266  21.22154738   0.51564914
-11.47228266  21.23497132   0.51632041
-11.37228266  21.24849276   0.51699655
-11.27228266  21.26211154   0.51767756
-11.17228266  21.27582751   0.51836343
-11.07228266  21.28964048   0.51905415
-10.97228266  21.30355026   0.51974971
-10.87228266  21.31755666   0.52045010
-10.77228266  21.33165944   0.52115532
-10.67228266  21.34585838   0.52186534
-10.57228266  21.36015323   0.52258015
-10.47228266  21.37454374   0.52329975
-10.37228266  21.38902962   0.52402412
-10.27228266  21.40361059   0.52475325
-10.17228266  21.41828635   0.52548711
-10.07228266  21.43305658   0.52622570
 -9.97228266  21.44792095   0.52696900
 -9.87228266  21.46287913   0.52771698
 -9.77228266  21.47793075   0.52846964
 -9.67228266  21.49307543   0.52922696
 -9.57228266  21.50831281   0.52998890
 -9.47228266  21.52364246   0.53075547
 -9.37228266  21.53906399   0.53152662
 -9.27228266  21.55457696   0.53230235
 -9.17228266  21.57018094   0.53308263
 -9.07228266  21.58587545   0.53386744
 -8.97228266  21.60166005   0.53465675
 -8.87228266  21.61753423   0.53545054
 -8.77228266  21.63349750   0.53624879
 -8.67228266  21.64954935   0.53705146
 -8.57228266  21.66568926   0.53785854
 -8.47228266  21.68191667   0.53867000
 -8.37228266  21.69823105   0.53948580
 -8.27228266  21.71463181   0.54030592
 -8.17228266  21.73111838   0.54113034
 -8.07228266  21.74769015   0.54195901
 -7.97228266  21.76434653   0.54279192
 -7.87228266  21.78108688   0.54362902
 -7.77228266  21.79791057   0.54447030
 -7.67228266  21.81481694   0.54531570
 -7.57228266  21.83180534   0.54616521
 -7.47228266  21.84887507   0.54701879
 -7.37228266  21.86602545   0.54787639
 -7.27228266  21.88325578   0.54873800
 -7.17228266  21.90056533   0.54960357
 -7.07228266  21.91795337   0.55047306
 -6.97228266  21.93541916   0.55134644
 -6.87228266  21.95296193   0.55222367
 -6.77228266  21.97058091   0.55310471
 -6.67228266  21.98827533   0.55398952
 -6.57228266  22.00604438   0.55487807
 -6.47228266  22.02388724   0.55577030
 -6.37228266  22.04180310   0.55666619
 -6.27228266  22.05979113   0.55756568
 -6.17228266  22.07785046   0.55846874
 -6.07228266  22.09598025   0.55937533
 -5.97228266  22.11417961   0.56028539
 -5.87228266  22.13244767   0.56119889
 -5.77228266  22.15078352   0.56211578
 -5.67228266  22.16918626   0.56303601
 -5.57228266  22.18765496   0.56395954
 -5.47228266  22.20618869   0.56488632
 -5.37228266  22.22478651   0.56581631
 -5.27228266  22.24344746   0.56674945
 -5.17228266  22.26217058   0.56768571
 -5.07228266  22.28095489   0.56862502
 -4.97228266  22.29979939   0.56956734
 -4.87228266  22.31870310   0.57051263
 -4.77228266  22.33766499   0.57146082
 -4.67228266  22.35668405   0.57241187
 -4.57228266  22.37575925   0.57336573
 -4.47228266  22.39488955   0.57432235
 -4.37228266  22.41407389   0.57528166
 -4.27228266  22.43331121   0.57624363
 -4.17228266  22.45260045   0.57720819
 -4.07228266  22.47194052   0.57817529
 -3.97228266  22.49133034   0.57914489
 -3.87228266  22.51076880   0.58011691
 -3.77228266  22.53025481   0.58109131
 -3.67228266  22.54978723   0.58206803
 -3.57228266  22.56936496   0.58304702
 -3.47228266  22.58898685   0.58402822
 -3.37228266  22.60865177   0.58501157
 -3.27228266  22.62835856   0.58599701
 -3.17228266  22.64810608   0.58698449
 -3.07228266  22.66789315   0.58797394
 -2.97228266  22.68771860   0.58896532
 -2.87228266  22.70758126   0.58995856
 -2.77228266  22.72747995   0.59095359
 -2.67228266  22.74741346   0.59195037
 -2.57228266  22.76738060   0.59294883
 -2.47228266  22.78738016   0.59394891
 -2.37228266  22.80741094   0.59495056
 -2.27228266  22.82747172   0.59595370
 -2.17228266  22.84756127   0.59695828
 -2.07228266  22.86767837   0.59796424
 -1.97228266  22.88782178   0.59897152
 -1.87228266  22.90799027   0.59998005
 -1.77228266  22.92818260   0.60098977
 -1.67228266  22.94839751   0.60200062
 -1.57228266  22.96863375   0.60301254
 -1.47228266  22.98889008   0.60402546
 -1.37228266  23.00916523   0.60503932
 -1.27228266  23.02945793   0.60605406
 -1.17228266  23.04976693   0.60706962
 -1.07228266  23.07009095   0.60808592
 -0.97228266  23.09042873   0.60910292
 -0.87228266  23.11077898   0.61012054
 -0.77228266  23.13114043   0.61113871
 -0.67228266  23.15151181   0.61215739
 -0.57228266  23.17189182   0.61317649
 -0.47228266  23.19227919   0.61419597
 -0.37228266  23.21267264   0.61521575
 -0.27228266  23.23307088   0.61623577
 -0.17228266  23.25347262   0.61725596
 -0.07228266  23.27387658   0.61827626
  0.02771734  23.29428147   0.61929661
  0.12771734  23.31468600   0.62031695
  0.22771734  23.33508889   0.62133720
  0.32771734  23.35548885   0.62235730
  0.42771734  23.37588459   0.62337719
  0.52771734  23.39627483   0.62439681
  0.62771734  23.41665828   0.62541609
  0.72771734  23.43703366   0.62643496
  0.82771734  23.45739970   0.62745337
  0.92771734  23.47775510   0.62847125
  1.02771734  23.49809859   0.62948853
  1.12771734  23.51842890   0.63050515
  1.22771734  23.53874475   0.63152105
  1.32771734  23.55904487   0.63253616
  1.42771734  23.57932800   0.63355042
  1.52771734  23.59959287   0.63456377
  1.62771734  23.61983822   0.63557614
  1.72771734  23.64006279   0.63658748
  1.82771734  23.66026534   0.63759771
  1.92771734  23.68044460   0.63860678
  2.02771734  23.70059935   0.63961462
  2.12771734  23.72072832   0.64062117
  2.22771734  23.74083030   0.64162637
  2.32771734  23.76090406   0.64263017
  2.42771734  23.78094835   0.64363249
  2.52771734  23.80096198   0.64463327
  2.62771734  23.82094372   0.64563246
  2.72771734  23.84089237   0.64663000
  2.82771734  23.86080672   0.64762582
  2.92771734  23.88068558   0.64861986
  3.02771734  23.90052776   0.64961208
  3.12771734  23.92033208   0.65060240
  3.22771734  23.94009737   0.65159076
  3.32771734  23.95982245   0.65257712
  3.42771734  23.97950618   0.65356141
  3.52771734  23.99914738   0.65454357
  3.62771734  24.01874493   0.65552355
  3.72771734  24.03829769   0.65650129
  3.82771734  24.05780452   0.65747673
  3.92771734  24.07726430   0.65844982
  4.02771734  24.09667594   0.65942050
  4.12771734  24.11603831   0.66038872
  4.22771734  24.13535034   0.66135443
  4.32771734  24.15461093   0.66231756
  4.42771734  24.17381902   0.66327806
  4.52771734  24.19297353   0.66423588
  4.62771734  24.21207341   0.66519098
  4.72771734  24.23111762   0.66614329
  4.82771734  24.25010512   0.66709276
  4.92771734  24.26903488   0.66803935
  5.02771734  24.28790589   0.66898300
  5.12771734  24.30671715   0.66992366
  5.22771734  24.32546765   0.67086128
  5.32771734  24.34415643   0.67179581
  5.42771734  24.36278251   0.67272721
  5.52771734  24.38134492   0.67365543
  5.62771734  24.39984272   0.67458042
  5.72771734  24.41827497   0.67550213
  5.82771734  24.43664074   0.67642051
  5.92771734  24.45493912   0.67733552
  6.02771734  24.47316921   0.67824712
  6.12771734  24.49133011   0.67915526
  6.22771734  24.50942095   0.68005990
  6.32771734  24.52744086   0.68096099
  6.42771734  24.54538898   0.68185849
  6.52771734  24.56326448   0.68275235
  6.62771734  24.58106653   0.68364255
  6.72771734  24.59879430   0.68452903
  6.82771734  24.61644700   0.68541176
  6.92771734  24.63402383   0.68629069
  7.02771734  24.65152402   0.68716579
  7.12771734  24.66894680   0.68803702
  7.22771734  24.68629143   0.68890434
  7.32771734  24.70355715   0.68976772
  7.42771734  24.72074325   0.69062711
  7.52771734  24.73784901   0.69148249
  7.62771734  24.75487374   0.69233381
  7.72771734  24.77181675   0.69318105
  7.82771734  24.78867737   0.69402417
  7.92771734  24.80545495   0.69486314
  8.02771734  24.82214883   0.69569792
  8.12771734  24.83875839   0.69652848
  8.22771734  24.85528301   0.69735480
  8.32771734  24.87172209   0.69817683
  8.42771734  24.88807504   0.69899457
  8.52771734  24.90434129   0.69980796
  8.62771734  24.92052027   0.70061700
  8.72771734  24.93661144   0.70142164
  8.82771734  24.95261427   0.70222186
  8.92771734  24.96852824   0.70301764
  9.02771734  24.98435284   0.70380895
  9.12771734  25.00008758   0.70459577
  9.22771734  25.01573199   0.70537807
  9.32771734  25.03128561   0.70615583
  9.42771734  25.04674799   0.70692902
  9.52771734  25.06211869   0.70769763
  9.62771734  25.07739731   0.70846164
  9.72771734  25.09258342   0.70922102
  9.82771734  25.10767665   0.70997575
  9.92771734  25.12267661   0.71072582
 10.02771734  25.13758296   0.71147120
 10.12771734  25.15239533   0.71221189
 10.22771734  25.16711340   0.71294786
 10.32771734  25.18173685   0.71367909
 10.42771734  25.19626538   0.71440557
 10.52771734  25.21069871   0.71512729
 10.62771734  25.22503655   0.71584424
 10.72771734  25.23927865   0.71655639
 10.82771734  25.25342477   0.71726373
 10.92771734  25.26747468   0.71796626
 11.02771734  25.28142817   0.71866396
 11.12771734  25.29528504   0.71935682
 11.22771734  25.30904511   0.72004483
 11.32771734  25.32270823   0.72072798
 11.42771734  25.33627423   0.72140626
 11.52771734  25.34974300   0.72207967
 11.62771734  25.36311442   0.72274819
 11.72771734  25.37638840   0.72341182
 11.82771734  25.38956485   0.72407055
 11.92771734  25.40264373   0.72472437
 12.02771734  25.41562499   0.72537328
 12.12771734  25.42850862   0.72601728
 12.22771734  25.44129463   0.72665635
 12.32771734  25.45398305   0.72729049
 12.42771734  25.46657392   0.72791971
 12.52771734  25.47906733   0.72854399
 12.62771734  25.49146339   0.72916333
 12.72771734  25.50376223   0.72977773
 12.82771734  25.51596402   0.73038718
 12.92771734  25.52806896   0.73099168
 13.02771734  25.54007728   0.73159123
 13.12771734  25.55198927   0.73218582
 13.22771734  25.56380525   0.73277545
 13.32771734  25.57552557   0.73336012
 13.42771734  25.58715066   0.73393983
 13.52771734  25.59868099   0.73451455
 13.62771734  25.61011709   0.73508430
 13.72771734  25.62145955   0.73564907
 13.82771734  25.63270904   0.73620884
 13.92771734  25.64386631   0.73676362
 14.02771734  25.65493220   0.73731338
 14.12771734  25.66590762   0.73785812
 14.22771734  25.67679362   0.73839783
 14.32771734  25.68759134   0.73893248
 14.42771734  25.69830204   0.73946207
 14.52771734  25.70892714   0.73998657
 14.62771734  25.71946820   0.74050596
 14.72771734  25.72992694   0.74102021
 14.82771734  25.74030527   0.74152929
 14.92771734  25.75060530   0.74203317
 15.02771734  25.76082934   0.74253180
 15.12771734  25.77097997   0.74302514
 15.22771734  25.78106001   0.74351314
 15.32771734  25.79107256   0.74399575
 15.42771734  25.80102105   0.74447289
 15.52771734  25.81090925   0.74494450
 15.62771734  25.82074128   0.74541048
 15.72771734  25.83052170   0.74587076
 15.82771734  25.84025548   0.74632523
 15.92771734  25.84994808   0.74677377
 16.02771734  25.85960548   0.74721627
 16.12771734  25.86923423   0.74765257
 16.22771734  25.87884149   0.74808253
 16.32771734  25.88843507   0.74850597
 16.42771734  25.89802352   0.74892271
 16.52771734  25.90761613   0.74933254
 16.62771734  25.91722305   0.74973523
 16.72771734  25.92685533   0.75013053
 16.82771734  25.93652496   0.75051817
 16.92771734  25.94624500   0.75089784
 17.02771734  25.95602959   0.75126922
 17.12771734  25.96589408   0.75163196
 17.22771734  25.97585511   0.75198565
 17.32771734  25.98593067   0.75232988
 17.42771734  25.99614019   0.75266419
 17.52771734  26.00650467   0.75298807
 17.62771734  26.01704677   0.75330100
 17.72771734  26.02779087   0.75360238
 17.82771734  26.03876325   0.75389158
 17.92771734  26.04999212   0.75416792
 18.02771734  26.06150780   0.75443066
 18.12771734  26.07334280   0.75467903
 18.22771734  26.08553196   0.75491217
 18.32771734  26.09811254   0.75512917
 18.42771734  26.11112439   0.75532906
 18.52771734  26.12461004   0.75551079
 18.62771734  26.13861484   0.75567326
 18.72771734  26.15318708   0.75581528
 18.82771734  26.16837813   0.75593558
 18.92771734  26.18424257   0.75603281
 19.02771734  26.20083831   0.75610555
 19.12771734  26.21822668   0.75615227
 19.22771734  26.23647264   0.75617138
 19.32771734  26.25564481   0.75616116
 19.42771734  26.27581564   0.75611982
 19.52771734  26.29706148   0.75604546
 19.62771734  26.31946273   0.75593608
 19.72771734  26.34310391   0.75578958
 19.82771734  26.36807372   0.75560374
 19.92771734  26.39446519   0.75537625
 20.02771734  26.42237570   0.75510468
 20.12771734  26.45190702   0.75478649
 20.22771734  26.48316543   0.75441901
 20.32771734  26.51626165   0.75399949
 20.42771734  26.55131096   0.75352503
 20.52771734  26.58843312   0.75299265
 20.62771734  26.62775240   0.75239922
 20.72771734  26.66939750   0.75174153
 20.82771734  26.71350154   0.75101624
 20.92771734  26.76020197   0.75021989
 21.02771734  26.80964044   0.74934895
 21.12771734  26.86196272   0.74839976
 21.22771734  26.91731852   0.74736855
 21.32771734  26.97586134   0.74625147
 21.42771734  27.03774826   0.74504458
 21.52771734  27.10313974   0.74374385
 21.62771734  27.17219932   0.74234518
 21.72771734  27.24509339   0.74084437
 21.82771734  27.32199087   0.73923719
 21.92771734  27.40306285   0.73751934
 22.02771734  27.48848226   0.73568648
 22.12771734  27.57842346   0.73373421
 22.22771734  27.67306182   0.73165813
 22.32771734  27.77257328   0.72945383
 22.42771734  27.87713386   0.72711686
 22.52771734  27.98691919   0.72464283
 22.62771734  28.10210395   0.72202734
 22.72771734  28.22286132   0.71926603
 22.82771734  28.34936245   0.71635461
 22.92771734  28.48177582   0.71328884
 23.02771734  28.62026663   0.71006457
 23.12771734  28.76499620   0.70667776
 23.22771734  28.91612130   0.70312445
 23.32771734  29.07379350   0.69940085
 23.42771734  29.23815847   0.69550331
 23.52771734  29.40935538   0.69142833
 23.62771734  29.58751611   0.68717261
 23.72771734  29.77276468   0.68273304
 23.82771734  29.96521648   0.67810674
 23.92771734  30.16497764   0.67329105
 24.02771734  30.37214435   0.66828357
 24.12771734  30.58680222   0.66308218
 24.22771734  30.80902559   0.65768502
 24.32771734  31.03887699   0.65209055
 24.42771734  31.27640645   0.64629755
 24.52771734  31.52165101   0.64030511
 24.62771734  31.77463413   0.63411268
 24.72771734  32.03536518   0.62772005
 24.82771734  32.30383901   0.62112741
 24.92771734  32.58003547   0.61433531
 25.02771734  32.86391905   0.60734468
 25.12771734  33.15543856   0.60015686
 25.22771734  33.45452679   0.59277360
 25.32771734  33.76110031   0.58519706
 25.42771734  34.07505928   0.57742981
 25.52771734  34.39628735   0.56947485
 25.62771734  34.72465152   0.56133558
 25.72771734  35.06000225   0.55301584
 25.82771734  35.40217342   0.54451988
 25.92771734  35.75098251   0.53585239
 26.02771734  36.10623076   0.52701843
 26.12771734  36.46770345   0.51802350
 26.22771734  36.83517019   0.50887349
 26.32771734  37.20838534   0.49957465
 26.42771734  37.58708842   0.49013366
 26.52771734  37.97100464   0.48055750
 26.62771734  38.35984546   0.47085355
 26.72771734  38.75330925   0.46102950
 26.82771734  39.15108194   0.45109336
 26.92771734  39.55283779   0.44105342
 27.02771734  39.95824019   0.43091827
 27.12771734  40.36694249   0.42069674
 27.22771734  40.77858890   0.41039790
 27.32771734  41.19281541   0.40003102
 27.42771734  41.60925079   0.38960556
 27.52771734  42.02751757   0.37913113
 27.62771734  42.44723306   0.36861749
 27.72771734  42.86801046   0.35807447
 27.82771734  43.28945988   0.34751202
 27.92771734  43.71118944   0.33694011
 28.02771734  44.13280642   0.32636874
 28.12771734  44.55391829   0.31580791
 28.22771734  44.97413387   0.30526758
 28.32771734  45.39306439   0.29475765
 28.42771734  45.81032462   0.28428792
 28.52771734  46.22553386   0.27386810
 28.62771734  46.63831710   0.26350773
 28.72771734  47.04830592   0.25321619
 28.82771734  47.45513957   0.24300268
 28.92771734  47.85846590   0.23287616
 29.02771734  48.25794225   0.22284535
 29.12771734  48.65323637   0.21291872
 29.22771734  49.04402718   0.20310445
 29.32771734  49.43000563   0.19341042
 29.42771734  49.81087534   0.18384417
 29.52771734  50.18635334   0.17441291
 29.62771734  50.55617059   0.16512350
 29.72771734  50.92007263   0.15598243
 29.82771734  51.27781997   0.14699581
 29.92771734  51.62918858   0.13816934
 30.02771734  51.97397020   0.12950835
 30.12771734  52.31197266   0.12101773
 30.22771734  52.64302010   0.11270198
 30.32771734  52.96695312   0.10456516
 30.42771734  53.28362889   0.09661093
 30.52771734  53.59292118   0.08884252
 30.62771734  53.89472032   0.08126274
 30.72771734  54.18893315   0.07387397
 30.82771734  54.47548283   0.06667819
 30.92771734  54.75430863   0.05967698
 31.02771734  55.02536572   0.05287148
 31.12771734  55.28862482   0.04626246
 31.22771734  55.54407185   0.03985032
 31.32771734  55.79170754   0.03363504
 31.42771734  56.03154694   0.02761628
 31.52771734  56.26361899   0.02179332
 31.62771734  56.48796596   0.01616511
 31.72771734  56.70464291   0.01073027
 31.82771734  56.91371710   0.00548712
 31.92771734  57.11526737   0.00043369
 32.02771734  57.30938355  -0.00443230
 32.12771734  57.49616576  -0.00911336
 32.22771734  57.67572382  -0.01361225
 32.32771734  57.84817648  -0.01793197
 32.42771734  58.01365083  -0.02207573
 32.52771734  58.17228158  -0.02604692
 32.62771734  58.32421038  -0.02984912
 32.72771734  58.46958514  -0.03348607
 32.82771734  58.60855937  -0.03696164
 32.92771734  58.74129148  -0.04027983
 33.02771734  58.86794417  -0.04344476
 33.12771734  58.98868377  -0.04646063
 33.22771734  59.10367960  -0.04933172
 33.32771734  59.21310339  -0.05206236
 33.42771734  59.31712870  -0.05465696
 33.52771734  59.41593031  -0.05711992
 33.62771734  59.50968374  -0.05945568
 33.72771734  59.59856467  -0.06166869
 33.82771734  59.68274853  -0.06376338
 33.92771734  59.76240996  -0.06574417
 34.02771734  59.83772240  -0.06761545
 34.12771734  59.90885771  -0.06938156
 34.22771734  59.97598575  -0.07104679
 34.32771734  60.03927406  -0.07261539
 34.42771734  60.09888751  -0.07409152
 34.52771734  60.15498800  -0.07547928
 34.62771734  60.20773426  -0.07678268
 34.72771734  60.25728150  -0.07800564
 34.82771734  60.30378130  -0.07915201
 34.92771734  60.34738137  -0.08022551
 35.02771734  60.38822538  -0.08122978
 35.12771734  60.42645288  -0.08216834
 35.22771734  60.46219911  -0.08304462
 35.32771734  60.49559499  -0.08386193
 35.42771734  60.52676699  -0.08462345
 35.52771734  60.55583710  -0.08533229
 35.62771734  60.58292284  -0.08599139
 35.72771734  60.60813717  -0.08660363
 35.82771734  60.63158858  -0.08717174
 35.92771734  60.65338108  -0.08769835
 36.02771734  60.67361420  -0.08818597
 36.12771734  60.69238310  -0.08863701
 36.22771734  60.70977861  -0.08905376
 36.32771734  60.72588728  -0.08943841
 36.42771734  60.74079151  -0.08979304
 36.52771734  60.75456961  -0.09011961
 36.62771734  60.76729588  -0.09042002
 36.72771734  60.77904080  -0.09069604
 36.82771734  60.78987103  -0.09094935
 36.92771734  60.79984961  -0.09118153
 37.02771734  60.80903607  -0.09139409
 37.12771734  60.81748651  -0.09158845
 37.22771734  60.82525377  -0.09176594
 37.32771734  60.83238753  -0.09192780
 37.42771734  60.83893447  -0.09207521
 37.52771734  60.84493837  -0.09220928
 37.62771734  60.85044024  -0.09233103
 37.72771734  60.85547847  -0.09244143
 37.82771734  60.86008891  -0.09254139
 37.92771734  60.86430505  -0.09263174
 38.02771734  60.86815810  -0.09271327
 38.12771734  60.87167713  -0.09278671
 38.22771734  60.87488918  -0.09285273
 38.32771734  60.87781935  -0.09291196
 38.42771734  60.88049096  -0.09296500
 38.52771734  60.88292558  -0.09301237
 38.62771734  60.88514323  -0.09305459
 38.72771734  60.88716238  -0.09309210
 38.82771734  60.88900010  -0.09312534
 38.92771734  60.89067215  -0.09315470
 39.02771734  60.89219305  -0.09318054
 39.12771734  60.89357615  -0.09320319
 39.22771734  60.89483374  -0.09322296
 39.32771734  60.89597710  -0.09324013
 39.42771734  60.89701657  -0.09325495
 39.52771734  60.89796166  -0.09326766
 39.62771734  60.89882103  -0.09327847
 39.72771734  60.89960264  -0.09328758
 39.82771734  60.90031373  -0.09329517
 39.92771734  60.90096093  -0.09330139
 40.02771734  60.90155026  -0.09330640
 40.12771734  60.90208723  -0.09331033
 40.22771734  60.90257683  -0.09331329
 40.32771734  60.90302361  -0.09331541
 40.42771734  60.90343169  -0.09331678
 40.52771734  60.90380481  -0.09331748
 40.62771734  60.90414636  -0.09331761
 40.72771734  60.90445941  -0.09331723
 40.82771734  60.90474674  -0.09331641
 40.92771734  60.90501086  -0.09331520
 41.02771734  60.90525403  -0.09331366
 41.12771734  60.90547829  -0.09331185
 41.22771734  60.90568548  -0.09330979
 41.32771734  60.90587727  -0.09330752
 41.42771734  60.90605515  -0.09330509
 41.52771734  60.90622045  -0.09330252
 41.62771734  60.90637439  -0.09329983
 41.72771734  60.90651805  -0.09329706
 41.82771734  60.90665239  -0.09329421
 41.92771734  60.90677830  -0.09329131
 42.02771734  60.90689654  -0.09328838
 42.12771734  60.90700783  -0.09328543
 42.22771734  60.90711280  -0.09328246
 42.32771734  60.90721199  -0.09327950
 42.42771734  60.90730592  -0.09327655
 42.52771734  60.90739503  -0.09327362
 42.62771734  60.90747974  -0.09327071
 42.72771734  60.90756039  -0.09326784
 42.82771734  60.90763732  -0.09326500
 42.92771734  60.90771081  -0.09326220
 43.02771734  60.90778112  -0.09325945
 43.12771734  60.90784848  -0.09325674
 43.22771734  60.90791311  -0.09325408
 43.32771734  60.90797518  -0.09325148
 43.42771734  60.90803488  -0.09324892
 43.52771734  60.90809234  -0.09324642
 43.62771734  60.90814771  -0.09324397
 43.72771734  60.90820111  -0.09324158
 43.82771734  60.90825265  -0.09323924
 43.92771734  60.90830243  -0.09323696
 44.02771734  60.90835055  -0.09323473
 44.12771734  60.90839708  -0.09323255
 44.22771734  60.90844211  -0.09323043
 44.32771734  60.90848570  -0.09322836
 44.42771734  60.90852792  -0.09322635
 44.52771734  60.90856882  -0.09322439
 44.62771734  60.90860846  -0.09322247
 44.72771734  60.90864689  -0.09322061
 44.82771734  60.90868416  -0.09321880
 44.92771734  60.90872031  -0.09321704
 45.02771734  60.90875537  -0.09321532
 45.12771734  60.90878940  -0.09321365
 45.22771734  60.90882242  -0.09321203
 45.32771734  60.90885447  -0.09321045
 45.42771734  60.90888557  -0.09320891
 45.52771734  60.90891577  -0.09320742
 45.62771734  60.90894508  -0.09320597
 45.72771734  60.90897354  -0.09320456
 45.82771734  60.90900117  -0.09320319
 45.92771734  60.90902799  -0.09320185
 46.02771734  60.90905404  -0.09320056
 46.12771734  60.90907932  -0.09319930
 46.22771734  60.90910387  -0.09319808
 46.32771734  60.90912771  -0.09319689
 46.42771734  60.90915085  -0.09319574
 46.52771734  60.90917332  -0.09319462
 46.62771734  60.90919514  -0.09319353
 46.72771734  60.90921631  -0.09319247
 46.82771734  60.90923687  -0.09319144
 46.92771734  60.90925683  -0.09319045
 47.02771734  60.90927620  -0.09318948
 47.12771734  60.90929500  -0.09318854
 47.22771734  60.90931325  -0.09318763
 47.32771734  60.90933096  -0.09318674
 47.42771734  60.90934815  -0.09318589
 47.52771734  60.90936484  -0.09318505
 47.62771734  60.90938103  -0.09318424
 47.72771734  60.90939674  -0.09318346
 47.82771734  60.90941198  -0.09318270
 47.92771734  60.90942677  -0.09318196
 48.02771734  60.90944112  -0.09318124
 48.12771734  60.90945504  -0.09318054
 48.22771734  60.90946854  -0.09317987
 48.32771734  60.90948164  -0.09317921
 48.42771734  60.90949434  -0.09317858
 48.52771734  60.90950667  -0.09317796
 48.62771734  60.90951862  -0.09317737
 48.72771734  60.90953021  -0.09317679
 48.82771734  60.90954145  -0.09317622
 48.92771734  60.90955234  -0.09317568
 49.02771734  60.90956291  -0.09317515
 49.12771734  60.90957315  -0.09317464
 49.22771734  60.90958309  -0.09317414
 49.32771734  60.90959272  -0.09317366
 49.42771734  60.90960205  -0.09317319
 49.52771734  60.90961110  -0.09317274
 49.62771734  60.90961987  -0.09317230
 49.72771734  60.90962836  -0.09317188
 49.82771734  60.90963660  -0.09317147
 49.92771734  60.90964458  -0.09317107
 50.02771734  60.90965232  -0.09317068
 50.12771734  60.90965981  -0.09317031
 50.22771734  60.90966707  -0.09316994
 50.32771734  60.90967411  -0.09316959
 50.42771734  60.90968092  -0.09316925
 50.52771734  60.90968752  -0.09316892
 50.62771734  60.90969392  -0.09316860
 50.72771734  60.90970011  -0.09316829
 50.82771734  60.90970611  -0.09316799
 50.92771734  60.90971192  -0.09316770
 51.02771734  60.90971754  -0.09316742
 51.12771734  60.90972299  -0.09316715
 51.22771734  60.90972827  -0.09316688
 51.32771734  60.90973337  -0.09316663
 51.42771734  60.90973832  -0.09316638
 51.52771734  60.90974311  -0.09316614
 51.62771734  60.90974774  -0.09316591
 51.72771734  60.90975223  -0.09316569
 51.82771734  60.90975657  -0.09316547
 51.92771734  60.90976077  -0.09316526
 52.02771734  60.90976484  -0.09316506
 52.12771734  60.90976877  -0.09316486
 52.22771734  60.90977258  -0.09316467
 52.32771734  60.90977627  -0.09316449
 52.42771734  60.90977983  -0.09316431
 52.52771734  60.90978328  -0.09316414
 52.62771734  60.90978662  -0.09316397
 52.72771734  60.90978985  -0.09316381
 52.82771734  60.90979298  -0.09316365
 52.92771734  60.90979600  -0.09316350
 53.02771734  60.90979892  -0.09316336
 53.12771734  60.90980175  -0.09316322
 53.22771734  60.90980448  -0.09316308
 53.32771734  60.90980713  -0.09316295
 53.42771734  60.90980969  -0.09316282
 53.52771734  60.90981216  -0.09316270
 53.62771734  60.90981455  -0.09316258
 53.72771734  60.90981686  -0.09316246
 53.82771734  60.90981910  -0.09316235
 53.92771734  60.90982126  -0.09316225
 54.02771734  60.90982335  -0.09316214
 54.12771734  60.90982537  -0.09316204
 54.22771734  60.90982732  -0.09316194
 54.32771734  60.90982921  -0.09316185
 54.42771734  60.90983104  -0.09316176
 54.52771734  60.90983280  -0.09316167
 54.62771734  60.90983451  -0.09316159
 54.72771734  60.90983615  -0.09316151
 54.82771734  60.90983775  -0.09316143
 54.92771734  60.90983929  -0.09316135
 55.02771734  60.90984077  -0.09316128
 55.12771734  60.90984221  -0.09316121
 55.22771734  60.90984360  -0.09316114
 55.32771734  60.90984494  -0.09316108
 55.42771734  60.90984624  -0.09316101
 55.52771734  60.90984750  -0.09316095
 55.62771734  60.90984871  -0.09316089
 55.72771734  60.90984988  -0.09316083
 55.82771734  60.90985101  -0.09316078
 55.92771734  60.90985211  -0.09316073
 56.02771734  60.90985316  -0.09316068
 56.12771734  60.90985419  -0.09316063
 56.22771734  60.90985517  -0.09316058
 56.32771734  60.90985613  -0.09316053
 56.42771734  60.90985705  -0.09316049
 56.52771734  60.90985794  -0.09316045
 56.62771734  60.90985881  -0.09316041
 56.72771734  60.90985964  -0.09316037
 56.82771734  60.90986045  -0.09316033
 56.92771734  60.90986123  -0.09316029
 57.02771734  60.90986198  -0.09316026
 57.12771734  60.90986271  -0.09316023
 57.22771734  60.90986342  -0.09316019
 57.32771734  60.90986410  -0.09316016
 57.42771734  60.90986477  -0.09316013
 57.52771734  60.90986541  -0.09316011
 57.62771734  60.90986603  -0.09316008
 57.72771734  60.90986663  -0.09316005
 57.82771734  60.90986721  -0.09316003
 57.92771734  60.90986778  -0.09316000
 58.02771734  60.90986832  -0.09315998
 58.12771734  60.90986886  -0.09315996
 58.22771734  60.90986937  -0.09315994
 58.32771734  60.90986987  -0.09315992
 58.42771734  60.90987036  -0.09315990
 58.52771734  60.90987083  -0.09315988
 58.62771734  60.90987129  -0.09315987
 58.72771734  60.90987174  -0.09315985
 58.82771734  60.90987217  -0.09315983
 58.92771734  60.90987260  -0.09315982
 59.02771734  60.90987301  -0.09315981
 59.12771734  60.90987341  -0.09315979
 59.22771734  60.90987381  -0.09315978
 59.32771734  60.90987419  -0.09315977
 59.42771734  60.90987457  -0.09315976
 59.52771734  60.90987494  -0.09315975
 59.62771734  60.90987530  -0.09315974
 59.72771734  60.90987566  -0.09315974
 59.82771734  60.90987601  -0.09315973
 59.92771734  60.90987635  -0.09315972
 60.02771734  60.90987669  -0.09315972
 60.12771734  60.90987702  -0.09315971
 60.22771734  60.90987735  -0.09315971
 60.32771734  60.90987768  -0.09315970
 60.42771734  60.90987800  -0.09315970
 60.52771734  60.90987832  -0.09315970
 60.62771734  60.90987864  -0.09315970
 60.72771734  60.90987895  -0.09315970
 60.82771734  60.90987927  -0.09315970
 60.92771734  60.90987958  -0.09315970
 61.02771734  60.90987989  -0.09315970
 61.12771734  60.90988021  -0.09315970
 61.22771734  60.90988052  -0.09315971
 61.32771734  60.90988084  -0.09315971
 61.42771734  60.90988116  -0.09315972
 61.52771734  60.90988148  -0.09315972
 61.62771734  60.90988180  -0.09315973
 61.72771734  60.90988212  -0.09315973
 61.82771734  60.90988245  -0.09315974
 61.92771734  60.90988279  -0.09315975
 62.02771734  60.90988313  -0.09315976
 62.12771734  60.90988347  -0.09315977
 62.22771734  60.90988382  -0.09315978
 62.32771734  60.90988418  -0.09315979
 62.42771734  60.90988454  -0.09315981
 62.52771734  60.90988491  -0.09315982
 62.62771734  60.90988529  -0.09315984
 62.72771734  60.90988568  -0.09315985
 62.82771734  60.90988608  -0.09315987
 62.92771734  60.90988649  -0.09315989
 63.02771734  60.90988690  -0.09315991
 63.12771734  60.90988733  -0.09315993
 63.22771734  60.90988778  -0.09315995
 63.32771734  60.90988823  -0.09315997
 63.42771734  60.90988870  -0.09315999
 63.52771734  60.90988918  -0.09316002
 63.62771734  60.90988968  -0.09316004
 63.72771734  60.90989019  -0.09316007
 63.82771734  60.90989072  -0.09316010
 63.92771734  60.90989127  -0.09316013
 64.02771734  60.90989184  -0.09316016
 64.12771734  60.90989242  -0.09316020
 64.22771734  60.90989303  -0.09316023
 64.32771734  60.90989365  -0.09316027
 64.42771734  60.90989430  -0.09316031
 64.52771734  60.90989497  -0.09316035
 64.62771734  60.90989567  -0.09316039
 64.72771734  60.90989639  -0.09316043
 64.82771734  60.90989713  -0.09316048
 64.92771734  60.90989791  -0.09316052
 65.02771734  60.90989871  -0.09316057
 65.12771734  60.90989954  -0.09316062
 65.22771734  60.90990040  -0.09316068
 65.32771734  60.90990130  -0.09316073
 65.42771734  60.90990223  -0.09316079
 65.52771734  60.90990319  -0.09316085
 65.62771734  60.90990419  -0.09316092
 65.72771734  60.90990522  -0.09316098
 65.82771734  60.90990630  -0.09316105
 65.92771734  60.90990742  -0.09316112
 66.02771734  60.90990857  -0.09316120
 66.12771734  60.90990978  -0.09316128
 66.22771734  60.90991102  -0.09316136
 66.32771734  60.90991232  -0.09316144
 66.42771734  60.90991367  -0.09316153
 66.52771734  60.90991506  -0.09316162
 66.62771734  60.90991651  -0.09316171
 66.72771734  60.90991802  -0.09316181
 66.82771734  60.90991958  -0.09316191
 66.92771734  60.90992120  -0.09316202
 67.02771734  60.90992288  -0.09316213
 67.12771734  60.90992463  -0.09316224
 67.22771734  60.90992645  -0.09316236
 67.32771734  60.90992833  -0.09316249
 67.42771734  60.90993028  -0.09316262
 67.52771734  60.90993231  -0.09316275
 67.62771734  60.90993442  -0.09316289
 67.72771734  60.90993660  -0.09316303
 67.82771734  60.90993887  -0.09316318
 67.92771734  60.90994123  -0.09316334
 68.02771734  60.90994367  -0.09316350
 68.12771734  60.90994620  -0.09316367
 68.22771734  60.90994883  -0.09316384
 68.32771734  60.90995156  -0.09316402
 68.42771734  60.90995439  -0.09316421
 68.52771734  60.90995733  -0.09316440
 68.62771734  60.90996038  -0.09316460
 68.72771734  60.90996354  -0.09316481
 68.82771734  60.90996681  -0.09316503
 68.92771734  60.90997022  -0.09316526
 69.02771734  60.90997374  -0.09316549
 69.12771734  60.90997740  -0.09316573
 69.22771734  60.90998119  -0.09316599
 69.32771734  60.90998513  -0.09316625
 69.42771734  60.90998920  -0.09316652
 69.52771734  60.90999343  -0.09316680
 69.62771734  60.90999782  -0.09316709
 69.72771734  60.91000236  -0.09316739
 69.82771734  60.91000707  -0.09316770
 69.92771734  60.91001195  -0.09316803
 70.02771734  60.91001702  -0.09316836
 70.12771734  60.91002226  -0.09316871
 70.22771734  60.91002770  -0.09316907
 70.32771734  60.91003333  -0.09316945
 70.42771734  60.91003917  -0.09316984
 70.52771734  60.91004521  -0.09317024
 70.62771734  60.91005148  -0.09317065
 70.72771734  60.91005797  -0.09317109
 70.82771734  60.91006469  -0.09317153
 70.92771734  60.91007166  -0.09317200
 71.02771734  60.91007887  -0.09317248
 71.12771734  60.91008634  -0.09317297
 71.22771734  60.91009408  -0.09317349
 71.32771734  60.91010209  -0.09317402
 71.42771734  60.91011039  -0.09317457
 71.52771734  60.91011898  -0.09317514
 71.62771734  60.91012787  -0.09317573
 71.72771734  60.91013707  -0.09317635
 71.82771734  60.91014660  -0.09317698
 71.92771734  60.91015647  -0.09317764
 72.02771734  60.91016667  -0.09317832
 72.12771734  60.91017724  -0.09317902
 72.22771734  60.91018817  -0.09317975
 72.32771734  60.91019948  -0.09318050
 72.42771734  60.91021119  -0.09318128
 72.52771734  60.91022330  -0.09318208
 72.62771734  60.91023583  -0.09318292
 72.72771734  60.91024879  -0.09318378
 72.82771734  60.91026220  -0.09318467
 72.92771734  60.91027607  -0.09318559
 73.02771734  60.91029041  -0.09318655
 73.12771734  60.91030524  -0.09318753
 73.22771734  60.91032058  -0.09318855
 73.32771734  60.91033644  -0.09318961
 73.42771734  60.91035283  -0.09319070
 73.52771734  60.91036979  -0.09319183
 73.62771734  60.91038731  -0.09319299
 73.72771734  60.91040543  -0.09319420
 73.82771734  60.91042415  -0.09319544
 73.92771734  60.91044351  -0.09319673
 74.02771734  60.91046351  -0.09319806
 74.12771734  60.91048418  -0.09319944
 74.22771734  60.91050554  -0.09320086
 74.32771734  60.91052761  -0.09320233
 74.42771734  60.91055041  -0.09320384
 74.52771734  60.91057397  -0.09320541
 74.62771734  60.91059831  -0.09320703
 74.72771734  60.91062344  -0.09320870
 74.82771734  60.91064941  -0.09321043
 74.92771734  60.91067622  -0.09321222
 75.02771734  60.91070392  -0.09321406
 75.12771734  60.91073251  -0.09321596
 75.22771734  60.91076204  -0.09321792
 75.32771734  60.91079253  -0.09321995
 75.42771734  60.91082401  -0.09322205
 75.52771734  60.91085650  -0.09322421
 75.62771734  60.91089004  -0.09322644
 75.72771734  60.91092467  -0.09322875
 75.82771734  60.91096040  -0.09323112
 75.92771734  60.91099728  -0.09323358
 76.02771734  60.91103534  -0.09323611
 76.12771734  60.91107462  -0.09323872
 76.22771734  60.91111514  -0.09324142
 76.32771734  60.91115695  -0.09324420
 76.42771734  60.91120008  -0.09324707
 76.52771734  60.91124457  -0.09325003
 76.62771734  60.91129047  -0.09325308
 76.72771734  60.91133781  -0.09325623
 76.82771734  60.91138663  -0.09325948
 76.92771734  60.91143698  -0.09326283
 77.02771734  60.91148891  -0.09326629
 77.12771734  60.91154244  -0.09326985
 77.22771734  60.91159765  -0.09327352
 77.32771734  60.91165456  -0.09327731
 77.42771734  60.91171323  -0.09328121
 77.52771734  60.91177371  -0.09328523
 77.62771734  60.91183604  -0.09328938
 77.72771734  60.91190029  -0.09329366
 77.82771734  60.91196651  -0.09329806
 77.92771734  60.91203475  -0.09330260
 78.02771734  60.91210506  -0.09330728
 78.12771734  60.91217752  -0.09331210
 78.22771734  60.91225216  -0.09331707
 78.32771734  60.91232906  -0.09332219
 78.42771734  60.91240828  -0.09332746
 78.52771734  60.91248988  -0.09333289
 78.62771734  60.91257393  -0.09333848
 78.72771734  60.91266050  -0.09334424
 78.82771734  60.91274964  -0.09335017
 78.92771734  60.91284144  -0.09335628
 79.02771734  60.91293597  -0.09336257
 79.12771734  60.91303329  -0.09336904
 79.22771734  60.91313349  -0.09337571
 79.32771734  60.91323664  -0.09338257
 79.42771734  60.91334282  -0.09338964
 79.52771734  60.91345212  -0.09339691
 79.62771734  60.91356461  -0.09340439
 79.72771734  60.91368038  -0.09341209
 79.82771734  60.91379951  -0.09342002
 79.92771734  60.91392210  -0.09342818
 80.02771734  60.91404824  -0.09343657
 80.12771734  60.91417802  -0.09344520
 80.22771734  60.91431153  -0.09345409
 80.32771734  60.91444888  -0.09346323
 80.42771734  60.91459015  -0.09347263
 80.52771734  60.91473546  -0.09348229
 80.62771734  60.91488491  -0.09349224
 80.72771734  60.91503860  -0.09350246
 80.82771734  60.91519665  -0.09351298
 80.92771734  60.91535916  -0.09352379
 81.02771734  60.91552625  -0.09353491
 81.12771734  60.91569803  -0.09354634
 81.22771734  60.91587463  -0.09355809
 81.32771734  60.91605616  -0.09357017
 81.42771734  60.91624275  -0.09358258
 81.52771734  60.91643453  -0.09359534
 81.62771734  60.91663162  -0.09360845
 81.72771734  60.91683416  -0.09362193
 81.82771734  60.91704228  -0.09363578
 81.92771734  60.91725613  -0.09365000
 82.02771734  60.91747584  -0.09366462
 82.12771734  60.91770155  -0.09367964
 82.22771734  60.91793342  -0.09369507
 82.32771734  60.91817159  -0.09371091
 82.42771734  60.91841623  -0.09372719
 82.52771734  60.91866747  -0.09374391
 82.62771734  60.91892549  -0.09376107
 82.72771734  60.91919045  -0.09377870
 82.82771734  60.91946251  -0.09379680
 82.92771734  60.91974184  -0.09381539
 83.02771734  60.92002862  -0.09383447
 83.12771734  60.92032302  -0.09385406
 83.22771734  60.92062523  -0.09387417
 83.32771734  60.92093542  -0.09389480
 83.42771734  60.92125379  -0.09391599
 83.52771734  60.92158053  -0.09393773
 83.62771734  60.92191583  -0.09396004
 83.72771734  60.92225990  -0.09398293
 83.82771734  60.92261292  -0.09400642
 83.92771734  60.92297512  -0.09403051
 84.02771734  60.92334670  -0.09405524
 84.12771734  60.92372787  -0.09408060
 84.22771734  60.92411887  -0.09410661
 84.32771734  60.92451990  -0.09413330
 84.42771734  60.92493119  -0.09416066
 84.52771734  60.92535299  -0.09418872
 84.62771734  60.92578552  -0.09421750
 84.72771734  60.92622903  -0.09424701
 84.82771734  60.92668376  -0.09427727
 84.92771734  60.92714995  -0.09430828
 85.02771734  60.92762787  -0.09434008
 85.12771734  60.92811777  -0.09437268
 85.22771734  60.92861992  -0.09440609
 85.32771734  60.92913458  -0.09444033
 85.42771734  60.92966203  -0.09447542
 85.52771734  60.93020255  -0.09451139
 85.62771734  60.93075641  -0.09454824
 85.72771734  60.93132391  -0.09458600
 85.82771734  60.93190533  -0.09462468
 85.92771734  60.93250099  -0.09466431
 86.02771734  60.93311117  -0.09470491
 86.12771734  60.93373619  -0.09474650
 86.22771734  60.93437636  -0.09478909
 86.32771734  60.93503201  -0.09483271
 86.42771734  60.93570344  -0.09487739
 86.52771734  60.93639101  -0.09492313
 86.62771734  60.93709503  -0.09496997
 86.72771734  60.93781585  -0.09501793
 86.82771734  60.93855383  -0.09506703
 86.92771734  60.93930930  -0.09511730
 87.02771734  60.94008263  -0.09516875
 87.12771734  60.94087418  -0.09522142
 87.22771734  60.94168433  -0.09527532
 87.32771734  60.94251344  -0.09533049
 87.42771734  60.94336190  -0.09538694
 87.52771734  60.94423010  -0.09544470
 87.62771734  60.94511843  -0.09550381
 87.72771734  60.94602729  -0.09556428
 87.82771734  60.94695708  -0.09562614
 87.92771734  60.94790823  -0.09568942
 88.02771734  60.94888113  -0.09575416
 88.12771734  60.94987623  -0.09582036
 88.22771734  60.95089396  -0.09588808
 88.32771734  60.95193474  -0.09595733
 88.42771734  60.95299903  -0.09602814
 88.52771734  60.95408727  -0.09610054
 88.62771734  60.95519993  -0.09617457
 88.72771734  60.95633746  -0.09625026
 88.82771734  60.95750034  -0.09632763
 88.92771734  60.95868904  -0.09640672
 89.02771734  60.95990405  -0.09648756
 89.12771734  60.96114586  -0.09657018
 89.22771734  60.96241497  -0.09665462
 89.32771734  60.96371187  -0.09674091
 89.42771734  60.96503709  -0.09682908
 89.52771734  60.96639114  -0.09691917
 89.62771734  60.96777455  -0.09701122
 89.72771734  60.96918784  -0.09710525
 89.82771734  60.97063156  -0.09720131
 89.92771734  60.97210625  -0.09729943
 90.02771734  60.97361247  -0.09739964
 90.12771734  60.97515078  -0.09750199
 90.22771734  60.97672175  -0.09760652
 90.32771734  60.97832594  -0.09771325
 90.42771734  60.97996395  -0.09782223
 90.52771734  60.98163637  -0.09793351
 90.62771734  60.98334378  -0.09804711
 90.72771734  60.98508680  -0.09816308
 90.82771734  60.98686603  -0.09828146
 90.92771734  60.98868209  -0.09840229
 91.02771734  60.99053562  -0.09852561
 91.12771734  60.99242724  -0.09865147
 91.22771734  60.99435759  -0.09877991
 91.32771734  60.99632732  -0.09891096
 91.42771734  60.99833709  -0.09904468
 91.52771734  61.00038757  -0.09918111
 91.62771734  61.00247941  -0.09932029
 91.72771734  61.00461330  -0.09946226
 91.82771734  61.00678992  -0.09960708
 91.92771734  61.00900997  -0.09975479
 92.02771734  61.01127414  -0.09990544
 92.12771734  61.01358314  -0.10005907
 92.22771734  61.01593769  -0.10021573
 92.32771734  61.01833850  -0.10037546
 92.42771734  61.02078631  -0.10053833
 92.52771734  61.02328185  -0.10070437
 92.62771734  61.02582587  -0.10087363
 92.72771734  61.02841912  -0.10104617
 92.82771734  61.03106234  -0.10122204
 92.92771734  61.03375632  -0.10140128
 93.02771734  61.03650182  -0.10158395
 93.12771734  61.03929961  -0.10177010
 93.22771734  61.04215050  -0.10195978
 93.32771734  61.04505526  -0.10215305
 93.42771734  61.04801470  -0.10234995
 93.52771734  61.05102963  -0.10255055
 93.62771734  61.05410086  -0.10275489
 93.72771734  61.05722921  -0.10296303
 93.82771734  61.06041552  -0.10317503
 93.92771734  61.06366060  -0.10339094
 94.02771734  61.06696532  -0.10361082
 94.12771734  61.07033050  -0.10383472
 94.22771734  61.07375701  -0.10406270
 94.32771734  61.07724571  -0.10429482
 94.42771734  61.08079747  -0.10453113
 94.52771734  61.08441315  -0.10477170
 94.62771734  61.08809364  -0.10501658
 94.72771734  61.09183983  -0.10526583
 94.82771734  61.09565260  -0.10551951
 94.92771734  61.09953285  -0.10577768
 95.02771734  61.10348149  -0.10604040
 95.12771734  61.10749942  -0.10630773
 95.22771734  61.11158757  -0.10657974
 95.32771734  61.11574684  -0.10685647
 95.42771734  61.11997818  -0.10713800
 95.52771734  61.12428250  -0.10742438
 95.62771734  61.12866074  -0.10771569
 95.72771734  61.13311386  -0.10801197
 95.82771734  61.13764278  -0.10831330
 95.92771734  61.14224847  -0.10861974
 96.02771734  61.14693188  -0.10893135
 96.12771734  61.15169397  -0.10924819
 96.22771734  61.15653571  -0.10957033
 96.32771734  61.16145806  -0.10989784
 96.42771734  61.16646200  -0.11023077
 96.52771734  61.17154851  -0.11056920
 96.62771734  61.17671857  -0.11091319
 96.72771734  61.18197317  -0.11126280
 96.82771734  61.18731328  -0.11161810
 96.92771734  61.19273991  -0.11197915
 97.02771734  61.19825406  -0.11234603
 97.12771734  61.20385671  -0.11271880
 97.22771734  61.20954887  -0.11309753
 97.32771734  61.21533155  -0.11348227
 97.42771734  61.22120574  -0.11387311
 97.52771734  61.22717247  -0.11427010
 97.62771734  61.23323274  -0.11467332
 97.72771734  61.23938757  -0.11508282
 97.82771734  61.24563796  -0.11549869
 97.92771734  61.25198494  -0.11592098
 98.02771734  61.25842953  -0.11634976
 98.12771734  61.26497273  -0.11678511
 98.22771734  61.27161558  -0.11722709
 98.32771734  61.27835910  -0.11767576
 98.42771734  61.28520430  -0.11813120
 98.52771734  61.29215220  -0.11859347
 98.62771734  61.29920383  -0.11906264
 98.72771734  61.30636022  -0.11953878
 98.82771734  61.31362237  -0.12002196
 98.92771734  61.32099131  -0.12051225
 99.02771734  61.32846807  -0.12100971
 99.12771734  61.33605365  -0.12151440
 99.22771734  61.34374908  -0.12202641
 99.32771734  61.35155538  -0.12254579
 99.42771734  61.35947355  -0.12307261
 99.52771734  61.36750461  -0.12360695
 99.62771734  61.37564957  -0.12414886
 99.72771734  61.38390943  -0.12469842
 99.82771734  61.39228521  -0.12525569
 99.92771734  61.40077789  -0.12582073
100.02771734  61.40938848  -0.12639362
100.12771734  61.41811798  -0.12697442
100.22771734  61.42696737  -0.12756320
100.32771734  61.43593763  -0.12816001
100.42771734  61.44502976  -0.12876494
100.52771734  61.45424473  -0.12937803
100.62771734  61.46358351  -0.12999936
100.72771734  61.47304706  -0.13062899
100.82771734  61.48263635  -0.13126699
100.92771734  61.49235234  -0.13191341
101.02771734  61.50219597  -0.13256833
101.12771734  61.51216818  -0.13323179
101.22771734  61.52226992  -0.13390387
101.32771734  61.53250211  -0.13458463
101.42771734  61.54286567  -0.13527413
101.52771734  61.55336151  -0.13597242
101.62771734  61.56399056  -0.13667957
101.72771734  61.57475369  -0.13739564
101.82771734  61.58565181  -0.13812069
101.92771734  61.59668579  -0.13885477
102.02771734  61.60785650  -0.13959794
102.12771734  61.61916482  -0.14035027
102.22771734  61.63061158  -0.14111180
102.32771734  61.64219764  -0.14188259
102.42771734  61.65392383  -0.14266269
102.52771734  61.66579096  -0.14345217
102.62771734  61.67779986  -0.14425107
102.72771734  61.68995132  -0.14505945
102.82771734  61.70224613  -0.14587735
102.92771734  61.71468506  -0.14670484
103.02771734  61.72726889  -0.14754195
103.12771734  61.73999837  -0.14838874
103.22771734  61.75287423  -0.14924526
103.32771734  61.76589720  -0.15011155
103.42771734  61.77906800  -0.15098766
103.52771734  61.79238733  -0.15187364
103.62771734  61.80585587  -0.15276953
103.72771734  61.81947431  -0.15367537
103.82771734  61.83324328  -0.15459120
103.92771734  61.84716345  -0.15551707
104.02771734  61.86123544  -0.15645302
104.12771734  61.87545986  -0.15739909
104.22771734  61.88983731  -0.15835530
104.32771734  61.90436837  -0.15932171
104.42771734  61.91905362  -0.16029834
104.52771734  61.93389360  -0.16128524
104.62771734  61.94888884  -0.16228242
104.72771734  61.96403987  -0.16328993
104.82771734  61.97934718  -0.16430779
104.92771734  61.99481125  -0.16533603
105.02771734  62.01043257  -0.16637468
105.12771734  62.02621156  -0.16742377
105.22771734  62.04214866  -0.16848332
105.32771734  62.05824429  -0.16955335
105.42771734  62.07449884  -0.17063388
105.52771734  62.09091269  -0.17172494
105.62771734  62.10748619  -0.17282655
105.72771734  62.12421968  -0.17393871
105.82771734  62.14111348  -0.17506144
105.92771734  62.15816789  -0.17619476
106.02771734  62.17538320  -0.17733868
106.12771734  62.19275966  -0.17849321
106.22771734  62.21029752  -0.17965835
106.32771734  62.22799700  -0.18083412
106.42771734  62.24585831  -0.18202051
106.52771734  62.26388162  -0.18321753
106.62771734  62.28206711  -0.18442518
106.72771734  62.30041492  -0.18564345
106.82771734  62.31892516  -0.18687234
106.92771734  62.33759795  -0.18811185
107.02771734  62.35643337  -0.18936197
107.12771734  62.37543148  -0.19062269
107.22771734  62.39459234  -0.19189398
107.32771734  62.41391595  -0.19317585
107.42771734  62.43340233  -0.19446826
107.52771734  62.45305146  -0.19577120
107.62771734  62.47286332  -0.19708465
107.72771734  62.49283783  -0.19840858
107.82771734  62.51297494  -0.19974297
107.92771734  62.53327454  -0.20108777
108.02771734  62.55373654  -0.20244296
108.12771734  62.57436079  -0.20380850
108.22771734  62.59514714  -0.20518436
108.32771734  62.61609545  -0.20657048
108.42771734  62.63720550  -0.20796682
108.52771734  62.65847712  -0.20937333
108.62771734  62.67991007  -0.21078996
108.72771734  62.70150412  -0.21221666
108.82771734  62.72325902  -0.21365336
108.92771734  62.74517450  -0.21509999
109.02771734  62.76725027  -0.21655650
109.12771734  62.78948604  -0.21802281
109.22771734  62.81188150  -0.21949885
109.32771734  62.83443632  -0.22098453
109.42771734  62.85715015  -0.22247977
109.52771734  62.88002266  -0.22398448
109.62771734  62.90305347  -0.22549858
109.72771734  62.92624221  -0.22702195
109.82771734  62.94958850  -0.22855451
109.92771734  62.97309194  -0.23009614
110.02771734  62.99675214  -0.23164672
110.12771734  63.02056869  -0.23320615
110.22771734  63.04454117  -0.23477429
110.32771734  63.06866916  -0.23635101
110.42771734  63.09295225  -0.23793619
110.52771734  63.11739000  -0.23952967
110.62771734  63.14198200  -0.24113131
110.72771734  63.16672781  -0.24274095
110.82771734  63.19162701  -0.24435844
110.92771734  63.21667918  -0.24598359
111.02771734  63.24188390  -0.24761623
111.12771734  63.26724076  -0.24925619
111.22771734  63.29274936  -0.25090325
111.32771734  63.31840931  -0.25255723
111.42771734  63.34422022  -0.25421791
111.52771734  63.37018171  -0.25588508
111.62771734  63.39629345  -0.25755849
111.72771734  63.42255510  -0.25923793
111.82771734  63.44896633  -0.26092313
111.92771734  63.47552685  -0.26261384
112.02771734  63.50223640  -0.26430979
112.12771734  63.52909472  -0.26601070
112.22771734  63.55610161  -0.26771627
112.32771734  63.58325689  -0.26942620
112.42771734  63.61056039  -0.27114018
112.52771734  63.63801202  -0.27285787
112.62771734  63.66561171  -0.27457894
112.72771734  63.69335942  -0.27630301
112.82771734  63.72125518  -0.27802973
112.92771734  63.74929906  -0.27975869
113.02771734  63.77749118  -0.28148951
113.12771734  63.80583172  -0.28322176
113.22771734  63.83432092  -0.28495500
113.32771734  63.86295909  -0.28668878
113.42771734  63.89174659  -0.28842263
113.52771734  63.92068388  -0.29015606
113.62771734  63.94977147  -0.29188856
113.72771734  63.97900996  -0.29361960
113.82771734  64.00840005  -0.29534863
113.92771734  64.03794249  -0.29707507
114.02771734  64.06763817  -0.29879834
114.12771734  64.09748805  -0.30051781
114.22771734  64.12749320  -0.30223284
114.32771734  64.15765480  -0.30394277
114.42771734  64.18797414  -0.30564690
114.52771734  64.21845264  -0.30734452
114.62771734  64.24909182  -0.30903488
114.72771734  64.27989337  -0.31071719
114.82771734  64.31085907  -0.31239067
114.92771734  64.34199087  -0.31405448
115.02771734  64.37329086  -0.31570774
115.12771734  64.40476129  -0.31734957
115.22771734  64.43640457  -0.31897903
115.32771734  64.46822326  -0.32059515
115.42771734  64.50022010  -0.32219694
115.52771734  64.53239803  -0.32378336
115.62771734  64.56476016  -0.32535332
115.72771734  64.59730978  -0.32690572
115.82771734  64.63005040  -0.32843940
115.92771734  64.66298575  -0.32995316
116.02771734  64.69611973  -0.33144577
116.12771734  64.72945652  -0.33291594
116.22771734  64.76300048  -0.33436235
116.32771734  64.79675625  -0.33578361
116.42771734  64.83072868  -0.33717831
116.52771734  64.86492289  -0.33854498
116.62771734  64.89934428  -0.33988208
116.72771734  64.93399849  -0.34118806
116.82771734  64.96889145  -0.34246127
116.92771734  65.00402938  -0.34370005
117.02771734  65.03941880  -0.34490264
117.12771734  65.07506653  -0.34606726
117.22771734  65.11097970  -0.34719205
117.32771734  65.14716575  -0.34827509
117.42771734  65.18363249  -0.34931441
117.52771734  65.22038802  -0.35030797
117.62771734  65.25744081  -0.35125365
117.72771734  65.29479971  -0.35214929
117.82771734  65.33247389  -0.35299265
117.92771734  65.37047294  -0.35378142
118.02771734  65.40880679  -0.35451321
118.12771734  65.44748580  -0.35518557
118.22771734  65.48652071  -0.35579597
118.32771734  65.52592269  -0.35634182
118.42771734  65.56570331  -0.35682043
118.52771734  65.60587457  -0.35722904
118.62771734  65.64644892  -0.35756481
118.72771734  65.68743926  -0.35782482
118.82771734  65.72885891  -0.35800608
118.92771734  65.77072170  -0.35810548
119.02771734  65.81304190  -0.35811986
119.12771734  65.85583428  -0.35804596
119.22771734  65.89911407  -0.35788043
119.32771734  65.94289703  -0.35761982
119.42771734  65.98719939  -0.35726062
119.52771734  66.03203793  -0.35679919
119.62771734  66.07742991  -0.35623181
119.72771734  66.12339315  -0.35555469
119.82771734  66.16994597  -0.35476391
119.92771734  66.21710726  -0.35385546
120.02771734  66.26489644  -0.35282525
120.12771734  66.31333348  -0.35166908
120.22771734  66.36243892  -0.35038263
120.32771734  66.41223384  -0.34896152
120.42771734  66.46273992  -0.34740123
120.52771734  66.51397938  -0.34569716
120.62771734  66.56597505  -0.34384460
120.72771734  66.61875030  -0.34183874
120.82771734  66.67232913  -0.33967467
120.92771734  66.72673609  -0.33734735
121.02771734  66.78199634  -0.33485167
121.12771734  66.83813561  -0.33218240
121.22771734  66.89518025  -0.32933419
121.32771734  66.95315719  -0.32630161
121.42771734  67.01209394  -0.32307911
121.52771734  67.07201862  -0.31966104
121.62771734  67.13295994  -0.31604164
121.72771734  67.19494719  -0.31221506
121.82771734  67.25801026  -0.30817533
121.92771734  67.32217961  -0.30391639
122.02771734  67.38748630  -0.29943206
122.12771734  67.45396196  -0.29471608
122.22771734  67.52163877  -0.28976208
122.32771734  67.59054951  -0.28456358
122.42771734  67.66072749  -0.27911403
122.52771734  67.73220660  -0.27340675
122.62771734  67.80502123  -0.26743499
122.72771734  67.87920635  -0.26119191
122.82771734  67.95479743  -0.25467055
122.92771734  68.03183046  -0.24786389
123.02771734  68.11034191  -0.24076481
123.12771734  68.19036878  -0.23336610
123.22771734  68.27194850  -0.22566050
123.32771734  68.35511899  -0.21764063
123.42771734  68.43991861  -0.20929905
123.52771734  68.52638615  -0.20062826
123.62771734  68.61456079  -0.19162068
123.72771734  68.70448214  -0.18226864
123.82771734  68.79619015  -0.17256446
123.92771734  68.88972516  -0.16250035
124.02771734  68.98512780  -0.15206848
124.12771734  69.08243905  -0.14126100
124.22771734  69.18170016  -0.13006996
124.32771734  69.28295263  -0.11848741
124.42771734  69.38623824  -0.10650534
124.52771734  69.49159895  -0.09411572
124.62771734  69.59907691  -0.08131048
124.72771734  69.70871444  -0.06808153
124.82771734  69.82055398  -0.05442078
124.92771734  69.93463807  -0.04032009
125.02771734  70.05100933  -0.02577136
125.12771734  70.16971041  -0.01076644
125.22771734  70.29078396   0.00470276
125.32771734  70.41427262   0.02064438
125.42771734  70.54021895   0.03706648
125.52771734  70.66866542   0.05397714
125.62771734  70.79965436   0.07138440
125.72771734  70.93322794   0.08929625
125.82771734  71.06942812   0.10772065
125.92771734  71.20829661   0.12666550
126.02771734  71.34987485   0.14613864
126.12771734  71.49420392   0.16614785
126.22771734  71.64132459   0.18670084
126.32771734  71.79127717   0.20780523
126.42771734  71.94410157   0.22946856
126.52771734  72.09983717   0.25169827
126.62771734  72.25852285   0.27450169
126.72771734  72.42019690   0.29788606
126.82771734  72.58489700   0.32185848
126.92771734  72.75266015   0.34642592
127.02771734  72.92352268   0.37159524
127.12771734  73.09752014   0.39737313
127.22771734  73.27468728   0.42376615
127.32771734  73.45505804   0.45078067
127.42771734  73.63866546   0.47842292
127.52771734  73.82554163   0.50669895
127.62771734  74.01571770   0.53561461
127.72771734  74.20922378   0.56517557
127.82771734  74.40608892   0.59538730
127.92771734  74.60634105   0.62625505
128.02771734  74.81000696   0.65778386
128.12771734  75.01711224   0.68997855
128.22771734  75.22768121   0.72284369
128.32771734  75.44173695   0.75638363
128.42771734  75.65930117   0.79060246
128.52771734  75.88039421   0.82550401
128.62771734  76.10503503   0.86109184
128.72771734  76.33324109   0.89736925
128.82771734  76.56502838   0.93433927
128.92771734  76.80041134   0.97200461
129.02771734  77.03940283   1.01036771
129.12771734  77.28201412   1.04943071
129.22771734  77.52825479   1.08919543
129.32771734  77.77813275   1.12966339
129.42771734  78.03165420   1.17083577
129.52771734  78.28882355   1.21271344
129.62771734  78.54964344   1.25529694
129.72771734  78.81411469   1.29858644
129.82771734  79.08223624   1.34258180
129.92771734  79.35400518   1.38728252
130.02771734  79.62941666   1.43268774
130.12771734  79.90846391   1.47879624
130.22771734  80.19113821   1.52560644
130.32771734  80.47742883   1.57311641
130.42771734  80.76732305   1.62132381
130.52771734  81.06080612   1.67022596
130.62771734  81.35786126   1.71981978
130.72771734  81.65846961   1.77010182
130.82771734  81.96261025   1.82106823
130.92771734  82.27026018   1.87271481
131.02771734  82.58139430   1.92503693
131.12771734  82.89598540   1.97802959
131.22771734  83.21400417   2.03168741
131.32771734  83.53541917   2.08600461
131.42771734  83.86019687   2.14097500
131.52771734  84.18830159   2.19659203
131.62771734  84.51969556   2.25284874
131.72771734  84.85433890   2.30973779
131.82771734  85.19218961   2.36725143
131.92771734  85.53320361   2.42538156
132.02771734  85.87733471   2.48411965
132.12771734  86.22453467   2.54345683
132.22771734  86.57475319   2.60338382
132.32771734  86.92793792   2.66389097
132.42771734  87.28403450   2.72496826
132.52771734  87.64298656   2.78660531
132.62771734  88.00473576   2.84879136
132.72771734  88.36922182   2.91151529
132.82771734  88.73638251   2.97476564
132.92771734  89.10615374   3.03853058
133.02771734  89.47846954   3.10279795
133.12771734  89.85326214   3.16755527
133.22771734  90.23046195   3.23278969
133.32771734  90.60999766   3.29848806
133.42771734  90.99179623   3.36463692
133.52771734  91.37578298   3.43122249
133.62771734  91.76188158   3.49823070
133.72771734  92.15001415   3.56564718
133.82771734  92.54010127   3.63345728
133.92771734  92.93206205   3.70164609
134.02771734  93.32581418   3.77019843
134.12771734  93.72127398   3.83909884
134.22771734  94.11835645   3.90833167
134.32771734  94.51697533   3.97788099
134.42771734  94.91704317   4.04773067
134.52771734  95.31847138   4.11786436
134.62771734  95.72117029   4.18826553
134.72771734  96.12504921   4.25891743
134.82771734  96.53001650   4.32980316
134.92771734  96.93597964   4.40090566
135.02771734  97.34284529   4.47220768
135.12771734  97.75051935   4.54369186
135.22771734  98.15890704   4.61534072
135.32771734  98.56791296   4.68713664
135.42771734  98.97744116   4.75906192
135.52771734  99.38739523   4.83109875
135.62771734  99.79767835   4.90322925
135.72771734 100.20819334   4.97543549
135.82771734 100.61884278   5.04769949
135.92771734 101.02952908   5.12000320
136.02771734 101.44015449   5.19232860
136.12771734 101.85062125   5.26465761
136.22771734 102.26083161   5.33697217
136.32771734 102.67068793   5.40925426
136.42771734 103.08009273   5.48148587
136.52771734 103.48894879   5.55364901
136.62771734 103.89715920   5.62572580
136.72771734 104.30462744   5.69769838
136.82771734 104.71125747   5.76954900
136.92771734 105.11695374   5.84125999
137.02771734 105.52162133   5.91281381
137.12771734 105.92516599   5.98419302
137.22771734 106.32749421   6.05538032
137.32771734 106.72851327   6.12635856
137.42771734 107.12813133   6.19711073
137.52771734 107.52625751   6.26762003
137.62771734 107.92280189   6.33786981
137.72771734 108.31767566   6.40784360
137.82771734 108.71079112   6.47752519
137.92771734 109.10206174   6.54689852
138.02771734 109.49140227   6.61594782
138.12771734 109.87872875   6.68465750
138.22771734 110.26395858   6.75301226
138.32771734 110.64701058   6.82099703
138.42771734 111.02780503   6.88859703
138.52771734 111.40626374   6.95579774
138.62771734 111.78231010   7.02258495
138.72771734 112.15586908   7.08894470
138.82771734 112.52686735   7.15486338
138.92771734 112.89523327   7.22032766
139.02771734 113.26089695   7.28532455
139.12771734 113.62379027   7.34984136
139.22771734 113.98384697   7.41386577
139.32771734 114.34100262   7.47738576
139.42771734 114.69519469   7.54038969
139.52771734 115.04636259   7.60286624
139.62771734 115.39444766   7.66480447
139.72771734 115.73939326   7.72619379
139.82771734 116.08114470   7.78702398
139.92771734 116.41964938   7.84728520
140.02771734 116.75485670   7.90696796
140.12771734 117.08671815   7.96606317
140.22771734 117.41518731   8.02456211
140.32771734 117.74021984   8.08245645
140.42771734 118.06177352   8.13973823
140.52771734 118.37980825   8.19639991
140.62771734 118.69428605   8.25243430
140.72771734 119.00517108   8.30783462
140.82771734 119.31242961   8.36259447
140.92771734 119.61603008   8.41670786
141.02771734 119.91594304   8.47016917
141.12771734 120.21214117   8.52297318
141.22771734 120.50459929   8.57511505
141.32771734 120.79329432   8.62659033
141.42771734 121.07820531   8.67739497
141.52771734 121.35931338   8.72752527
141.62771734 121.63660175   8.77697795
141.72771734 121.91005571   8.82575008
141.82771734 122.17966260   8.87383913
141.92771734 122.44541177   8.92124291
142.02771734 122.70729463   8.96795962
142.12771734 122.96530453   9.01398783
142.22771734 123.21943681   9.05932646
142.32771734 123.46968876   9.10397477
142.42771734 123.71605957   9.14793240
142.52771734 123.95855031   9.19119932
142.62771734 124.19716393   9.23377584
142.72771734 124.43190518   9.27566260
142.82771734 124.66278061   9.31686058
142.92771734 124.88979855   9.35737108
143.02771734 125.11296902   9.39719570
143.12771734 125.33230375   9.43633638
143.22771734 125.54781611   9.47479533
143.32771734 125.75952110   9.51257507
143.42771734 125.96743528   9.54967841
143.52771734 126.17157675   9.58610845
143.62771734 126.37196511   9.62186855
143.72771734 126.56862139   9.65696235
143.82771734 126.76156807   9.69139372
143.92771734 126.95082896   9.72516681
144.02771734 127.13642922   9.75828602
144.12771734 127.31839528   9.79075596
144.22771734 127.49675483   9.82258147
144.32771734 127.67153671   9.85376763
144.42771734 127.84277097   9.88431972
144.52771734 128.01048871   9.91424322
144.62771734 128.17472211   9.94354381
144.72771734 128.33550438   9.97222735
144.82771734 128.49286969  10.00029988
144.92771734 128.64685311  10.02776762
145.02771734 128.79749062  10.05463695
145.12771734 128.94481902  10.08091439
145.22771734 129.08887592  10.10660662
145.32771734 129.22969964  10.13172045
145.42771734 129.36732922  10.15626283
145.52771734 129.50180436  10.18024082
145.62771734 129.63316537  10.20366160
145.72771734 129.76145313  10.22653245
145.82771734 129.88670903  10.24886075
145.92771734 130.00897497  10.27065397
146.02771734 130.12829328  10.29191967
146.12771734 130.24470669  10.31266548
146.22771734 130.35825830  10.33289910
146.32771734 130.46899151  10.35262827
146.42771734 130.57695001  10.37186082
146.52771734 130.68217776  10.39060459
146.62771734 130.78471888  10.40886748
146.72771734 130.88461770  10.42665743
146.82771734 130.98191863  10.44398238
146.92771734 131.07666624  10.46085030
147.02771734 131.16890510  10.47726918
147.12771734 131.25867984  10.49324702
147.22771734 131.34603508  10.50879180
147.32771734 131.43101540  10.52391152
147.42771734 131.51366530  10.53861415
147.52771734 131.59402920  10.55290764
147.62771734 131.67215138  10.56679995
147.72771734 131.74807595  10.58029898
147.82771734 131.82184686  10.59341260
147.92771734 131.89350783  10.60614867
148.02771734 131.96310235  10.61851499
148.12771734 132.03067365  10.63051930
148.22771734 132.09626466  10.64216931
148.32771734 132.15991802  10.65347268
148.42771734 132.22167603  10.66443700
148.52771734 132.28158064  10.67506979
148.62771734 132.33967343  10.68537852
148.72771734 132.39599560  10.69537058
148.82771734 132.45058793  10.70505330
148.92771734 132.50349077  10.71443391
149.02771734 132.55474405  10.72351959
149.12771734 132.60438723  10.73231743
149.22771734 132.65245931  10.74083442
149.32771734 132.69899879  10.74907748
149.42771734 132.74404368  10.75705343
149.52771734 132.78763150  10.76476902
149.62771734 132.82979924  10.77223088
149.72771734 132.87058336  10.77944556
149.82771734 132.91001979  10.78641951
149.92771734 132.94814390  10.79315909
150.02771734 132.98499052  10.79967055
150.12771734 133.02059394  10.80596005
150.22771734 133.05498784  10.81203364
150.32771734 133.08820537  10.81789726
150.42771734 133.12027909  10.82355677
150.52771734 133.15124098  10.82901791
150.62771734 133.18112245  10.83428632
150.72771734 133.20995431  10.83936752
150.82771734 133.23776680  10.84426696
150.92771734 133.26458957  10.84898995
151.02771734 133.29045168  10.85354171
151.12771734 133.31538161  10.85792735
151.22771734 133.33940725  10.86215188
151.32771734 133.36255590  10.86622020
151.42771734 133.38485429  10.87013710
151.52771734 133.40632856  10.87390728
151.62771734 133.42700428  10.87753533
151.72771734 133.44690644  10.88102572
151.82771734 133.46605945  10.88438285
151.92771734 133.48448718  10.88761098
152.02771734 133.50221290  10.89071431
152.12771734 133.51925936  10.89369689
152.22771734 133.53564873  10.89656272
152.32771734 133.55140265  10.89931567
152.42771734 133.56654220  10.90195952
152.52771734 133.58108795  10.90449796
152.62771734 133.59505992  10.90693457
152.72771734 133.60847761  10.90927286
152.82771734 133.62136001  10.91151623
152.92771734 133.63372561  10.91366798
153.02771734 133.64559239  10.91573134
153.12771734 133.65697782  10.91770943
153.22771734 133.66789891  10.91960531
153.32771734 133.67837218  10.92142194
153.42771734 133.68841368  10.92316217
153.52771734 133.69803900  10.92482881
153.62771734 133.70726326  10.92642457
153.72771734 133.71610117  10.92795206
153.82771734 133.72456697  10.92941384
153.92771734 133.73267448  10.93081238
154.02771734 133.74043710  10.93215008
154.12771734 133.74786781  10.93342926
154.22771734 133.75497921  10.93465216
154.32771734 133.76178348  10.93582096
154.42771734 133.76829241  10.93693778
154.52771734 133.77451745  10.93800464
154.62771734 133.78046962  10.93902354
154.72771734 133.78615964  10.93999636
154.82771734 133.79159784  10.94092496
154.92771734 133.79679421  10.94181112
155.02771734 133.80175842  10.94265657
155.12771734 133.80649978  10.94346295
155.22771734 133.81102733  10.94423189
155.32771734 133.81534975  10.94496493
155.42771734 133.81947544  10.94566357
155.52771734 133.82341252  10.94632924
155.62771734 133.82716878  10.94696335
155.72771734 133.83075177  10.94756722
155.82771734 133.83416875  10.94814215
155.92771734 133.83742672  10.94868939
156.02771734 133.84053243  10.94921013
156.12771734 133.84349236  10.94970553
156.22771734 133.84631278  10.95017669
156.32771734 133.84899970  10.95062468
156.42771734 133.85155891  10.95105054
156.52771734 133.85399598  10.95145524
156.62771734 133.85631627  10.95183974
156.72771734 133.85852493  10.95220495
156.82771734 133.86062689  10.95255174
156.92771734 133.86262693  10.95288095
157.02771734 133.86452960  10.95319340
157.12771734 133.86633928  10.95348985
157.22771734 133.86806019  10.95377105
157.32771734 133.86969637  10.95403771
157.42771734 133.87125168  10.95429052
157.52771734 133.87272985  10.95453013
157.62771734 133.87413444  10.95475716
157.72771734 133.87546886  10.95497222
157.82771734 133.87673637  10.95517588
157.92771734 133.87794013  10.95536870
158.02771734 133.87908312  10.95555120
158.12771734 133.88016823  10.95572388
158.22771734 133.88119820  10.95588723
158.32771734 133.88217567  10.95604171
158.42771734 133.88310314  10.95618776
158.52771734 133.88398304  10.95632580
158.62771734 133.88481766  10.95645623
158.72771734 133.88560920  10.95657944
158.82771734 133.88635977  10.95669579
158.92771734 133.88707137  10.95680563
159.02771734 133.88774592  10.95690930
159.12771734 133.88838526  10.95700711
159.22771734 133.88899113  10.95709937
159.32771734 133.88956519  10.95718637
159.42771734 133.89010905  10.95726838
159.52771734 133.89062421  10.95734567
159.62771734 133.89111213  10.95741848
159.72771734 133.89157418  10.95748706
159.82771734 133.89201168  10.95755162
159.92771734 133.89242588  10.95761239
160.02771734 133.89281798  10.95766958
160.12771734 133.89318910  10.95772337
160.22771734 133.89354034  10.95777395
160.32771734 133.89387271  10.95782149
160.42771734 133.89418721  10.95786617
160.52771734 133.89448476  10.95790815
160.62771734 133.89476624  10.95794757
160.72771734 133.89503251  10.95798457
160.82771734 133.89528436  10.95801930
160.92771734 133.89552255  10.95805188
161.02771734 133.89574780  10.95808244
161.12771734 133.89596080  10.95811108
161.22771734 133.89616221  10.95813792
161.32771734 133.89635264  10.95816307
161.42771734 133.89653269  10.95818662
161.52771734 133.89670290  10.95820867
161.62771734 133.89686381  10.95822929
161.72771734 133.89701592  10.95824859
161.82771734 133.89715971  10.95826663
161.92771734 133.89729563  10.95828349
162.02771734 133.89742410  10.95829924
162.12771734 133.89754553  10.95831396
162.22771734 133.89766031  10.95832769
162.32771734 133.89776880  10.95834050
162.42771734 133.89787134  10.95835245
162.52771734 133.89796827  10.95836359
162.62771734 133.89805989  10.95837396
162.72771734 133.89814648  10.95838363
162.82771734 133.89822834  10.95839262
162.92771734 133.89830572  10.95840099
163.02771734 133.89837887  10.95840878
163.12771734 133.89844803  10.95841601
163.22771734 133.89851341  10.95842273
163.32771734 133.89857522  10.95842896
163.42771734 133.89863367  10.95843475
163.52771734 133.89868893  10.95844011
163.62771734 133.89874120  10.95844508
163.72771734 133.89879062  10.95844969
163.82771734 133.89883737  10.95845394
163.92771734 133.89888158  10.95845788
164.02771734 133.89892340  10.95846152
164.12771734 133.89896297  10.95846487
164.22771734 133.89900040  10.95846797
164.32771734 133.89903581  10.95847082
164.42771734 133.89906932  10.95847345
164.52771734 133.89910103  10.95847586
164.62771734 133.89913103  10.95847808
164.72771734 133.89915941  10.95848011
164.82771734 133.89918627  10.95848197
164.92771734 133.89921169  10.95848367
165.02771734 133.89923573  10.95848523
165.12771734 133.89925847  10.95848665
165.22771734 133.89927997  10.95848793
165.32771734 133.89930029  10.95848910
165.42771734 133.89931950  10.95849015
165.52771734 133.89933764  10.95849110
165.62771734 133.89935475  10.95849196
165.72771734 133.89937088  10.95849272
165.82771734 133.89938607  10.95849339
165.92771734 133.89940035  10.95849398
166.02771734 133.89941374  10.95849450
166.12771734 133.89942628  10.95849494
166.22771734 133.89943797  10.95849531
166.32771734 133.89944884  10.95849561
166.42771734 133.89945888  10.95849585
166.52771734 133.89946811  10.95849602
166.62771734 133.89947651  10.95849613
166.72771734 133.89948408  10.95849618
166.82771734 133.89949079  10.95849616
166.92771734 133.89949663  10.95849608
167.02771734 133.89950155  10.95849593
167.12771734 133.89950552  10.95849571
167.22771734 133.89950848  10.95849541
167.32771734 133.89951035  10.95849504
167.42771734 133.89951108  10.95849458
167.52771734 133.89951055  10.95849403
167.62771734 133.89950867  10.95849338
167.72771734 133.89950530  10.95849262
167.82771734 133.89950032  10.95849173
167.92771734 133.89949354  10.95849071
168.02771734 133.89948478  10.95848954
168.12771734 133.89947383  10.95848820
168.22771734 133.89946044  10.95848667
168.32771734 133.89944434  10.95848493
168.42771734 133.89942520  10.95848295
168.52771734 133.89940269  10.95848071
168.62771734 133.89937639  10.95847816
168.72771734 133.89934586  10.95847529
168.82771734 133.89931061  10.95847203
168.92771734 133.89927005  10.95846835
169.02771734 133.89922357  10.95846420
169.12771734 133.89917046  10.95845952
169.22771734 133.89910991  10.95845423
169.32771734 133.89904105  10.95844828
169.42771734 133.89896290  10.95844157
169.52771734 133.89887436  10.95843403
169.62771734 133.89877420  10.95842554
169.72771734 133.89866106  10.95841600
169.82771734 133.89853344  10.95840528
169.92771734 133.89838965  10.95839325
170.02771734 133.89822784  10.95837976
170.12771734 133.89804595  10.95836462
170.22771734 133.89784169  10.95834767
170.32771734 133.89761254  10.95832868
170.42771734 133.89735570  10.95830744
170.52771734 133.89706811  10.95828369
170.62771734 133.89674634  10.95825715
170.72771734 133.89638667  10.95822751
170.82771734 133.89598495  10.95819444
170.92771734 133.89553665  10.95815756
171.02771734 133.89503676  10.95811647
171.12771734 133.89447980  10.95807071
171.22771734 133.89385974  10.95801980
171.32771734 133.89316997  10.95796318
171.42771734 133.89240324  10.95790028
171.52771734 133.89155164  10.95783043
171.62771734 133.89060647  10.95775293
171.72771734 133.88955827  10.95766701
171.82771734 133.88839666  10.95757180
171.92771734 133.88711036  10.95746640
172.02771734 133.88568704  10.95734979
172.12771734 133.88411328  10.95722087
172.22771734 133.88237448  10.95707845
172.32771734 133.88045475  10.95692123
172.42771734 133.87833685  10.95674779
172.52771734 133.87600204  10.95655660
172.62771734 133.87343002  10.95634600
172.72771734 133.87059877  10.95611419
172.82771734 133.86748446  10.95585922
172.92771734 133.86406134  10.95557898
173.02771734 133.86030153  10.95527119
173.12771734 133.85617496  10.95493338
173.22771734 133.85164920  10.95456291
173.32771734 133.84668927  10.95415691
173.42771734 133.84125751  10.95371230
173.52771734 133.83531342  10.95322575
173.62771734 133.82881344  10.95269372
173.72771734 133.82171081  10.95211237
173.82771734 133.81395534  10.95147759
173.92771734 133.80549326  10.95078499
174.02771734 133.79626694  10.95002984
174.12771734 133.78621476  10.94920710
174.22771734 133.77527081  10.94831138
174.32771734 133.76336474  10.94733693
174.42771734 133.75042144  10.94627758
174.52771734 133.73636088  10.94512681
174.62771734 133.72109783  10.94387762
174.72771734 133.70454157  10.94252259
174.82771734 133.68659573  10.94105384
174.92771734 133.66715791  10.93946299
175.02771734 133.64611953  10.93774115
175.12771734 133.62336547  10.93587890
175.22771734 133.59877387  10.93386626
175.32771734 133.57221581  10.93169268
175.42771734 133.54355507  10.92934703
175.52771734 133.51264784  10.92681751
175.62771734 133.47934248  10.92409174
175.72771734 133.44347921  10.92115662
175.82771734 133.40488989  10.91799840
175.92771734 133.36339773  10.91460261
176.02771734 133.31881708  10.91095406
176.12771734 133.27095314  10.90703680
176.22771734 133.21960177  10.90283413
176.32771734 133.16454926  10.89832855
176.42771734 133.10557210  10.89350177
176.52771734 133.04243681  10.88833469
176.62771734 132.97489976  10.88280737
176.72771734 132.90270701  10.87689902
176.82771734 132.82559419  10.87058801
176.92771734 132.74328634  10.86385183
177.02771734 132.65549786  10.85666711
177.12771734 132.56193244  10.84900960
177.22771734 132.46228302  10.84085417
177.32771734 132.35623177  10.83217481
177.42771734 132.24345014  10.82294463
177.52771734 132.12359888  10.81313586
177.62771734 131.99632819  10.80271988
177.72771734 131.86127783  10.79166720
177.82771734 131.71807726  10.77994750
177.92771734 131.56634591  10.76752964
178.02771734 131.40569341  10.75438165
178.12771734 131.23571989  10.74047083
178.22771734 131.05601637  10.72576369
178.32771734 130.86616508  10.71022605
178.42771734 130.66573998  10.69382304
178.52771734 130.45430724  10.67651915
178.62771734 130.23142576  10.65827829
178.72771734 129.99664781  10.63906380
178.82771734 129.74951965  10.61883856
178.92771734 129.48958226  10.59756500
179.02771734 129.21637208  10.57520519
179.12771734 128.92942184  10.55172087
179.22771734 128.62826141  10.52707357
179.32771734 128.31241873  10.50122467
179.42771734 127.98142078  10.47413544
179.52771734 127.63479456  10.44576717
179.62771734 127.27206821  10.41608126
179.72771734 126.89277209  10.38503926
179.82771734 126.49643996  10.35260301
179.92771734 126.08261015  10.31873473
180.02771734 125.65082684  10.28339713
180.12771734 125.20064132  10.24655346
180.22771734 124.73161329  10.20816770
180.32771734 124.24331223  10.16820462
180.42771734 123.73531876  10.12662990
180.52771734 123.20722602  10.08341022
180.62771734 122.65864112  10.03851345
180.72771734 122.08918652   9.99190868
180.82771734 121.49850150   9.94356638
180.92771734 120.88624359   9.89345854
181.02771734 120.25209001   9.84155874
181.12771734 119.59573910   9.78784228
181.22771734 118.91691176   9.73228633
181.32771734 118.21535282   9.67487000
181.42771734 117.49083247   9.61557448
181.52771734 116.74314755   9.55438315
181.62771734 115.97212294   9.49128168
181.72771734 115.17761277   9.42625812
181.82771734 114.35950169   9.35930304
181.92771734 113.51770602   9.29040958
182.02771734 112.65217487   9.21957360
182.12771734 111.76289123   9.14679368
182.22771734 110.84987288   9.07207128
182.32771734 109.91317334   8.99541080
182.42771734 108.95288269   8.91681959
182.52771734 107.96912828   8.83630808
182.62771734 106.96207539   8.75388980
182.72771734 105.93192776   8.66958143
182.82771734 104.87892806   8.58340281
182.92771734 103.80335819   8.49537703
183.02771734 102.70553955   8.40553039
183.12771734 101.58583312   8.31389243
183.22771734 100.44463948   8.22049593
183.32771734  99.28239871   8.12537691
183.42771734  98.09959013   8.02857460
183.52771734  96.89673196   7.93013141
183.62771734  95.67438083   7.83009289
183.72771734  94.43313120   7.72850770
183.82771734  93.17361466   7.62542753
183.92771734  91.89649903   7.52090703
184.02771734  90.60248745   7.41500375
184.12771734  89.29231731   7.30777804
184.22771734  87.96675901   7.19929294
184.32771734  86.62661472   7.08961410
184.42771734  85.27271690   6.97880967
184.52771734  83.90592684   6.86695012
184.62771734  82.52713300   6.75410817
184.72771734  81.13724934   6.64035861
184.82771734  79.73721348   6.52577819
184.92771734  78.32798480   6.41044542
185.02771734  76.91054254   6.29444044
185.12771734  75.48588368   6.17784485
185.22771734  74.05502093   6.06074152
185.32771734  72.61898047   5.94321445
185.42771734  71.17879982   5.82534853
185.52771734  69.73552559   5.70722944
185.62771734  68.29021114   5.58894337
185.72771734  66.84391434   5.47057690
185.82771734  65.39769520   5.35221679
185.92771734  63.95261357   5.23394978
186.02771734  62.50972679   5.11586239
186.12771734  61.07008740   4.99804078
186.22771734  59.63474079   4.88057049
186.32771734  58.20472298   4.76353631
186.42771734  56.78105831   4.64702208
186.52771734  55.36475731   4.53111051
186.62771734  53.95681450   4.41588297
186.72771734  52.55820633   4.30141939
186.82771734  51.16988912   4.18779804
186.92771734  49.79279714   4.07509537
187.02771734  48.42784072   3.96338589
187.12771734  47.07590445   3.85274199
187.22771734  45.73784549   3.74323382
187.32771734  44.41449197   3.63492917
187.42771734  43.10664146   3.52789329
187.52771734  41.81505964   3.42218887
187.62771734  40.54047893   3.31787583
187.72771734  39.28359737   3.21501131
187.82771734  38.04507754   3.11364953
187.92771734  36.82554562   3.01384174
188.02771734  35.62559057   2.91563615
188.12771734  34.44576345   2.81907784
188.22771734  33.28657679   2.72420878
188.32771734  32.14850419   2.63106771
188.42771734  31.03197995   2.53969018
188.52771734  29.93739885   2.45010850
188.62771734  28.86511608   2.36235174
188.72771734  27.81544724   2.27644573
188.82771734  26.78866846   2.19241306
188.92771734  25.78501669   2.11027314
189.02771734  24.80469001   2.03004216
189.12771734  23.84784809   1.95173320
189.22771734  22.91461280   1.87535623
189.32771734  22.00506880   1.80091819
189.42771734  21.11926433   1.72842301
189.52771734  20.25721201   1.65787173
189.62771734  19.41888981   1.58926255
189.72771734  18.60424196   1.52259091
189.82771734  17.81318007   1.45784956
189.92771734  17.04558426   1.39502871
190.02771734  16.30130429   1.33411605
190.12771734  15.58016084   1.27509690
190.22771734  14.88194677   1.21795432
190.32771734  14.20642848   1.16266919
190.42771734  13.55334719   1.10922032
190.52771734  12.92242042   1.05758460
190.62771734  12.31334331   1.00773709
190.72771734  11.72579013   0.95965111
190.82771734  11.15941563   0.91329842
190.92771734  10.61385654   0.86864929
191.02771734  10.08873299   0.82567262
191.12771734   9.58364994   0.78433608
191.22771734   9.09819862   0.74460623
191.32771734   8.63195792   0.70644860
191.42771734   8.18449581   0.66982782
191.52771734   7.75537067   0.63470777
191.62771734   7.34413268   0.60105161
191.72771734   6.95032506   0.56882198
191.82771734   6.57348542   0.53798102
191.92771734   6.21314693   0.50849054
192.02771734   5.86883956   0.48031206
192.12771734   5.54009121   0.45340695
192.22771734   5.22642882   0.42773648
192.32771734   4.92737945   0.40326196
192.42771734   4.64247124   0.37994477
192.52771734   4.37123445   0.35774647
192.62771734   4.11320228   0.33662884
192.72771734   3.86791180   0.31655401
192.82771734   3.63490471   0.29748446
192.92771734   3.41372812   0.27938313
193.02771734   3.20393521   0.26221346
193.12771734   3.00508593   0.24593942
193.22771734   2.81674754   0.23052561
193.32771734   2.63849518   0.21593725
193.42771734   2.46991237   0.20214025
193.52771734   2.31059141   0.18910125
193.62771734   2.16013381   0.17678764
193.72771734   2.01815062   0.16516759
193.82771734   1.88426272   0.15421006
193.92771734   1.75810107   0.14388486
194.02771734   1.63930695   0.13416262
194.12771734   1.52753209   0.12501485
194.22771734   1.42243882   0.11641390
194.32771734   1.32370014   0.10833302
194.42771734   1.23099980   0.10074633
194.52771734   1.14403233   0.09362882
194.62771734   1.06250296   0.08695637
194.72771734   0.98612768   0.08070574
194.82771734   0.91463308   0.07485454
194.92771734   0.84775633   0.06938128
195.02771734   0.78524500   0.06426528
195.12771734   0.72685696   0.05948675
195.22771734   0.67236021   0.05502667
195.32771734   0.62153267   0.05086689
195.42771734   0.57416207   0.04699003
195.52771734   0.53004562   0.04337950
195.62771734   0.48898990   0.04001945
195.72771734   0.45081057   0.03689482
195.82771734   0.41533211   0.03399122
195.92771734   0.38238763   0.03129501
196.02771734   0.35181856   0.02879320
196.12771734   0.32347442   0.02647349
196.22771734   0.29721253   0.02432419
196.32771734   0.27289774   0.02233424
196.42771734   0.25040221   0.02049318
196.52771734   0.22960506   0.01879112
196.62771734   0.21039217   0.01721872
196.72771734   0.19265584   0.01576716
196.82771734   0.17629461   0.01442814
