# intensity: 1.04976413609855
# background: 2.46461839090554e-08
#           Q (1/A)             dQ (1/A)                    R                   dR               theory              fresnel
     0.0483642315116 0.000750702739851845       0.951434579138     0.00501003519873    0.914233609424533   0.0194107973382644
     0.0497866914682 0.000750709007438337        0.94044560157     0.00496697431537    0.909177757659369   0.0177295535382234
     0.0512091499082 0.000750715456630211        0.92483593417     0.00490572657895     0.90051426509748   0.0154186315587085
     0.0526316067882    0.000750722087422        0.91507948482      0.0048673956524    0.890233504172391   0.0134168434714388
      0.054054062065 0.000750728899808085       0.891642996968     0.00477516962074    0.878203372075359   0.0117433460628386
     0.0554765156953 0.000750735893782693       0.876236096925     0.00471441470647    0.863858059968068   0.0103331272110433
     0.0568989676356 0.000750743069339895       0.854327123245     0.00462784251127    0.846439993858042  0.00913622218237962
     0.0583214178427 0.000750750426473612       0.832076973197     0.00453970038522    0.824970585610212   0.0081137432041425
     0.0597438662732 0.000750757965177608       0.797485049287     0.00440218205643    0.798277742068162  0.00723508010591047
     0.0611663128838 0.000750765685445495       0.755120376229     0.00423288370811    0.765170535789092  0.00647589199618276
     0.0625887576312 0.000750773587270732       0.713350487453     0.00406490300013    0.724896608936661  0.00581664389352049
      0.064011200472 0.000750781670646622       0.660982624188     0.00385260415179    0.677963166685196  0.00524152544219069
     0.0654336413629 0.000750789935566318       0.611077559878     0.00364824562759    0.627066829076227  0.00473764178865247
     0.0668560802606 0.000750798382022817        0.56406531003     0.00345358980774    0.577286055853316  0.00429440111335707
     0.0682785171218 0.000750807010008963       0.524906916272     0.00328959354811     0.53460442265604  0.00390304612094622
      0.069700951903 0.000750815819517446       0.497644208161     0.00317426832942    0.503183966849968  0.00355629217442887
     0.0711233845611 0.000750824810540804        0.47861385523      0.0030931423649    0.483486283602131   0.0032480452984117
     0.0725458150526  0.00075083398307142       0.474897210464      0.0030772339742    0.472745591869913   0.0029731806049221
     0.0739682433342 0.000750843337101525       0.465759918032     0.00303803317951     0.46694523995458  0.00272736685712289
     0.0753906693627 0.000750852872623196       0.468748114267     0.00305086561273     0.46252218293042  0.00250692657027175
     0.0768130930946 0.000750862589628355       0.459408054463     0.00301070035281    0.457041588735468  0.00230872370579433
     0.0782355144866 0.000750872488108774       0.451730687084     0.00297757578127    0.449130671892512  0.00213007295187122
     0.0796579334955  0.00075088256805607        0.44262088991     0.00293813751632    0.438163847935912  0.00196866601115533
     0.0810803500778 0.000750892829461706       0.427630839031     0.00287291585697    0.423972837606736  0.00182251137631232
     0.0825027641903 0.000750903272316994       0.407801406942     0.00278596845389    0.406655441726542  0.00168988486894448
     0.0839251757896 0.000750913896613089        0.38491694649     0.00268458712938    0.386470634085421  0.00156928881855573
     0.0853475848324 0.000750924702340998        0.36495233615     0.00259513435406    0.363789217444383  0.00145941821522066
     0.0867699912754  0.00075093568949157       0.339069270754     0.00247758842129    0.339073790852925  0.00135913252079048
     0.0881923950752 0.000750946858055505       0.315984395044     0.00237105595035    0.312869680317257  0.00126743209420356
     0.0896147961885 0.000750958208023346        0.29176402206     0.00225731092922    0.285794724557952  0.00118343839701949
      0.091037194572 0.000750969739385486       0.260541415925     0.00210718175422    0.258520414603918  0.00110637730994659
     0.0924595901823 0.000750981452132163       0.233198425444     0.00197181075627     0.23174090072437   0.0010355650204939
     0.0938819829761 0.000750993346253465       0.203718442648     0.00182081600318    0.206130457210665 0.000970396044221967
     0.0953043729102 0.000751005421739325       0.179902428357     0.00169407309675    0.182294016300229 0.000910333023438227
     0.0967267599411 0.000751017678579521       0.159465870211      0.0015810856865    0.160718535916544 0.000854898012116933
     0.0981491440255 0.000751030116763682       0.139745756765     0.00146746640219    0.141734190782892 0.000803665007900152
     0.0995715251202 0.000751042736281284       0.126108664385     0.00138566532441    0.125493015063805 0.000756253534180493
      0.100993903182 0.000751055537121649       0.112524602447     0.00130099949817     0.11196894327403 0.000712323109195132
      0.102416278167 0.000751068519273941       0.102319996657     0.00123490813755    0.100978415899945 0.000671568466770568
      0.103838650032 0.000751081682727178      0.0923451938816     0.00116785769893     0.09221647965473 0.000633715415840609
      0.105261018734 0.000751095027470228       0.086452774134     0.00112693280748   0.0853009124838722 0.000598517244560794
       0.10668338423 0.000751108553491803      0.0807360861031      0.0010861680282     0.07981675745652 0.000565751589856206
      0.108105746476 0.000751122260780457      0.0782499283608     0.00106807991715   0.0753552927579763 0.000535217705896376
      0.109528105429 0.000751136149324599       0.074804005069     0.00104262552508   0.0715439581817835 0.000506734075276207
      0.110950461045 0.000751150219112476      0.0717636165127     0.00101976905544   0.0680661882908141  0.00048013631555451
      0.112372813282 0.000751164470132202      0.0692369052886     0.00100047071944   0.0646718967481636 0.000455275340651922
      0.113795162096  0.00075117890237172      0.0658044998135    0.000973787182507   0.0611803440884211 0.000432015743046278
      0.115217507443  0.00075119351581882      0.0610469014476    0.000935831757317   0.0574774167600124 0.000410234367267694
      0.116639849281 0.000751208310461158      0.0568029804151    0.000900911670889    0.053509187595612 0.000389819049807471
      0.118062187565  0.00075122328628621       0.051153205622    0.000852651373305   0.0492732553319535 0.000370667504090519
      0.119484522253 0.000751238443281329      0.0459089655654    0.000805749994439   0.0448089495524463 0.000352686331828913
      0.120906853302 0.000751253781433706      0.0424490783547    0.000773512018533   0.0401871389121719 0.000335790145199099
      0.122329180667  0.00075126930073036      0.0366782244134    0.000717022413013   0.0355001339070706 0.000319900785961203
      0.123751504306 0.000751285001158187       0.032705241141    0.000675774607553   0.0308520298151508 0.000304946629669031
      0.125173824175 0.000751300882703912      0.0279482240383    0.000623256835424   0.0263497672456479 0.000290861964892859
      0.126596140232 0.000751316945354128      0.0231236178092    0.000565581758074   0.0220951647037691 0.000277586438333538
      0.128018452432 0.000751333189095245      0.0191641523513    0.000513885901012   0.0181781685133642  0.00026506455826947
      0.129440760732 0.000751349613913542         0.0141359001    0.000440271397973   0.0146715444934862 0.000253245249396377
      0.130863065089 0.000751366219795145      0.0120352606732    5.97466838036e-05   0.0116271877914479 0.000242081453326209
       0.13228536546 0.000751383006726032     0.00934358447845    4.93090836114e-05   0.0090741473990951 0.000231529769498391
      0.133707661802 0.000751399974692025       0.007159964344    4.06431350028e-05  0.00701835660620106 0.000221550132002977
       0.13512995407 0.000751417123678775      0.0055887953509    3.42157019178e-05  0.00544394392943792 0.000212105518361142
      0.136552242222 0.000751434453671812     0.00434438216249    2.89307750414e-05  0.00431588881221326 0.000203161686714435
      0.137974526215 0.000751451964656508     0.00361685846449    2.57148597532e-05  0.00358369966240543 0.000194686938460197
      0.139396806004 0.000751469656618054      0.0032326339746    2.39622827213e-05  0.00318574058608262 0.000186651903537664
      0.140819081547 0.000751487529541531     0.00306589923611    2.31866348511e-05  0.00305382254972422   0.0001790293459631
      0.142241352801 0.000751505583411852     0.00318062969614    2.37193714533e-05  0.00311770205503005 0.000171793987582949
      0.143663619722 0.000751523818213769     0.00337496823168    2.47063536734e-05   0.0033091873770992  0.00016492234809177
      0.145085882266 0.000751542233931882      0.0036949756928    2.61589950027e-05  0.00356562744075137 0.000158392599672578
      0.146508140391 0.000751560830550665     0.00397145575941    2.73928607322e-05  0.00383263948930316 0.000152184434783301
      0.147930394053 0.000751579608054414     0.00421400608699    2.84612866375e-05   0.0040660087743822 0.000146278945804696
      0.149352643209  0.00075159856642729     0.00432489280365    2.89462301701e-05  0.00423275966780134  0.00014065851532032
      0.150774887815 0.000751617705653286     0.00441551630015    2.93399338413e-05  0.00431144940328615 0.000135306716038494
      0.152197127829 0.000751637025716273     0.00440570235966    2.92971621979e-05   0.0042917726211353   0.0001302082193823
      0.153619363206 0.000751656526599929     0.00423975754483    2.85742069983e-05  0.00417358853404969  0.00012534871196388
      0.155041593904 0.000751676208287825     0.00402447267002    2.76282468751e-05  0.00396549541135107 0.000120714819127381
      0.156463819879  0.00075169607076335     0.00376295683488    2.64655617869e-05  0.00368308187692112 0.000116294034970921
      0.157886041087 0.000751716114009744     0.00337408957571    2.47042895404e-05   0.0033469834828668 0.000112074658184407
      0.159308257487 0.000751736338010139     0.00308011744466    2.33425864036e-05  0.00298086769166735 0.000108045733188024
      0.160730469033 0.000751756742747443     0.00261365787108    2.11158744366e-05  0.00260946159075589  0.00010419699611977
      0.162152675683 0.000751777328204473      0.0022931908026    1.95260552448e-05  0.00225672463696926 0.000100518825155927
      0.163574877394  0.00075179809436388     0.00195542091802     1.7781265055e-05  0.00194425356239828  9.7002194860705e-05
      0.164997074122 0.000751819041208152     0.00171939970045    1.65088742694e-05  0.00168998830862798 9.36386341557963e-05
      0.166419265824 0.000751840168719637     0.00153650353356    1.54844721767e-05  0.00150726693057273  9.0420187600634e-05
      0.167841452457 0.000751861476880536     0.00142038542022    1.48131868323e-05  0.00140425461421544 8.73393797062068e-05
      0.169263633977 0.000751882965672885     0.00142606290655    1.48464289689e-05  0.00138374852184048 8.43891820129121e-05
       0.17068581034 0.000751904635078568      0.0014925706036    1.52325652606e-05  0.00144333764508066 8.15629826919495e-05
      0.172107981505 0.000751926485079365     0.00161643442974    1.59373580224e-05  0.00157587681234623 7.88545584567702e-05
      0.173530147426 0.000751948515656829     0.00180153400168    1.69585580227e-05  0.00177021790231011  7.6258048614381e-05
      0.174952308062 0.000751970726792442     0.00205381716225    1.82992953111e-05  0.00201213022818413 7.37679310241439e-05
      0.176374463368  0.00075199311846747      0.0023343525766    1.97344470814e-05  0.00228533649563294 7.13789998736723e-05
      0.177796613302 0.000752015690663082     0.00260542551408    2.10763821058e-05  0.00257259068168411 6.90863450610931e-05
      0.179218757819 0.000752038443360243     0.00289958689434    2.24920938466e-05  0.00285672903710463 6.68853331023188e-05
      0.180640896878 0.000752061376539838     0.00321740446812    2.39825517742e-05  0.00312163425301347 6.47715893984245e-05
      0.182063030433 0.000752084490182517     0.00343099961467    2.49651513109e-05  0.00335306443081528 6.27409817988831e-05
      0.183485158443 0.000752107784268866     0.00358430526397    2.56621682408e-05  0.00353931165958942 6.07896053063123e-05
      0.184907280863 0.000752131258779252      0.0037512639166      2.641398538e-05  0.00367166855173527  5.8913767887194e-05
      0.186329397651 0.000752154913693944     0.00387658766861    2.69733282329e-05   0.0037446941310216 5.71099772539069e-05
      0.187751508763 0.000752178748993029     0.00385267463694    2.68668280435e-05  0.00375628226753448 5.53749285803204e-05
      0.189173614156  0.00075220276465646     0.00376766103801    2.64872359174e-05  0.00370754600470309 5.37054930534412e-05
      0.190595713786 0.000752226960664025     0.00367332014005    2.60639193999e-05  0.00360253936383645 5.20987072136476e-05
       0.19201780761 0.000752251336995379     0.00348570625226    2.52151940827e-05  0.00344784447794369 5.05517630132287e-05
      0.193439895585 0.000752275893630027     0.00333914599882    2.45448440255e-05  0.00325205621696206 4.90619985473745e-05
      0.194861977668 0.000752300630547327     0.00308701153477    2.33760521939e-05   0.0030251989018157 4.76268894030152e-05
      0.196284053814 0.000752325547726453     0.00285420755945    2.22766508554e-05  0.00277811037105804 4.62440405829843e-05
      0.197706123982 0.000752350645146498     0.00256368247262    2.08728404235e-05  0.00252182767733051 4.49111789537374e-05
      0.199128188127 0.000752375922786338     0.00231195354194    1.96222677466e-05  0.00226700619698549 4.36261461994229e-05
      0.200550246206 0.000752401380624735     0.00203928550175    1.82246477035e-05  0.00202340007654469 4.23868922195484e-05
      0.201972298176 0.000752427018640302      0.0018164982344    1.70414620999e-05  0.00179942695178942 4.11914689587547e-05
      0.203394343994 0.000752452836811504     0.00159668488852    1.58290040676e-05  0.00160183398607449 4.00380246287993e-05
      0.204816383616 0.000752478835116639     0.00142823927619    1.48627561179e-05  0.00143547581854019 3.89247982976636e-05
      0.206238416999 0.000752505013533874     0.00128250360926     1.3995115781e-05   0.0013032083351647 3.78501148169189e-05
      0.207660444099  0.00075253137204121      0.0011998195825    1.34864695972e-05  0.00120589566008244 3.68123800692258e-05
      0.209082464874 0.000752557910616538      0.0011205150117    1.29866515456e-05  0.00114252177751423 3.58100765070897e-05
       0.21050447928 0.000752584629237562     0.00109082085699    1.27957157118e-05  0.00111039307647577 3.48417589715168e-05
      0.211926487274 0.000752611527881857     0.00108626985584    1.27656916617e-05  0.00110541411864088 3.39060507616351e-05
      0.213348488811 0.000752638606526812     0.00109142915849     6.3819630991e-06  0.00112241624606933 3.30016399472116e-05
       0.21477048385 0.000752665865149744     0.00112026718402    6.87719049242e-06   0.0011555173356925 3.21272758980146e-05
      0.216192472347 0.000752693303727766     0.00116189757771    7.05034664085e-06  0.00119849104441361 3.12817660293148e-05
      0.217614454258 0.000752720922237841     0.00121623472667     7.2749655485e-06  0.00124512514989564 3.04639727349445e-05
       0.21903642954 0.000752748720656806     0.00125786512065    7.44612931396e-06  0.00128955088354469  2.9672810503058e-05
       0.22045839815 0.000752776698961349     0.00129284474508     7.5893713891e-06  0.00132652823412549 2.89072432024511e-05
      0.221880360044  0.00075280485712799     0.00133221135443    7.74968165455e-06  0.00135167581149921  2.8166281527169e-05
      0.223302315179 0.000752833195133124      0.0013433797814    7.79494488572e-06  0.00136163773949291 2.74489805876987e-05
      0.224724263513 0.000752861712953016     0.00132416013838    7.71661449338e-06  0.00135418395488038   2.675443764197e-05
         0.226146205 0.000752890410563704      0.0013026424649     7.6287601863e-06  0.00132824401910062 2.60817899585271e-05
      0.227568139599 0.000752919287941181     0.00128050297122    7.53817077327e-06  0.00128387793065853 2.54302127945544e-05
      0.228990067266 0.000752948345061231     0.00119781443798    7.19851343166e-06  0.00122219033287393 2.47989174960682e-05
      0.230411987957 0.000752977581899491       0.001134456394    6.93603181628e-06  0.00114519685267431 2.41871496996305e-05
       0.23183390163 0.000753006998431492     0.00106001373391    6.62480067862e-06  0.00105565302917102 2.35941876349297e-05
      0.233255808241 0.000753036594632577     0.00094615309734    6.14183828876e-06 0.000956857371991458 2.30193405239242e-05
      0.234677707746 0.000753066370477943    0.000848486814714    5.71950179159e-06 0.000852440530227504 2.24619470656407e-05
      0.236099600102  0.00075309632594266    0.000743412765034     5.2542046191e-06  0.00074615238435723  2.1921374004381e-05
      0.237521485267 0.000753126461001672     0.00063814946533    4.77397584665e-06 0.000641658140850771 2.13970147762157e-05
      0.238943363196 0.000753156775629716    0.000536995583825    4.29479165684e-06 0.000542353282164195 2.08882882300702e-05
      0.240365233847 0.000753187269801442     0.00045000838202    3.86380973128e-06 0.000451205587476573 2.03946374139364e-05
      0.241787097175 0.000753217943491293    0.000363751142256    3.41238843721e-06 0.000370630497967934 1.99155284301585e-05
      0.243208953139 0.000753248796673652    0.000298697963644    3.04975269737e-06 0.000302403956890301 1.94504493470459e-05
      0.244630801693 0.000753279829322644    0.000242972083755    2.71741058142e-06 0.000247614640113977 1.89989091732171e-05
      0.246052642796  0.00075331104141236    0.000198736354524    2.43356797683e-06 0.000206655312024571 1.85604368796315e-05
      0.247474476404 0.000753342432916679    0.000174182577659    2.26554737987e-06 0.000179251021205352  1.8134580478298e-05
      0.248896302473 0.000753374003809332    0.000159767168989    2.16240641046e-06 0.000164520075418683 1.77209061453189e-05
      0.250318120961 0.000753405754063953    0.000153719294349    2.11814303233e-06 0.000161062298323065  1.7318997389511e-05
      0.251739931823 0.000753437683653959    0.000153051513857    2.11314362341e-06 0.000167068020388883 1.69284542655971e-05
      0.253161735017 0.000753469792552689     0.00017290379107    2.25593599085e-06 0.000180440628422801  1.6548892624429e-05
      0.254583530499 0.000753502080733295    0.000195486668809    2.41079482605e-06 0.000198925296079211  1.6179943404193e-05
      0.256005318226 0.000753534548168803    0.000217420690923    2.55480813452e-06 0.000220236721346729 1.58212519551779e-05
      0.257427098154 0.000753567194832071    0.000239514222915    2.69494330267e-06 0.000242179264713902  1.5472477399663e-05
      0.258848870241 0.000753600020695859    0.000256498017476     2.7995896412e-06  0.00026275375499887 1.51332920224509e-05
      0.260270634443 0.000753633025732736    0.000275266165154    2.91238863737e-06 0.000280246337370601 1.48033806932675e-05
      0.261692390717 0.000753666209915148    0.000288951611052    2.99306016794e-06 0.000293296003977199 1.44824403159483e-05
      0.263114139019 0.000753699573215374    0.000300311991392    3.05910247919e-06 0.000300938792020455 1.41701793057617e-05
      0.264535879306  0.00075373311560557     0.00029936304069    3.05328890917e-06 0.000302627983282799 1.38663170913007e-05
      0.265957611535 0.000753766837057748    0.000293953207578    3.02171931466e-06 0.000298230923300446 1.35705836411659e-05
      0.267379335663 0.000753800737543776    0.000283379565175    2.95978246281e-06 0.000288004239067535 1.32827190132297e-05
      0.268801051645  0.00075383481703533    0.000266019974526    2.85657438288e-06 0.000272550222666565 1.30024729258938e-05
       0.27022275944 0.000753869075504036    0.000248254848844    2.74849659603e-06 0.000252757928494524 1.27296043482201e-05
      0.271644459003  0.00075390351292128    0.000224947415631    2.60290380177e-06 0.000229733080692244 1.24638811121968e-05
      0.273066150291 0.000753938129258353     0.00020209958847    2.45471087239e-06 0.000204721192436973 1.22050795406198e-05
      0.274487833261 0.000753972924486401    0.000178008121461    2.29141621608e-06 0.000179028362665679 1.19529840939418e-05
       0.27590950787 0.000754007898576427    0.000143670143419    2.04279722855e-06 0.000153944048553008 1.17073870332199e-05
      0.277331174074 0.000754043051499263    0.000127283836467    1.91574856879e-06 0.000130669737240978 1.14680880988761e-05
       0.27875283183 0.000754078383225625    0.000108161521685    1.75856981799e-06 0.000110256888032808 1.12348942037882e-05
      0.280174481095 0.000754113893726083    8.81740661775e-05    1.58097097434e-06 9.35568250024766e-05 1.10076191409846e-05
      0.281596121825  0.00075414958297104    7.62973054806e-05    1.46706998255e-06 8.11844720667506e-05 1.07860833046823e-05
      0.283017753977  0.00075418545093078    6.67456106645e-05     1.3696414155e-06 7.34969843534748e-05 1.05701134235434e-05
      0.284439377508 0.000754221497575444    6.38987569008e-05    1.33949814994e-06 7.05874871388699e-05 1.03595423064649e-05
      0.285860992375 0.000754257722875028      6.494233316e-05    1.35041260282e-06 7.22933305211439e-05 1.01542085996523e-05
      0.287282598533 0.000754294126799337    6.87165098896e-05    1.38989424516e-06 7.82175444846497e-05 9.95395655485138e-06
      0.288704195941 0.000754330709318132    8.12232012133e-05    1.51480237203e-06 8.77615682393269e-05  9.7586358067901e-06
      0.290125784554  0.00075436747040093     9.3648785489e-05    1.63073136377e-06 0.000100166854999941 9.56810116242413e-06
       0.29154736433 0.000754404410017183    0.000107047653035    1.74849730023e-06 0.000114562635701753  9.3822123974337e-06
      0.292968935224  0.00075444152813612     0.00012256341174    1.87777693509e-06  0.00013001696882768 9.20083406338316e-06
      0.294390497194  0.00075447882472691    0.000138079170631    2.00034514564e-06 0.000145588207651404 9.02383530175295e-06
      0.295812050196 0.000754516299758522    0.000155433353857    2.13087534622e-06 0.000160374168853833 8.85108966744801e-06
      0.297233594188 0.000754553953199839    0.000165460876335    2.20373760946e-06 0.000173556571543702 8.68247495882369e-06
      0.298655129125 0.000754591785019521      0.0001738932957    2.26370736647e-06 0.000184438708071324 8.51787305610757e-06
      0.300076654965 0.000754629795186164    0.000180411590758    2.30904939904e-06  0.00019247478179034 8.35716976545467e-06
      0.301498171663 0.000754667983668145    0.000187686883978    2.35891836857e-06 0.000197289870865102 8.20025467102933e-06
      0.302919679178 0.000754706350433803    0.000191366435835    2.38384582136e-06  0.00019869002272407 8.04702099191112e-06
      0.304341177465  0.00075474489545123    0.000186583829473    2.35135572333e-06 0.000196662520249616 7.89736544667773e-06
      0.305762666482 0.000754783618688456    0.000183396326396    2.32951604924e-06 0.000191366862881489 7.75118812207178e-06
      0.307184146184 0.000754822520113288    0.000174704365355    2.26914446822e-06 0.000183117449468582 7.60839234852578e-06
      0.308605616529 0.000754861599693474    0.000158712778939    2.15500343615e-06 0.000172359316784765 7.46888457964309e-06
      0.310027077473 0.000754900857396565    0.000150858922844    2.09720964845e-06 0.000159638564330827 7.33257427777388e-06
      0.311448528973 0.000754940293189998    0.000137354615976    1.99500095403e-06 0.000145569273576124 7.19937380352643e-06
      0.312869970987 0.000754979907041098    0.000124039558562    1.89009388801e-06 0.000130798805630208 7.06919831010899e-06
      0.314291403469 0.000755019698916936    0.000106128440779    1.74155770274e-06 0.000115973337081635 6.94196564243544e-06
      0.315712826378 0.000755059668784583    9.86801193309e-05    1.67677492977e-06 0.000101705376202306 6.81759623908187e-06
      0.317134239669 0.000755099816610855     7.9741647061e-05    1.50147501967e-06 8.85448030240985e-05 6.69601303980995e-06
        0.3185556433 0.000755140142362515    7.17526128118e-05    1.42219155011e-06  7.6954709545418e-05 6.57714139542296e-06
      0.319977037227 0.000755180646006125    6.45476124818e-05    1.34726278867e-06 6.72930002818514e-05 6.46090898226515e-06
      0.321398421408 0.000755221327508166    5.70398124351e-05    1.26512954057e-06 5.98003649846668e-05 6.34724571938637e-06
      0.322819795797 0.000755262186834865    5.26681478269e-05    1.21517049355e-06 5.45948760346365e-05 6.23608368980635e-06
      0.324241160354 0.000755303223952477    4.79179842606e-05    1.15867322932e-06 5.16731103989144e-05 6.12735706364238e-06
      0.325662515033 0.000755344438826949    4.93589844943e-05    1.17649940376e-06 5.09173690443822e-05 6.02100202596456e-06
      0.327083859792   0.0007553858314242    5.10703413521e-05    1.19729782668e-06 5.21082795339642e-05  5.9169567058092e-06
      0.328505194587 0.000755427401709951    5.67153852124e-05    1.26232773408e-06 5.49418339273965e-05 5.81516110916724e-06
      0.329926519376 0.000755469149649845     5.9035044068e-05    1.28799423635e-06 5.90497420663697e-05 5.71555705384496e-06
      0.331347834114 0.000755511075209293     6.4409731131e-05    1.34622797148e-06   6.402187574222e-05 5.61808810748611e-06
      0.332769138759 0.000755553178353658    6.92977763547e-05     1.3973002964e-06 6.94295433927087e-05 5.52269952722342e-06
      0.334190433268 0.000755595459048134    7.65379229051e-05    1.47023951145e-06 7.48483654783532e-05 5.42933820233173e-06
      0.335611717596 0.000755637917257713    8.02228820092e-05    1.50622275565e-06 7.98796123652407e-05 5.33795259886196e-06
      0.337032991701 0.000755680552947341    8.98286482313e-05    1.59692132194e-06 8.41690107360234e-05 5.24849270600257e-06
      0.338454255539 0.000755723366081763    8.81335130263e-05    1.58111398413e-06 8.74222107862608e-05   5.160909985113e-06
      0.339875509068 0.000755766356625645    9.03315112482e-05    1.60134984805e-06 8.94163229751862e-05 5.07515732011613e-06
      0.341296752243 0.000755809524543426    8.92311602079e-05    1.59109255935e-06 9.00071666327058e-05 4.99118897030374e-06
      0.342717985022 0.000755852869799495    8.83146517396e-05    1.58255719943e-06 8.91321108525078e-05 4.90896052425247e-06
      0.344139207361 0.000755896392358042    8.72088937071e-05    1.57221459285e-06  8.6808618170769e-05 4.82842885610572e-06
      0.345560419217 0.000755940092183149    8.42917471577e-05    1.54470666296e-06 8.31288126787224e-05 4.74955208301385e-06
      0.346981620546 0.000755983969238729    7.66433619771e-05    1.47057461086e-06 7.82505767605337e-05 4.67228952443224e-06
      0.348402811306  0.00075602802348862    7.01304740431e-05    1.40480501657e-06 7.23858271538832e-05 4.59660166264357e-06
      0.349823991453 0.000756072254896457    6.15439520178e-05    1.31331047928e-06 6.57867262932226e-05 4.52245010510424e-06
      0.351245160944 0.000756116663425771    5.93378431242e-05    1.28857300951e-06 5.87306458115697e-05 4.44979754779344e-06
      0.352666319735 0.000756161249039923    5.10216774284e-05     1.1925666955e-06 5.15047154232687e-05 4.37860774015559e-06
      0.354087467783 0.000756206011702166    4.56253617653e-05    1.12625809817e-06 4.43920851595611e-05 4.30883725448624e-06
      0.355508605045 0.000756250951375619    3.63710588783e-05    3.42187539157e-07 3.77320313064384e-05 4.24060907789702e-06
      0.358350847038 0.000756341361607899    2.58532902786e-05    2.96020126601e-07 2.63644402783109e-05 4.10804510497692e-06
      0.361193045367 0.000756432479438858     1.8074232879e-05    2.44188105224e-07  1.8613975658135e-05 3.98052810529777e-06
      0.364035199685 0.000756524304568397    1.54740042181e-05    2.25000193295e-07 1.50113403632809e-05 3.85795573918596e-06
      0.366877309647 0.000756616836694292    1.55533087239e-05     2.2557510284e-07 1.52326895816227e-05 3.74009949981632e-06
      0.369719374906  0.00075671007551207    1.86936494461e-05    2.48513715669e-07 1.82929051740753e-05 3.62674311576585e-06
      0.372561395116 0.000756804020715113    2.23963317644e-05    2.73759034849e-07 2.28115690521497e-05 3.51768180729491e-06
      0.375403369931 0.000756898671994623    2.62702398802e-05    2.98555228573e-07 2.73255391421951e-05 3.41272159329274e-06
      0.378245299003 0.000756994029039567    2.98107083418e-05     3.2009421522e-07 3.05819975915242e-05  3.3116786449593e-06
      0.381087181988 0.000757090091536874    3.02811286573e-05    3.22894737888e-07 3.17570617489607e-05 3.21437868243641e-06
      0.383929018538  0.00075718685917118    2.85496455627e-05    3.12550830302e-07 3.05657096811442e-05 3.12065641198105e-06
      0.386770808308 0.000757284331625062    2.48340465848e-05    2.89461797896e-07 2.72537871259844e-05 3.03035499972274e-06
      0.389612550951 0.000757382508578872    2.00370214344e-05    2.57705158869e-07 2.24868788697225e-05 2.94332558023878e-06
      0.392454246121 0.000757481389710848    1.47353306264e-05     2.1894775463e-07 1.71692928157657e-05 2.85942679678928e-06
      0.395295893471 0.000757580974697049    1.05511131117e-05     1.8407527221e-07  1.2236352705441e-05   2.778524371351e-06
      0.398137492656 0.000757681263211459    7.37322233097e-06    1.53340257257e-07 8.46363496403725e-06 2.70049070202705e-06
      0.400979043329 0.000757782254925858    5.56453728457e-06      1.333358335e-07 6.32867431155822e-06 2.62520448624092e-06
      0.403820545144 0.000757883949509927    5.38399916947e-06    1.31241102565e-07 5.94651255773688e-06 2.55255036751806e-06
      0.406661997754 0.000757986346631184    6.42306928692e-06    1.43270020171e-07 7.08368901367108e-06 2.48241860453566e-06
      0.409503400814 0.000758089445955095    8.59463276767e-06     1.6584756811e-07 9.23942624699908e-06 2.41470476064247e-06
      0.412344753977 0.000758193247144936    1.09163943576e-05    1.87369441351e-07 1.17708431507321e-05 2.34930941273489e-06
      0.415186056898 0.000758297749861942    1.32711995005e-05    2.07216789474e-07 1.40329291588038e-05 2.28613787781434e-06
      0.418027309229 0.000758402953765126    1.37905844101e-05    2.11368888581e-07 1.55042939908785e-05 2.22509995641428e-06
      0.420868510625 0.000758508858511508    1.46253851788e-05    2.17928950742e-07 1.58756146772493e-05 2.16610969132347e-06
      0.423709660739 0.000758615463755933     1.3823027141e-05    2.11570431947e-07 1.50874686462307e-05 2.10908514105253e-06
      0.426550759225 0.000758722769151189    1.16358430226e-05    1.93460438276e-07 1.33155443385944e-05 2.05394816666672e-06
      0.429391805738 0.000758830774348009    9.53727589649e-06    1.74690595337e-07 1.09116922079863e-05 2.00062423133226e-06
      0.432232799931 0.000758939478994966    7.54384738404e-06    1.55122138949e-07 8.31697345118588e-06  1.9490422117317e-06
      0.435073741457 0.000759048882738548    5.85682287368e-06    1.36689721569e-07 5.96658676990206e-06 1.89913422042997e-06
      0.437914629971 0.000759158985223246    4.26892905464e-06    1.17009979717e-07 4.20601028361554e-06 1.85083543858261e-06
      0.440755465126 0.000759269786091401    3.37194624833e-06    1.04397220737e-07 3.23345107336259e-06 1.80408395841224e-06
      0.443596246576 0.000759381284983325    3.35902895131e-06    1.04352610186e-07 3.07697125966231e-06 1.75882063461903e-06
      0.446436973976 0.000759493481537307     4.0430307431e-06    1.14208266352e-07  3.6070301085796e-06 1.71498894431954e-06
      0.449277646979 0.000759606375389501    4.96734954904e-06    1.26348211143e-07 4.57822689491185e-06 1.67253485497336e-06
      0.452118265238 0.000759719966174008    6.12597744792e-06    1.40176563555e-07 5.68902875239195e-06 1.63140669967597e-06
      0.454958828409    0.000759834253523    7.16144307884e-06    1.51583538068e-07 6.64598293406055e-06 1.59155505942415e-06
      0.457799336144 0.000759949237066446    7.40614585273e-06    1.53745276386e-07  7.2194945578844e-06 1.55293265207333e-06
      0.460639788097 0.000760064916432359    7.72294354605e-06     1.5670322612e-07 7.29398711307552e-06 1.51546615955947e-06
      0.462059993048 0.000760123016931973    7.33004039126e-06    7.63907377837e-08 7.13618581747549e-06 1.49715383025487e-06
      0.463480183923 0.000760181291246758    6.95362897559e-06    1.48638568126e-07 6.83977068016406e-06 1.47913869438269e-06
       0.46490036068 0.000760239739329693    6.56572744873e-06    7.24209400268e-08 6.42638685191336e-06 1.46143474666651e-06
      0.467740671666 0.000760357156611068    5.50875376289e-06    6.67289432253e-08 5.36282703028552e-06 1.42679831896189e-06
      0.470580925659 0.000760475268396975    4.36940416324e-06    5.93689957689e-08 4.14603232826909e-06 1.39317455527056e-06
      0.473421122313  0.00076059407430632    3.33963138881e-06    5.11571159108e-08  2.9697024710682e-06  1.3605537539989e-06
      0.476261261282 0.000760713573955994     2.3003958019e-06    4.19480321241e-08 2.01123785307429e-06 1.32890020399136e-06
       0.47910134222 0.000760833766960888    1.76975367815e-06    3.70106095646e-08  1.3892764719961e-06 1.29817966955297e-06
      0.481941364781  0.00076095465293389    1.52433761324e-06    3.45107113026e-08 1.14716175063257e-06 1.26835932115545e-06
      0.484781328619 0.000761076231485893    1.52156645944e-06      3.445308231e-08 1.25274174085354e-06 1.23940766978549e-06
      0.487621233388 0.000761198502225802    1.90608093976e-06    3.82457919777e-08 1.61275897431879e-06 1.21129450472182e-06
      0.490461078742 0.000761321464760537    2.28924359661e-06    4.17309444681e-08  2.0974579138967e-06 1.18399083454575e-06
      0.493300864334 0.000761445118694994    2.72343607683e-06    4.54472834575e-08 2.56953812591538e-06 1.15746883120552e-06
       0.49614058982 0.000761569463632227    3.00690483561e-06    4.77504383517e-08 2.91138265544523e-06 1.13170177690805e-06
      0.498980254852 0.000761694499173145    3.08152322729e-06    4.83505581676e-08 3.04548903599792e-06 1.10666401382126e-06
      0.501819859085 0.000761820224916826    2.98243759597e-06    4.75792013657e-08  2.9449007015129e-06 1.08233089620396e-06
      0.504659402172 0.000761946640460301    2.63732758015e-06    4.47817352257e-08 2.63272155915124e-06 1.05867874505865e-06
      0.507498883769 0.000762073745398781    2.33256822742e-06    4.21767103569e-08 2.17200835589591e-06 1.03568480497486e-06
      0.510338303528 0.000762201539325351    1.87370567274e-06    3.79812074135e-08 1.64905413765714e-06  1.0133272032245e-06
      0.513177661104 0.000762330021831287    1.31075586714e-06    3.22145204263e-08 1.15402308423711e-06 9.91584910776375e-07
      0.516016956151 0.000762459192505884    9.47193972946e-07    2.79442425816e-08 7.62973788302878e-07 9.70437705321638e-07
      0.518856188322  0.00076258905093646    6.66090807339e-07    2.41802844092e-08  5.2459532930288e-07 9.49866136082103e-07
      0.521695357273 0.000762719596708542    5.63896016818e-07    2.26877693349e-08 4.53702985902211e-07 9.29851490309984e-07
      0.524534462657   0.0007628508294056    6.00934837874e-07     2.3263142586e-08 5.32007488138181e-07 9.10375761484883e-07
      0.527373504128 0.000762982748609235    7.75855488145e-07    2.57580899971e-08 7.15208160466029e-07 8.91421618976254e-07
       0.53021248134 0.000763115353899136    9.69025219988e-07    2.82740297598e-08 9.44341805294292e-07 8.72972379198696e-07
      0.533051393947 0.000763248644853088    1.18449938088e-06    3.08570097322e-08 1.15872415967186e-06 8.55011978138518e-07
      0.535890241603 0.000763382621046977    1.33779156815e-06    3.25538565485e-08 1.30780660117269e-06 8.37524945186137e-07
      0.538729023963 0.000763517282054844    1.40592143244e-06    3.32730164271e-08 1.35977602252925e-06 8.20496378199975e-07
       0.54156774068 0.000763652627448744    1.38821308235e-06     3.3063913126e-08 1.30559521925608e-06 8.03911919767172e-07
      0.544406391409 0.000763788656798946    1.26303799839e-06    3.16685900395e-08 1.15819992737392e-06 7.87757775163061e-07
      0.547244975804 0.000763925369673796    1.09730941219e-06    2.97383137427e-08 9.47581884151404e-07 7.72020527116642e-07
      0.550083493519 0.000764062765639766    8.36550742436e-07    2.64141261474e-08 7.13057012404198e-07 7.56687362452239e-07
      0.552921944207 0.000764200844261414    6.00799965202e-07    2.30261109996e-08  4.9466759751027e-07 7.41745886431585e-07
      0.555760327524 0.000764339605101584    4.48859617087e-07    2.05374605356e-08 3.25358648487373e-07 7.27184145800018e-07
      0.558598643123 0.000764479047721119    3.04353988652e-07    1.78633869156e-08 2.25398715190325e-07 7.12990610929092e-07
      0.561436890658 0.000764619171679061    2.90295283361e-07    1.74916661834e-08 1.99863147999585e-07 6.99154158719216e-07
      0.564275069784 0.000764759976532658    2.99532410247e-07    1.74217544334e-08 2.39324146113174e-07 6.85664056021605e-07
      0.567113180155 0.000764901461837272    3.73655166183e-07    1.86391324795e-08 3.23158802394093e-07 6.72501859049646e-07
      0.568532209449 0.000764972459519247    3.96748152114e-07    1.14101884116e-08 3.73518764371968e-07 6.66039847796854e-07
      0.569951221425 0.000765043627146432    5.03831732746e-07     2.1038754479e-08 4.25625715376822e-07 6.59666147564117e-07
      0.571370216039 0.000765114964662695    5.16515898049e-07    1.31120056416e-08 4.74702901964443e-07 6.53379018512635e-07
      0.574208153009 0.000765258149137558    6.14204770335e-07     1.4563618031e-08 5.54821061347424e-07 6.41029862874006e-07
      0.577046020013 0.000765402012492811    6.34616924913e-07    1.47336263594e-08 5.96983623899171e-07 6.28975220005326e-07
      0.579883816706 0.000765546554275664    6.82289846236e-07     1.4562334057e-08 5.92739375124757e-07 6.17214208509002e-07
      0.582721542742 0.000765691774031474    6.48404986816e-07    1.38057232833e-08 5.43949943791335e-07 6.05738282608032e-07
      0.585559197776 0.000765837671303845    5.65675829655e-07    1.30794393363e-08 4.61046353210926e-07 5.94539184675922e-07
       0.58839678146 0.000765984245634433    4.82270816387e-07    1.23113911415e-08 3.60048976553381e-07 5.83608934925702e-07
       0.59123429345 0.000766131496563311    3.16857702486e-07    1.06295949372e-08 2.58850775023915e-07 5.72939820746862e-07
        0.5940717334 0.000766279423628667    2.25116768137e-07    9.59792243767e-09 1.73561805631022e-07 5.62524386549637e-07
      0.596909100964 0.000766428026366908    1.37431216802e-07    8.50934390677e-09 1.15610860596286e-07 5.52355424011544e-07
      0.599746395797 0.000766577304312726    1.08841053916e-07     8.1016028522e-09 9.00754757856575e-08 5.42425962743005e-07
      0.602583617553 0.000766727256998991    9.94011245606e-08    7.95275685542e-09 9.54216491571129e-08  5.3272926135718e-07
      0.605420765885 0.000766877883956763    1.29388165557e-07     8.3581730099e-09 1.24542755453887e-07   5.232587989092e-07
      0.608257840449 0.000767029184715505    1.81454301914e-07    9.03174443773e-09 1.66749817345713e-07 5.14008266680013e-07
      0.611094840898 0.000767181158802772     2.2563502234e-07    9.56732890322e-09 2.10222022991302e-07 5.04971560335996e-07
      0.613931766887 0.000767333805744485     2.7619170307e-07    1.01567882288e-08 2.44394036668981e-07 4.96142772378018e-07
      0.616768618071 0.000767487125064829     3.2472070179e-07    1.06949231838e-08  2.6182877279004e-07 4.87516184925078e-07
      0.619605394103  0.00076764111628615    3.32921515422e-07     1.0779393238e-08 2.59275027216424e-07 4.79086262793506e-07
      0.622442094638 0.000767795778929176    3.05975976689e-07     1.0477847526e-08 2.37800622602313e-07 4.70847646842028e-07
      0.625278719331  0.00076795111251292     2.6348493123e-07    9.98892229128e-09 2.02082023535443e-07 4.62795147605655e-07
      0.628115267835 0.000768107116554571    2.12184839377e-07    9.35748801507e-09 1.59084171541027e-07 4.54923739187227e-07
      0.630951739805 0.000768263790569721    1.46240411396e-07    8.48870381965e-09 1.16454479359077e-07 4.47228553378784e-07
      0.633788134896 0.000768421134072263    8.48018986907e-08    7.59584624225e-09 8.09723746744996e-08 4.39704874036344e-07
      0.636624452761 0.000768579146574283    5.89602977322e-08    7.17618953155e-09 5.73455505172588e-08 4.32348131678581e-07
      0.639460693056 0.000768737827586346    3.35692644325e-08    6.73935878029e-09 4.75436776869913e-08 4.25153898283346e-07
      0.642296855434 0.000768897176617167     3.7827402912e-08    6.79982031176e-09 5.07349138921749e-08 4.18117882317808e-07
      0.645132939551 0.000769057193173952    5.65045424898e-08    7.09397773598e-09 6.37671531525847e-08 4.11235923935711e-07
       0.64796894506 0.000769217876762069    9.47825158776e-08    7.67346474632e-09 8.20381094597407e-08 4.04503990391889e-07
      0.650804871616 0.000769379226885334    1.24949782586e-07    8.10084604169e-09 1.00541870314991e-07  3.9791817161039e-07
      0.653640718873 0.000769541243045847    1.40923321492e-07    8.31477265187e-09 1.14870516297732e-07 3.91474675943758e-07
      0.656476486486 0.000769703924744114    1.57369918732e-07    8.56957825678e-09 1.21983972196517e-07 3.85169826085844e-07
       0.65931217411 0.000769867271478994    1.41599078489e-07     8.3876430497e-09 1.20627671395939e-07 3.79000055148841e-07
      0.662147781398 0.000770031282747591    1.31010115692e-07    8.27410636894e-09 1.11359364750059e-07 3.72961902893205e-07
      0.664983308006  0.00077019595804555    1.01045649167e-07    7.88353408834e-09 9.62259627924373e-08 3.67052012087702e-07
      0.667818753587 0.000770361296866712    7.78401400091e-08    7.57636172933e-09 7.81936261890616e-08 3.61267125030512e-07
      0.670654117797 0.000770527298703471    3.96073343379e-08    6.93479221894e-09 6.04694636276236e-08 3.55604080178325e-07
      0.673489400289 0.000770693963046431    3.31413625877e-08    6.78192533992e-09 4.58576157866886e-08 3.50059808926999e-07
      0.676324600719 0.000770861289384764    1.58610770313e-08    6.43878243691e-09 3.62689859413965e-08 3.44631332489612e-07
      0.679159718741 0.000771029277205917    7.14202603738e-09    6.23383074878e-09 3.24602559773726e-08 3.39315758912858e-07
      0.681994754009 0.000771197925995745    1.98261427518e-08    6.41050236452e-09 3.40248709179189e-08 3.34110280191941e-07
      0.684829706179 0.000771367235238627    2.45799124026e-08    6.49313406525e-09 3.96076719801585e-08 3.29012169492335e-07
      0.687664574903 0.000771537204417121     6.1100569208e-08    7.10094890499e-09 4.72753728533513e-08 3.24018778489057e-07
      0.690499359838 0.000771707833012503    5.23365129261e-08    6.95901610065e-09  5.4953316237959e-08 3.19127534777643e-07
      0.693334060638 0.000771879120504299    7.03828081068e-08    7.24679300897e-09 6.08369757684158e-08 3.14335939409712e-07
      0.696168676957  0.00077205106637047    8.07690020056e-08    7.40740160891e-09 6.37024905187516e-08 3.09641564499749e-07
       0.69900320845 0.000772223670087474    6.23622621058e-08    7.10715033104e-09 6.30689609545942e-08 3.05042050922683e-07
      0.701837654772 0.000772396931130218     7.5046503223e-08    7.29503985223e-09 5.91993188696222e-08 3.00535106098171e-07
      0.704672015577    0.000772570848972    4.74025519724e-08    6.83875907816e-09 5.29590870291322e-08 2.96118501854961e-07
       0.70750629052 0.000772745423084639     3.4853489164e-08    6.61456216788e-09 4.55772191986851e-08 2.91790072367201e-07
      0.710340479255 0.000772920652938355    2.36561930562e-08     6.4067178214e-09 3.83666065334453e-08 2.87547712171636e-07
      0.713174581437 0.000773096538001904    1.59510441295e-08    6.26458385891e-09 3.24625718239601e-08 2.83389374248369e-07
      0.716008596721 0.000773273077742517    7.34470136918e-09    6.10265407977e-09 2.86271437843265e-08 2.79313068175518e-07
      0.718842524762 0.000773450271625913    1.38332572009e-08    6.21652528766e-09 2.71484983561884e-08 2.75316858347354e-07
      0.721676365214 0.000773628119116234    1.04087360859e-08    6.14911688651e-09 2.78431622170257e-08 2.71398862256291e-07
      0.724510117732 0.000773806619676184    2.00514398285e-08    6.31879816504e-09 3.01479876384723e-08  2.6755724883172e-07
      0.727343781971  0.00077398577276697    3.40423331138e-08    6.58678171138e-09 3.32733276887264e-08 2.63790236840756e-07
      0.730177357584 0.000774165577848181    2.93335965146e-08    6.52819546093e-09 3.63806407990472e-08 2.60096093346337e-07
      0.733010844228 0.000774346034378173    2.68778582712e-08    6.50838982013e-09 3.87476006914953e-08 2.56473132207985e-07
      0.735844241557 0.000774527141813637    3.38846249472e-08    6.65137834673e-09 3.98907219987542e-08 2.52919712651956e-07
      0.738677549226 0.000774708899609854     3.8638448658e-08    6.75383228908e-09 3.96273322037678e-08 2.49434237875939e-07
      0.741510766889 0.000774891307220575    1.46217716244e-08    6.34284934836e-09  3.8072558871949e-08 2.46015153709566e-07
      0.744343894201 0.000775074364098156    1.20083211903e-08    6.29981501334e-09 3.55799568334183e-08 2.42660947315616e-07
      0.747176930817   0.0007752580696935    4.21304231919e-09    6.16241747062e-09 3.26441001343232e-08 2.39370145939625e-07
      0.750009876391 0.000775442423455999    4.07786840075e-09    6.16365236494e-09 2.97884538890082e-08 2.36141315701172e-07
       0.75284273058   0.0007756274248338   -1.31798789884e-08    5.84382689389e-09 2.74617510231207e-08 2.32973060421145e-07
      0.755675493036  0.00077581307327329    7.36729085941e-09    6.19520173827e-09 2.59615780312872e-08 2.29864020501326e-07
      0.758508163416 0.000775999368219756    8.78773418006e-10    6.04328574549e-09 2.53963404248992e-08 2.26812871821914e-07
      0.761340741374 0.000776186309116865    9.23832976026e-10     6.0112841458e-09 2.56880514015438e-08 2.23818324695859e-07
      0.764173226565 0.000776373895406938    1.96685115342e-08    6.32207991586e-09 2.66102863321677e-08 2.20879122844621e-07
      0.767005618644 0.000776562126530887    1.20533936047e-08    6.15266762486e-09 2.78496431554179e-08 2.17994042413574e-07
      0.769837917265 0.000776751001928153    1.68965318033e-09    5.99148147016e-09 2.90760297075684e-08 2.15161891019887e-07
      0.772670122084 0.000776940521036917    2.24169466542e-08     6.3995654489e-09 3.00072656376805e-08 2.12381506827786e-07
      0.775502232756 0.000777130683293904    1.85868962124e-08     6.3616119465e-09 3.04564051937653e-08 2.09651757659951e-07
      0.778334248935 0.000777321488134389    6.19559444003e-09    6.16892037166e-09 3.03549517694457e-08  2.0697154013543e-07
      0.781166170276 0.000777512934992337    5.51977837979e-09    6.18750484984e-09 2.97506005702682e-08 2.04339778833176e-07
      0.783997996435 0.000777705023300411   -4.48332639252e-09    5.96685163076e-09 2.87831779022498e-08 2.01755425485204e-07
      0.786829727065 0.000777897752489707    -3.2216198924e-09    5.95484804215e-09 2.76462989727883e-08  1.9921782087664e-07
      0.789661361823 0.000778091121990235    9.07960065057e-09    6.14867829379e-09 2.67655291507944e-08 1.97266487481129e-07
